0,100,34ed66396978db691a69f90f07f2c5937fa6183dfa4882d0a4936db40034df54,0.000
1,100,346d66396978db691a69f90f0ff2c1937fa6183dfa4882d0a4b36db40034df54,0.033
2,100,366d66396978db691b69f90f0ff2c09377a6183dfa4886d0a4b36db40034dd54,0.067
3,100,376d66396978db691b69f90f0ff2c0937786183dfa4886d0a4b36db40034dd54,0.100
4,100,356d66396979db691b69f90f0ff2c0937786183dfa4886d0a4b36db40034dd54,0.133
5,100,356d66396979db691b69f90f0ff2c0937f86183dfa4886d0a4b36da40034dd54,0.167
6,100,a5ed66396979db691b69e90f0ff2c0937f86183dfa4886d0a4b36da40034dd54,0.200
7,100,276d66396979db691b69f90f0ff2c4937786183dfa4886d0a4b36da40034dd54,0.233
8,100,276d66396979db691b69f90f0ff2c4937786183dfa4886d0a4b36da40034dd54,0.267
9,100,276d66396979db691b69f90f0ff2c4937786183dfa4886d0a4b36da40034dd54,0.300
10,100,276d66396979db691b69f90f0ff2c4937786183dfa4886d0a4b36da40034dd54,0.333
11,100,276d66396979db691b69f90f0ff2c4937786183dfa4886d0a4b36da40034dd54,0.367
12,100,276d66396979db691b69f90f0ff2c4937786183dfa4882d0a4b36db40034dd54,0.400
13,100,a76d66396979db691b69f90b0ff2c4937786183dfa4886d0a4b36da40034dd54,0.433
14,100,a76d66a96979db691b69f90b0ff2c4937786183dfa4886d0a4b36da40034dd54,0.467
15,100,a76d66b96979d3691b69f90b0ff2c4937786183dfa4886d0a4b36da40034dd54,0.500
16,100,e56d66b96979d3691b69690b0ff2c4937786183dfa4986d0a4b36da40034fd54,0.533
17,100,e5ed66b94b79d3691969690f0ff2c4937786183dfa4886d0a4b36da40034fd54,0.567
18,100,e5ed66b94b79d3691969690f0ff2c492f786183dfa4886d0a4b36da40034fd54,0.600
19,100,65ed66b94b79d3693969690f0ff2c492f786183dfa4886d0a4b36da40034fd54,0.633
20,100,65ed66b94b79d3693969690f0ff2c496f786183dfa4986d024b36da40034fc54,0.667
21,100,64ed66b94b79d3693969690f0ff2c497f786183dfa4986d024b36da40034fc54,0.700
22,100,64e966b94b59d3693969690f0ff2c597ffa6183dfa4886d024b36da40034fc54,0.733
23,100,64e966b94b59d3693969690f0ff2c597ffa6183dfa4886d024b36da40034fc54,0.767
24,100,64e966b94b59d3693969690f0ff2c5937fa6183dfa4886d0a4b36da40034fd54,0.800
25,100,64e966b94b59d3693969690f0ff2c5937fa6183dfa4886d0a4b36da40034fd54,0.833
26,100,e4a966b94b59d3693969690f0ff2c1977fa6183dfac886d024b36da40034fd54,0.867
27,100,e4a966b94b59d3693969690f0ff2c1877fa6183dfac886d0a4b36da40034fd54,0.900
28,100,e4a966f94b59d3693969690f07f2c1877fa6183dfac886d0a4b36da40034fd54,0.933
29,100,e4a966f94b59d3693969790f07f2e1037fa6183dfac886d0a4b36da40034fd54,0.967
30,100,e42966f94b59db69196b790f07f2e1837fa6183dfec882d0a4b36da40034dd54,1.000
31,100,e42966f94b59db69196b790f07f2e1037fa6183dfec882d0a4b36da40034df54,1.033
32,100,e62966f94b59db691969790f07f2e1037fa6183dfec882d0a4b36da40034df54,1.067
33,100,e62966f94b59db69196b790f07f2e1036fa6183dfec882d0a4b36da40034df54,1.100
34,100,e62966f94b59db69196b390f07f2e1036fa6183dfec882d0a4b36db40034df54,1.133
35,100,e42966f94b59db69196b790f07f2e1037fa6183dfec882d0a4b36da40034df54,1.167
36,100,e42966f94b59d369396b690f07f2e1037fa6183dfec886d0a4b36da40034fd54,1.200
37,100,e42966f94b59d3693969690f07f2e1077fa6183dfec886d0a4b36da40034fd54,1.233
38,100,e42966f94b59d3693969690f07f2e1077fa6183dfec886d0a4b36da40034fd54,1.267
39,100,e42966b94b59d369396b690f0ff2c1077fa6183dfec886d0a4b36da40034fd54,1.300
40,100,e42964b9cb59d369396b690f0ff2c1077fe6183dfec886d024b36da40034fd54,1.333
41,100,e46964b9cb59d369396b690f0ff2c106ffe6183dfec886d024b36da40034fc54,1.367
42,100,e46964b9cb59d369396b690f0ff2c106ffe6183dfec886d024b36da40034fc54,1.400
43,100,e46964f94b59d369396b690f1ff2c106ffa6183dfac886d02cb36da40034fc54,1.433
44,100,e4696cf94b59d369396b690f1ff2c106ffa6183dfac886d02cb369a40034fc54,1.467
45,100,e4696cf94b59d369396b690f1ff2c106ffa6183dfac886d02cb369a40034fc54,1.500
46,100,e4696cf94b59d369396b690f1ff2c106ffa6183dfac886d02cb369a40034fc54,1.533
47,100,e4696cf94b59d369396b690f1ff2c106ffa6183dfac886d02cb369a40034fc54,1.567
48,100,e4696cf94b59d369396b690f1ff2c106ffa6183dfac886d02cb369a40034fc54,1.600
49,100,e4696cf94b59d369396b690f1ff2c106ffa6183dfac886d02cb369a40034fc54,1.633
50,100,e4696cb9cb59d369396b690f1ff2c106ffa6183dfac886d02cb369a40034fc54,1.667
51,100,e4696cb9cb59d369396b690f1ff2c106ffa6183dfac886d02cb369a40034fc54,1.700
52,100,e4696cb9cb59d369396b690f0ff2c106ffe6103dfec886d02cb369a40034fc54,1.733
53,100,e46964b9cb59d369396b690f0ff2c106ffe6183dfec886d02cb369a40034fc54,1.767
54,100,e46964b9cb59d369296b690f0ff2c106ffe6183dfec886d02cb36da40034fc54,1.800
55,100,e46964b9cb59d369296b690f0ff2c106ffe6183dfec886d02cb36da40034fc54,1.833
56,100,e46964b9cb59d369296b690f0ff2c106ffe6183dfec886d02cb36da40034fc54,1.867
57,100,e46966b9cb59d369296b690f0ff2c106ffe6183dfec886d02cb369a40034fc54,1.900
58,100,e46966b9cb59d369296b690f0ff2c106f7e6183dfec886d02cb36da40034fc54,1.933
59,100,e66966b9cb49d369296b690f0ff2e10677e6183dfec886d024b36da40034fd54,1.967
60,100,e46966b9cb59d369296b690f0ff2e1067fa6183dfec886d024b36da40034fd54,2.000
61,100,e62966b9cb49d369296b690f0ff2e1067fa6183dfec886d0a4b36da40034fd54,2.033
62,100,e62966b9cb49d369296b690f07f2f1067fa6183dfec886d0a4b36da40034fd54,2.067
63,100,e62962b9cb49d369296b690f07f2f1076fa6183dfec886d0a4b36db40034fd54,2.100
64,100,e6296279cb49d369296b690f07f2f1077fa4183dfec886d4a4b36db40034dd54,2.133
65,100,e6294279cb499b69296b690f07f2f1876fa4183dffc886d4a4b36db40034dd54,2.167
66,100,e6296279cb499b69296b690f07f2f1076fa4183dffc886d4a4b36db40034dd54,2.200
67,100,e6296279c949db69296b690f07f2f1076fa4183dffc886d4a4b36db40034dd54,2.233
68,100,e6296279c949db69396b290f07f2f10767a4183dffc886d4a4b36db40034df54,2.267
69,100,e6296279c949db69296b690f07f2f10767a4183dffc886d4a4b36db40034df54,2.300
70,100,e62d6279c949db69296b690f07f2f10667a6183dffc886d0a4b36db40034df54,2.333
71,100,e62d6279c949db69296b690f07f2f10667a6183dffc886d0a4b36db40034df54,2.367
72,100,e6296279c949db69296b690f07f2f10767a4183dffc886d4a4b36db40034df54,2.400
73,100,e6292279c949db69296b690f07f2f1877fa4183dffc886d0a4b36db40034dd54,2.433
74,100,e62d2279c949db69296b690f07f2f1077fa4183dffc886d0a4b36db40034dd54,2.467
75,100,e62d2679c949db69296b690f0ff2f1067fa4183dfec886d0a4b36db40034dd54,2.500
76,100,e62926f9cb49d369296b690f0ff2f1077fa4183dffc886d024b36db400349d54,2.533
77,100,e6e926f9cb59d369296b690f0ff2e1077fa4183dfec886d024b36da40034bc54,2.567
78,100,e6696ef9c959d369296be90f0ff2c106ffa4183dfec886d064b369a40034bc54,2.600
79,100,e4a96ef9c949d369296be10f1ff2c106ffa4103dfed887d06cb369a40434b454,2.633
80,100,64b96cf98959b769696b610f1ff2c106ffa4103df6d987906ca369e43034b454,2.667
81,100,4ce96cf98959b76b396b610f3ff2c106df84303df2d987904ca349e47924b454,2.700
82,100,4ce96cf98b59b56b7b6b410f3ff68106d78c30b972d9079048a34be4f924b454,2.733
83,100,4cf96cf90b59b56b696b410f3ff68306d78c30f972d90f9048a34be4f124b454,2.767
84,100,4cb96cf90b59b56b696b410f3ff68306d78c70f972d90f9048a3cbe4e124b454,2.800
85,100,4cb96cf90b59b56b6a6b490f3ff68306d78c70f972d10f9048a3cbe4e124b454,2.833
86,100,4cb96cf90b59b56b726b0b0e3df6c706d78c70f972d10f9048a3cbe4e124b454,2.867
87,100,4cb968b90b59b56bf26b0b4e3df6c706d78c70f952d11f9048a3cbe0e164b454,2.900
88,100,4cb968b90b59256bf26b0f4e3df6c706d78c70f952d11f9048a3cbe1e164b454,2.933
89,100,4cb949f10b59256bf26b0a5f3df68716978c70f95ad11d9048a3dbe1e164b454,2.967
90,100,4ce949b10b39256be26b0a5f7df68616968ef0f95ad91d9049a3dbe1e1652454,3.000
91,100,49e949b12b392d6be36b0e5f75f68606960ef0f952d13d9049a3dbe1c1656454,3.033
92,100,58a949b12f392d6be16b2e5e65f68706960ef0f95ad13d1049a3dbe1c165645c,3.067
93,100,d8a949b12f392d6aa06b2e5fe5f68616960ef0f95ed13c1249a39be1c165645c,3.100
94,100,d9e949b12f39696a856b3e5fe5f68606b60ee0f91e913c1249239be1c165645c,3.133
95,100,d9e149b12b31696a856b3a1de5d69616b60ec0f936917c16d9279be9c165645c,3.167
96,100,d1e149b16931696a856b789dc3d69606b61ec3e936917c16d9279be98165655c,3.200
97,100,c1e1c9b169316168056b68bdcbd69606b61ec3e976917c16d9279fe98165655c,3.233
98,100,c1e1d9317839216c2d6b68bdcbd6b606309e03e976917c16db279fa18365655c,3.267
99,100,c1f119317939036c2d6a60bdcbd6b416f09603e97e917816db279fa1836d655c,3.300
100,100,c1e19931793103642d6ae0f9dbdeb456e09613c97691f8169b379fa1826d655c,3.333
101,100,02d19b2979310b652d6ae0f9fa9eb456e0b617c97e99d8169b369fa1124d255c,3.367
102,100,07d1bb61f9310f652d68e8f9fa8eb45600b617c97c91d816db369fa1024d655c,3.400
103,100,07d1f969c9310f252d4ee9f9f69ea45600b636c95c91d834db369fa1260d655c,3.433
104,100,1fd1f079c9312f256d4cc1f9f69ea4d605b676c15891d034bb763ea1260d455c,3.467
105,100,3fd1f06993212f256d4ec1f8b6bf24d617f67691d8919034b2663ea12e0d455c,3.500
106,100,bed1f06913292f2d4d5ec978a49f04d61fd27691d8b1923496663fa16e0d455c,3.533
107,100,fad1c1691b29692d4d5e8179a49f44d63fd35699dab1923496663ea16c0d455c,3.567
108,100,faf101693f29692ccdde8179a49f56d63fd35491d2a1923496763e216c0d455c,3.600
109,100,ea7101793f69692ccd5ea17924af77963f135499d2a19a3496763e216c8d055c,3.633
110,100,ea710178372c6b2ccd5ea17924afb7963f035c99daa19a3497763e216c8d055c,3.667
111,100,e2f10178372c6baccd5ea159248fb7d62ec35c99daa19a3497763e216c8d055c,3.700
112,100,c2f10378372c69accd5ea159248fb7d62ec35c99daa19a349776be216c8d055c,3.733
113,100,c0f10b783f2c68acc9dea15b648fb7d22e434c99dab1da349776b6216c8d055c,3.767
114,100,c0f00b783f2c68acc9cea15b708fb7d22e434499ccb1da349776f6216e8dc55c,3.800
115,100,c0700b783f2e6aace9cea15b3a8f97d227434499c4b1da349776f621668dc55c,3.833
116,100,e03e0b1c3f2e6aace9cea14b1acf97c22743449964b1cbb4df367221668dc55c,3.867
117,100,e0360b1d1f2e6eac69cea14b1acb97c2a743249964b14bb4df367a23628de55c,3.900
118,100,e03e0b1c1f2eeeac68cea14b5acb97c28743249964b14bb45b367ba3628de55c,3.933
119,100,643e0b9e1f0ebe2668ce254b4acb93c38753b4b964b148b41d323ba3728df55c,3.967
120,100,643c0b9e5f0ebe2668ce254a4a49d3e39743b4a9b4b168b41db21ba32a8df55e,4.000
121,100,70388d9e5b0fb526e886254a68695be3d35392e9b4b928b41db21ba32aa5f55e,4.033
122,100,52b9859e4b8bf566eac6254a28694be3c373d2e9b4b9a4b40d920f830aa5f55e,4.067
123,100,72b9059e0b8b572eaac6b446a46b4beb4173d269f4b9a4b48d920f930aa5f556,4.100
124,100,b23946b80b8b572eeec6ba06a46a69ad6963da61f2b9c6b485928f930aa57556,4.133
125,100,b93956b9a99b5b2b6d46da87a46220ed6d637a617239e6d4859285930aa57556,4.167
126,100,a93dd6a9299e4b8b6d46da97b44225ed6da378717239c2d4c59285930aa57556,4.200
127,100,a93cd7a989ce6b8b7d6eda97944224ec3da339717239c2d4c79285930aa16556,4.233
128,100,a97ac3b9958f2b8b6d6e4a96944226ec3da339737239d2dcc792871302a96556,4.267
129,100,e15ac33995892b8f6d6b6a169256b6d09da339337239f2dcc79287520a89b556,4.300
130,100,c07acb7995892b8d6d4bca1f92d6b6d29ca33933f239d2fcc29087520a89b556,4.333
131,100,d072ca789589af8d6d4bc90f12b6bed69ca3b923f079d2f982900f52aa89b554,4.367
132,100,40b34a789749a59c6d8b490f52b6bed69ca3f123f279d0f98ab11f520a89f554,4.400
133,100,64a74a70db49b51c658f490f52b79ed6bcc6f127e271d0f91ab91d520a89e154,4.433
134,100,64a74e70da49251865af490b5ba5ded6bcd6f127e271d1e91ab91d522a0be154,4.467
135,100,64874e70da59251865af490b5b2dd6d6fcd6f127e2f1d1e91ab91d52280be154,4.500
136,100,24cf4ef1da78371825ad490f4b2dd6d6fcd6d1a7a27111e99eb95d52280b8154,4.533
137,100,24cb46b3ca789f0825bc0d0f6929d6d6fcd6d1a7a27113e99eb9fd52380b8154,4.567
138,100,accb66834a709b49353c2d0f6929c6d6fcd6d1a7827103e99eb9fd52f80b8154,4.600
139,100,bccb24874a7189493738252f6929ea96dcded1a681f303e99ab9fd52fc0b8154,4.633
140,100,dd8ab48b6b7149683799262d2d2b6ab6ce5ed0a781b301e9dab9fd12f80b8154,4.667
141,100,df83b4cf2b5349681699362d6d2f6bb6ce5ed08601a303e9dbb9fc12f80b0154,4.700
142,100,db87b4cf2a436d681e09363d2d2debb6ee5ed48601b301e1cbb9fd12f80b0154,4.733
143,100,5d96d6dbb24b2d685c4d3239252de996e65ed4c691b301e1cbb9fd12f80b0154,4.767
144,100,4d9652db924b25684c4d1b7974aded96e75eccc740b301e14bf1ff1af80b0154,4.800
145,100,2d965ad3da4bb5692e6d1b7836ade492e55ee6c600b381e12be1ff1a780b0154,4.833
146,100,ac967ac35b4b95e9266d0b5812bdf49fb55ee64648d381a12de07f1a780b8554,4.867
147,100,849e2ec36b4bd5a9366cad4a1bbd769fb55ee64680d380a125e07f1a7a0b8554,4.900
148,100,50fe9ec2294b490912e5ad6a8bbd729fb59eb766a2c3c0b104e57f1a3e0b8554,4.933
149,100,42f656dead4b692952e5057a8db9fa9df48ef326a6c382b104e57d1a3e0b8450,4.967
150,100,02b456debd4b69695aa51772cdb8fa1df0ded126a6c382f106e53d1b7e0b8050,5.000
151,100,28b652d6ff4bad490aed17644d38ea1df0ded326a64b82e106e57d1bfc0b8051,5.033
152,100,a1bd42f65bd2a50b28ed1a655d30eb1df2ded1b6a64e86e102e57c9bf80b8051,5.067
153,100,a52da1f45ad6f50b2d490a657f326d38e25fd0b6d74e87c102e5f49bf80bc041,5.100
154,100,4009a5ad4bf47f1aa54b2b6d7e667d306059d0b6d34e17cb0be5f49bf80bc041,5.133
155,100,4a4b9529abe46b56250ba9cd7e667db0a85940bed33e97cb1ba564d9f80bc041,5.167
156,100,4acf952983646b56751ba9cdfa667cb0a15940fed336b74b5ba544d9e01bc041,5.200
157,100,6bd7142987606b56641bb9cdeb667cb3a1584afe1b36fe4bdfa14491c01bc041,5.233
158,100,6b9330cd97212b56761ba1c9a96460b3ad784afe5bb6f64bfea506f1003bc141,5.267
159,100,6b1f2acd572deb46647b8589216462b3c9795fd85ab6f64ffa8506b1003bc141,5.300
160,100,e81bea9d1669a966607b1589236c6ab2c171dfc8dab6904ffa87deb101fb8141,5.333
161,100,4c33e89f7669a966687a14b93f4c6eb69971d2c8dab6904d8087fea125fb8141,5.367
162,100,54b70a9f76cdcb66295a5eb9bd0c6e969971974992b60458a0879ea56dbb8141,5.400
163,100,55a2691946cdf96e297a7cf9b92c4e9692f3b549b2b614d8208738a56dbba141,5.433
164,100,d5e069391e9dc16fa96a62d9992dcc869293354936b646d82c8f79a76dbb8141,5.467
165,100,d2e76db1ba9806cfb96e66d19129cc0c9292374936b656f8248f49a76dbba141,5.500
166,100,d3676da12b989acdc16e6ed111a99c2c92d6b549269656f8248dc9a76ffb8141,5.533
167,100,564fc1e12d3832cd8d6e629b1fe9b13c0e96354966965cf86d9989274feb8141,5.567
168,100,504f8f676931729da96e8c1b7da1217c6096d74bcc97dcb0c9199327de6b8141,5.600
169,100,40da9e4f49f1769dab4e1c7bfda3e36cc296944b089795b0d31932271eeb2045,5.633
170,100,55da304f4b61c4b9ab4e787bbd83ab6cceb6b4531a9795b0831922677ceb2044,5.667
171,100,d4da224f5b2124b12b5e55e8a9075a6d1db6a45352b735e06e59666fe5ebc044,5.700
172,100,a4da5a4dbd2168b1535a0de92a0f54e4b9b602d356bfe540ea95ccee9deb8114,5.733
173,100,6c9fba4d29615ff0a55a6b29440fb5e02ab6d69b952e0bd01ab51dce397b2114,5.767
174,100,09bb760da969bfb16d5a5329ac0f2d4452b4941ba97a5a9574a5b15e6b7bc104,5.800
175,100,bdaa46dd2b4f67278d7aa569688d5a4cb6a425525ad6b685e5a9635e4eb30404,5.833
176,100,7b6a94fc5a4dc527297a6d4bd29da64c6da4d35296966ca54b69c656bca32044,5.867
177,100,cb4e35b8ea4d0d2d6b52ad2b24bd4e4cdaa4b6526db6db2992498cb6692be144,5.900
178,100,9a5e4da86a4d396fa6d26d6b49b9bacd36a44cd2dba6364964995976c36b0140,5.933
179,100,524edb294acd692f6cf6994b972968996cac93d6362dc499c991b364364b6d11,5.967
180,100,d2cc3d694a8d492eecb6234b6629c99998ac36d66669999393b166e46c4bfd11,6.000
181,100,c6cc69694a89bb6ecc86644beca99bb9926c66d6ccc911933325cec4ed8bbc11,6.033
182,100,1edceb695ead23664d96ec4b8d2933b9326ccc969cd933b366250cc4c99b3811,6.067
183,100,1edceb694cad63666996c85bbd2933b9466ccc9698d97333c62519cc911b3851,6.100
184,100,5ed8eb694cad636e7996895b3d6963b9c66c989618d96633c62519cc811b7851,6.133
185,100,56d88b694ced636e6996885b3d6966b9c4ec999638bbe633ce2539cc011b7841,6.167
186,100,56d80b694ced636e79b6895b3c6966b9c4ec919630bbc6738e2d31cc231b7841,6.200
187,100,56d80b694ced636e69b6195b646966b9d4cc919632bbc6638cad31cc271bf841,6.233
188,100,d6d329694ccd636e3993195b64e9c6bcd0ec319672a3c6e38cad31c4271bf841,6.267
189,100,1a436d684acde32e1993394be6a9ce9c90cc339672e3c6e31cad31d4e71bf841,6.300
190,100,1a62c5ac6acf6b223893286beead8e1cb1843712f6e38ee318ad71d4e71bf841,6.333
191,100,7378c5ad7a473d3208d3c56bc6ad991c31863712c6e38e7338ac73d4e71b3c40,6.367
192,100,7378c48d3b432d3228dbe569e7bdb95c31863712c6e38e1338bc31d4e71b1c44,6.400
193,100,793cce870b43edf2285be729e29db95c11863712e6e3ce1b38bc31d4e70b0c44,6.433
194,100,199ccec7a972edf86c4b672d8a9cbd4c11c63712e6e9ce1b38bc31d4630b0c54,6.467
195,100,8d86c643797a2c792f4961ad889c9d6691d67713e6e9ce1f18fc11d6638b8454,6.500
196,100,c6c36a6339380a4b6f4961ad8cdc9d6690d3363be6edce1d98f411d6738b8454,6.533
197,100,16f37b7215182a4b6529e8a58e5c956692d332bae6adcf1c98f431d671abc454,6.567
198,100,12733b5a049f6b4961a9c8a58f5a9167135332bae6ad8f1c98f439d639abe454,6.600
199,100,3312890f7c896b6961a5ce568f5ab0b3335a32bce7ad8e1c98f419c639ab6554,6.633
200,100,490fec8d6e6169694cb5ce56957290b31fda32bde38dcc0ccc7499c61ba96514,6.667
201,100,694b7ec9236069296297ef5a9d3398b39dc83aad6385c60dcc749cc3cbb96114,6.700
202,100,f5a146f8297219ad6a132d5add33d9f195cc1aa5738566056674ccc3ebb93114,6.733
203,100,47b9fa7c293f4d996952656accb3e8f9c4cf1ab533c566046610ccc379b91114,6.767
204,100,523d391e058f6ec9215a7d696eb178ecc60f9ab431c53714b71266e378b99914,6.800
205,100,0a46ed0765c97a4b216e7fa90af15e6cc22798b499c53314b55266ebfcb9cd04,6.833
206,100,cf46f58313e9fb4a012f2fa9c07b2f6560a7ccb499c19314b552366b6c89c5c6,6.867
207,100,25625cb18b687d2bc1ad2fa9e23737a570974cd4dcc1999cd652937a26cd6446,6.900
208,100,05f2fe98097c6d0be0ad2f29f3379da5309766d04c45c99c5f52d33b664d3052,6.933
209,100,97d07edc817c2f8f60ad9f091137cca59c173674244560dc5f5b792f324db052,6.967
210,100,56d87a5ce1ac0787f2bdcb891833c6a59e16937ca60534cc8f1b69af9b2d8053,7.000
211,100,42dc7a4cd1afff836a3dc9c9281366a5ca06937c9605b4c4a71b2daf892f8553,7.033
212,100,424c7c4ef0e73f03087de9c9bc1363e54806d93cd60796c4f79b04afc12fc553,7.067
213,100,0b4c7c2740f30b07287dedc9be1133e54c0e5934d707dee4f79b84af4127d113,7.100
214,100,836e7c2740b38b07e87d7fc99a1133e5641f49b453875ee4539bc4af61a55111,7.133
215,100,e7c71e33c093fb01ac7d37c9c815b0e7641f6cb47b814af450dbc6a768a15911,7.167
216,100,c7c3de1378db4f41a46d37c9c815b8e7b40facf03bd34a7c18cbd2272ca10d11,7.200
217,100,c7c3fe1349c96f4f846911c9ec159ce3b60e8cf00bd3c87cd8cbd227ac81ed11,7.233
218,100,c3c31e5949c96709d469fdc96f10dde3b78e84f081f3e07cc84bda07a481ed51,7.267
219,100,f3c10e49e1e13f08d8e8ffc86f30dce3178e84f0a1f3e43cea4b5a03b481a5f1,7.300
220,100,63f18e4d79e1271cf8e82fc82f3048e3138ec079b192f43c7e4b7b03f681a5f0,7.333
221,100,e331ae6d39f8671c7a6883c82f324847109ff039d096b62c3fcb6b03b6c1b5f0,7.367
222,100,731c8e6cb91e2f5e4a7883cca7126047d80f72395c96172c2feb2bc312c1f5f8,7.400
223,100,f384c26c991ea34e687c59cc95923467fd873a1d4e86d3ac81eba1e34a7158f8,7.433
224,100,19c4622cdccef978ac3c68cc599316270d869f1deec6e984f0abf0eb6879087c,7.467
225,100,99a666074fc6593ea73c2c684b93972746c6d38ca7e678a47a21fc2bac3d085c,7.500
226,100,9da6330f4d62591cd724af686993d3a3e2d4518c35f63cf43a315c29b51da91c,7.533
227,100,d987b04be43a49995264b7696d83d2e3b2dc598d16b68ef40f314e29951de15c,7.567
228,100,c9a7304ba73d68d94b3417693cc35827b04eeca5d3b6c6fc87b9e709510d614c,7.600
229,100,4c875a0b275ca85f6b385e69acb36c07924626b4fb96e2ade3b9f3894107154e,7.633
230,100,ed2df91e114c8d1bebb84b6996036d07526632dc39d672ad70b939c9a8478d46,7.667
231,100,ad2d989cd169649aaf686b6b968725a6da2696da1dd6988598f908e5c447e566,7.700
232,100,450d48d872694798ad69eb43d28784a6ed36d6da8cd68e8deef8c06564476766,7.733
233,100,641ec878bb3947b83529ab43ca8784be6d7ec65ac4f64e09ee7c406536473326,7.767
234,100,945a4978bbbb6af81d212d436a06969e277c725ae6b60709367cf87591439b26,7.800
235,100,e15a4938dbdb68fc1d2135436806d68e272c7278f2b583a9ff34f835894389b6,7.833
236,100,a5380db048ebac7045a3b5437806d2ae95ac3b787295c3addf34ec31c953cdb6,7.867
237,100,b538caf14b63a5b1d9a39d42390ed3ac95bc19397295e1ac5fb46c1169536c92,7.900
238,100,8472eaf35b63d991c9cb1d46392edbbcd5bc0d3930d171ac4f942613645364d2,7.933
239,100,d1f2ebe35b67d991896b1d06a92cebbcd4bc8d1930d531a427d42613245336d3,7.967
240,100,c4f2ade7490649cd8d6f1d26adace8dcd6bd9d1130d130f4a7529611b41332db,8.000
241,100,47d28da7090c6dcd8d6f1e163cbc68dcd6b995119ad1b2f4a35a9311b013ba5b,8.033
242,100,e7c2cda70d8cfcccad2e1a16343c7958c6b997119a5392fcb35ad31190139a5b,8.067
243,100,c7e6cda42d0cf84d9f3e1a1e3439e958c2b187539a5393fcf35a430118339b4b,8.100
244,100,e7e6ccac084c5a599b3b1b1c3d29e958c2a1c743985353fef35a4b011833db6b,8.133
245,100,6fa44cac095c5a59cb3b8b1c3da9e978c3c1c743986359fef15a69011833cb6b,8.167
246,100,9eb4dc9c19585b79c93bab1934e9e170c3e1cd43986359feb19a290118334f6b,8.200
247,100,9e949c1999595b79c93babf134e9e550c3c3cd439862199eb59a28911c334f6b,8.233
248,100,9c919d59b95963b3a79323e474e1e542c3c3cd431876339eb59a20911c336f6b,8.267
249,100,9883c169736363a3a74622e475e1e742cb839d4318f6379eb59e22113c336f6e,8.300
250,100,008d6169636367a7a746326c656ccf42ca8b9c0b38fe379eb79e22111c336f6e,8.333
251,100,428d716962734f36ad5e786ccd69cb1b9a8b181a38bcb79cb71820117c734e6e,8.367
252,100,586de9724a368d1eb85c58e98d4b8a1b18ab39de32bcb79ca71060317c734e6e,8.400
253,100,cb5bcb525f97b95c31ccd1a9891b1a9b31a931f666b4e794a611e02168634b6e,8.433
254,100,c77346123dad294c74ada5a92f1372bb71abe3f6e6b486368e51c061c8634a4e,8.467
255,100,877236b6b5ac21ccd5a92d232e1776abe5b6e7d6c6b48c128e41c8e1c8435b4e,8.500
256,100,749674aca14c47c9d5ab2f136a16d6a9e776ced49e3c8c521841d8e1594b5b4e,8.533
257,100,7494b1adabc946a99d236a53ca3ec7a98f561ed41c3c385218c1d1c1dbca5bce,8.567
258,100,e09c2b8d1ec99c23aa734a5686be8de80fd43cd43c78785272c193c1d3cadbce,8.600
259,100,029d1e491c43b8636a7352d615ec3d4c7ad470b4f17af0d3c3898383d3ced2de,8.633
260,100,5a997c49b843a86342f295f62d0c7f44f2d4e1b4e172c2d38689870b975e96de,8.667
261,100,56c9f04ba0d76a6356f2b516e90deb44d094c1b083d286939609be0fb65e96fe,8.700
262,100,d4cba0c32ae74ae397d2ad1ceb0dc244c59407f003d206973e093e0fbe5e36fe,8.733
263,100,a0cb22d76ae656e3b552ab1cca0d468405b40f721ed33e953c09fc0f36de34fa,8.767
264,100,0ac34ac65f66957aad146a5d5a0d15841d243f533e937c15f009f05fb4fe34f8,8.800
265,100,52c35e66de66bd5a295c4a1d120d15043d24fa53fe93f035e019e05b64fe65f8,8.833
266,100,5342dc66bc66a95a4b5c52099508bd04ff44fa53f097e0b5c07b20db24fe67f8,8.867
267,100,d246b866a87b695a5b7cd609b50aad44fb40fad3e09740b9007b00da25fe6ff8,8.900
268,100,b066a876697b49785a6cd589a54ee944ea53d29344b740b900db04da2dfe6ff8,8.933
269,100,a866687c4d785978976ca509a94e6b7442f3029344b505e904db25da6ff66ff8,8.967
270,100,093455b85518955cb50dad0b2b464a7552b3149345b405e904db2fde6ff66ff9,9.000
271,100,49bc55189f18b34cac8d29074a445ab716b354b31d200fc96cda6f966fb66fa9,9.033
272,100,cb988f18ab0ca24d298d4b035a0456a3349365b39d686fd26cda6e966fb66fa9,9.067
273,100,ca99ad19aa45288d4b235b4252a394a3a4b3e532a9686ed26cda6eb66fb66ea9,9.100
274,100,9299b049624549af5923d34294a1b4a3a593ed30ab486ed26eda6eb66fae6ea9,9.133
275,100,9483504740e75923d9639562b4a3a593adb3a950aa58eed26a926ab66fee6aab,9.167
276,100,2546406749a39933b553a5f02db12d9b49316b5c7adc4e924ab44ba46fee6aab,9.200
277,100,6166caa7a933b173ac522df869b949194a7c525c52dc44964eb459ac57ee4aab,9.233
278,100,4a648ab1a93326736dd86db949995b18d25c56dc569454965db4552c57ee54ab,9.267
279,100,4ebc4ab9213a6e90499c49a9db19d21c96dc96dc949615b655ac956c376ea5ab,9.300
280,100,56b953b845584a9cd90cd3a9921cb69cb6cc249ca5b6bdb6952ca56cad6ea50b,9.333
281,100,77b9539a45d8da8cdb4d93abb61eb4ec24c464942db6b936192c236c2d4ba90b,9.367
282,100,53b957d28dcc9a8c9349b6af36de24e42cc44d96692659265b6c6b4c6f4b290b,9.400
283,100,17a3b7d2adcdb08d354b26af64f66de44d84c9275b2653665b6c4a4c48cb490b,9.433
284,100,f5422cc6298d252d654b6ca74df649c6d9949b27d3669266d24dcaccd4cb5913,9.467
285,100,c2424986410d6d6d6d4b48afc9e6994e9b9493679266b646b6c99edcb5dba113,9.500
286,100,d046d99cc349c96dc94b99ee9b46b34c32a53666a6c6e6c664c9349c2d9b2573,9.533
287,100,b546a31cc749daedb943356e3344664c66a564466cce4cd6cd99699869936d63,9.567
288,100,e546a23ca4491ae93146356e66d4665ce4a5ccc6cccedd96999969b9db324963,9.600
289,100,4f5e4a3dadc933c96146654ee684cc9cccadccc6999e99961b19d3319332d863,9.633
290,100,dadc4ead29c9e18bcb46cd4ecc849c9899ad99d6319e339673195331b632a067,9.667
291,100,9a9cdea9694be78b8b468d4e18a539983b8d3396739e6334e6336631666620c7,9.700
292,100,269878e95b5b670a9706194c39a53138738d6396e73ec634c673ce61cce668c7,9.733
293,100,6cb96569975a4d0e2d267158632de372e689c616ce3e8c701cf39ce199e6a986,9.767
294,100,dab14d492652594e6966e558c22dc7728ebb9e361e7a1ce078f338e139c6298e,9.800
295,100,12f14d4b6cb2b95ed96c4dd886a91e721c3b1c7638fa30c4f1e371c163ce630e,9.833
296,100,76e19b5b5936607e336c89900ea93cf2383b70f670d2f1c4e3c3c389c70e471e,9.867
297,100,c5c13213d1768adc654c2b3078a970c6f0fbe1f6c3d2c7868787870b8f1ed43e,9.900
298,100,bdc35613a3661abcad5c6a25f509eac6c5ea83e487928f161e071f0b3a1c947e,9.933
299,100,734384334e6e77bcab5c5621ab4b438615da0fc41f123e163c07fc1bf83c317c,9.967
300,100,e25339b25eccaf3c4b1c84690a4b17a6afd21e8c3d12fa14f00ff81bf07ce178,10.000
301,100,c2137166bccc2b3cd2bca9695a93bd2c6ad2f4acf852f015e00fe07ba1f881f8,10.033
302,100,8697eb4668cc5e30a4bc6b4bf6932b2cda97f52cea56d0bd801e80f12bf807d0,10.067
303,100,af07aa5678ac9e3029fc5acba4b17a4cb6b7e95cc2d680bd805e02f10bf82fd0,10.100
304,100,8e47fa96dc2cbc306bcd9283ed3d7a4db4b7ca5cc2b6a02d005e02f10bf82fd0,10.133
305,100,0a43f8b4bc6c29f04bcdb2a3693d72cfa5b7ca5cc2b6206d027e02f10bf82ff0,10.167
306,100,52d7e1bcbc6c49f452c9a4a3682df2876db3d2dc00b6017c02be42a11ff87ff0,10.200
307,100,70b6a96c28764bfc96c92d295a6df4a7c139d2de04a6007c02b653a11ff85ff4,10.233
308,100,6936b94e09764bdcb68b6d29524df4a7c338d2b644a7005c02b652e157f85ff4,10.267
309,100,6916bb4ee9765bccb4a32d295a4df4a3f918d2b644a5005c40b650e157f85ff4,10.300
310,100,2d0dbf0b69725a5eb5a32d295a4db4a37918d296f4a7c00c40bf50ad52f857f4,10.333
311,100,0c8d970b2d524a4e9fd22d290a4f36937f08fe96f4a5e00ed01f50ad50fc57fc,10.367
312,100,078d930b2d124a4e8fd22d2c0a4f16933f587e96fea5f80ef01f502d50fc55fc,10.400
313,100,4589930b2d1a4a5e8f922d2c0a4b1e933f587e96fea5f80ef01f502d50fc55fc,10.433
314,100,d589930b2c1a5a5e85b2290c0a433e937f587e96fcadf00ef01fd02d90f8d5fc,10.467
315,100,d109b40b6c585a5aa5b8294c1a533c917f587e96fc29f80ef03fd02d94f895fc,10.500
316,100,d1c9b5096c489a5aa5b8294c12d30d915f587e92fe29f80ef01fd02d94fcb5fc,10.533
317,100,91c9a5034c4c96d2a5ac094c12f30d915f587e92ff09f80ef01fd42db4feb5f8,10.567
318,100,918325215a4e95922d2c4b4e16b30d995f503e927f09f81ef41fb429b4feb5f8,10.600
319,100,81836d21de4ea5a2290c424f14b30f595f963eb27f09f81ef43fa029a4fea5f8,10.633
320,100,a1b34925964ea5a2694c824704b30b591e96feb27f0af81ef43fa029a4feadf8,10.667
321,100,21b3480d9707e92c6b4c82c705b30b581e963fa37f4af81ef43fa029ad7e2d78,10.700
322,100,4b219a4fa507692d4b4c04a70da31b58be96ffa3fe4af01ee03f206929fa6978,10.733
323,100,8ab1b0cf25074b0d125a25a709231658bf96fd23fe5af01ee03f407b69fa6978,10.767
324,100,12b3b4cf2d274b2d965a2c2e096336d0fda6fc27f612f016c03f407b497a4b78,10.800
325,100,17b3a4996d871b2f165a0c0e5b6636986d06f827f616e016c03f407b4bfadb78,10.833
326,100,9f3024b96927936f26586c0e9b6e7e98ed04fa2774166016807ec05bd3fad378,10.867
327,100,b76065f84927926d2499493ebb4efe99fc04f22764964036007e82db93fa93f8,10.900
328,100,977065b84927926d2498496e9b6efe98fc24fa2774166036807e80db93fa93f8,10.933
329,100,923024986927d329265a0d2e1b6b369c7f067f27f616e416c03f405bdb7adb78,10.967
330,100,d834b4c62da74b09964e252e096f024c27a63fa7fe92f416f837486b497e4b78,11.000
331,100,c21c94e7a4a7494dfb4ea4a6e10f824e87b607a31fc23e96fc07e80b687e6978,11.033
332,100,5a3452339487294f4b4ef6b3f90fe046c2b681b203c20fc69f033f0fad1ead7c,11.067
333,100,6a375a13d40f896b096f1a9b3d257806f2f2d0f2e1e2c3d20783970fb70ea53c,11.100
334,100,2a134a13542fa56f094b1b8b1d273c5278f2f0f2f1e2e3c2c383c78f978ed52c,11.133
335,100,2b534a07542de52fa94b4fa515863d523a5238fe30f6f1c2d3c1c38d57ae570c,11.167
336,100,81532a255a27442bed4bcba4c7e28d5a8e5a1e3e1c7638e278e171e573ae5b8c,11.200
337,100,c14bab254a27742b656962e5c1e3c75a875a8e1e9c321c6338e138e57bee4b8e,11.233
338,100,518ba1234a07222b356b32e560e3771bc71ac71ec632dc7b3cf138e138ee6b8e,11.267
339,100,5c0b15c3e9032b03152b38e738f331c3731be39ec732c67b8e710e61a8eee9c6,11.300
340,100,5e891469e901eb87872bb80f387730d331cb738f6396473b8e790e612eee28c6,11.333
341,100,4a1c5448bd68eb15c30f870fb8f438f731c2718f6396473226792e713ee62ae6,11.367
342,100,cab4575cbd48e914c32d8f0f2aa538a431d233c76396c732667b2e712ae62ae6,11.400
343,100,4ab4563cad48e958c3248f0b0a2d18a531f633d76396e712e6732ef16ae66ae6,11.433
344,100,4ab31636bd7a6958c1248f5a0e1d18a531a463d56396e716e6736ae16ae66aae,11.467
345,100,4ad31627353369d9d1e1875a8e191cad392472d56394e716a7326af16ae652ae,11.500
346,100,ead312a3352379dbf1e185428e1b1e2d392472d56395e716a71262f172e652ae,11.533
347,100,6a535281152779dbf1e1a5428e1a9e3d1d6c72d57395e316a712627172e352ae,11.567
348,100,e9d9d28da527599b51e1a1438e1a9e391d6878d17395e316a712627172e353ae,11.600
349,100,4bd9da8d8d275b9b51e3e1c38a1a9e399d6c18d17395e316a312623172e352ae,11.633
350,100,4ad892992d2f581bf1a3e1438a139e39397872d1f39de71e6612626152e357ae,11.667
351,100,da98929d292f583bf1a3c1429a131c3939783391f3adc71e6612e261d2e3d7ae,11.700
352,100,d29ca19d296d5833f1a3c1429e131d3b38783391e3adc71e4632e261d2e3d7ae,11.733
353,100,929c27904a4d783ee1abcb4316b33c3b387833b0a72dc61c4e36c261c7e3d7ae,11.767
354,100,92dc25b05a4df83ee1af834f0f92383b3a7a73b0a729061c4e36c661c7e3a52e,11.800
355,100,b2de2d305b49f05ce92f834d1f96393370fae3b067290e1c1e36466187e3a52e,11.833
356,100,b0ca2d325b19f2dce12c834d1f86793370fae39067290e3c1c345e630fe3ad6e,11.867
357,100,b2db2d721b31b299e16c83693f84792770f2e39267214e395c341e630f632d6e,11.900
358,100,b2c32df21f23b699e1fc83690f047b2770f2e39247216e397c341e630f630d4e,11.933
359,100,b24b60de1b63b699e1fc83690f0c3b27f0f2e39247236e397c3414730f630d4e,11.967
360,100,b27d61de1b62b499e1bc83690f8c3b25f0f2e39643236e397c3414710f634d4e,12.000
361,100,b269419e1b623499e1b883780f9c3b25f0fae3b6c7634e39707494711e634f4e,12.033
362,100,b2f9419e1b623c99e1b883f80f9c3a2df0f2e3b0c7234e39f07494711e434f4e,12.067
363,100,b29941da1b623c99a1b883f80f9c3a2df0f2e3b4c7234e39f074b4711e435f4e,12.100
364,100,269941ba3a627491a1b807f83f1c722de2f2c7b4c643de79f074b4e11c435f4e,12.133
365,100,26990bba3262649385b807f87f1c722de2f2c7b4ce43dc79c0f4b4e13c435a5e,12.167
366,100,269949ba3a627493a1b807f83f98722de2f2c7b4c643ce79e074b4e13c435e4e,12.200
367,100,b6d941981be23c93e1b007f80f983a0cf0fae3b4c702ce39f07cb4f11e435f4e,12.233
368,100,b64445991be63883e99207fa0f9a3a0c70fae3b6c782ce3be07ca4f13c435e4e,12.267
369,100,b24645990bce3ac3e99283e20f9a3b0c70dae3b6c786ce1be07ca4f03cc35e5e,12.300
370,100,b24625890bce3a47e99381e20f9a3b0c70dee3b6c786ce1be07ca4f03cc35e5e,12.333
371,100,9a466589898e3a47f993a1e20fda3b0c30dee1b6c786ce1be07ca4f03cc31e5e,12.367
372,100,9b06e40dc98e1b47f987a1e605da1b8c308fe1b6c786c61be03ca4f0bee35e4e,12.400
373,100,9b66f405c90c1a677907e1e705da1b8c380fe1b6c386c69be23ca4f0bce31e5e,12.433
374,100,9b46b605c90c1b677907e1e705da1b8c380ee1b6c386c79be43ca4f0bce31e5e,12.467
375,100,99063605c98c1b677907f1e781da1b8c3a0ee1b6e386479be43ca4f09ee31f4e,12.500
376,100,c926b605498c8b672d87f8a7c1da0f841a0e7096e3a6679b763cb47096e35f4e,12.533
377,100,4d269b05698dc9660c877827e0ea8d849f073896f1e663db763c367096734f4e,12.567
378,100,69269b25608dc9660d072c27f0eacdc48f27b89671e663cb323c3632d6734f6e,12.600
379,100,6c068b25240d69268d072d077863c5c68f279c9679f673cb33bc3630d6734f6e,12.633
380,100,24064b25340d69268d070d077863e5c6cf269c9639f673e333bc3636d6734f6e,12.667
381,100,34164b25320d6926c5070d077863e4c4cfa69cd638f673e33bbc1e3652734f6e,12.700
382,100,b41e4931130d6924c12705077c33e4c4cda68e96b8f671eb3b9e1e3652736f6e,12.733
383,100,bc1ecd31930d292ce12705073c2364c4c5a6ce0e98f679eb3b9e1e3652726f6e,12.767
384,100,be1ced30da492d2ce92585870c2364c4e5a6ce069cd639e2399e1e365b726f6e,12.800
385,100,9e1e6d30db4d3d2ce10785870c2324e4e5a6c6061cf639ea199e1e365b726f6e,12.833
386,100,be0e6d30db4d2d24e10785870c3334e465a7c6061cf639ea199e1e365b726f6e,12.867
387,100,be0e6931db0d2d24e10785870c3b24e6e5a7c6061cf639ea199e1e165b726f6e,12.900
388,100,bc06c9219e0d2d24e50785071c3b24e6e5a7c6561cf639ea199e1e365b726f6e,12.933
389,100,bd06c921960c2d26e50705071c3b64e6e5a7ced61cf639ea199e1e305b726f6e,12.967
390,100,b406cb21960c6d24e50705073c3b64e6e1a7ced61cf639ea199e1e345b726f6e,13.000
391,100,3c1ecb39968c692ce50505073c2b64c4c1a7ce9618f679ea399e1e3653726f6e,13.033
392,100,bc5ccb389699792ce90d0d051c2b64c4c5a5cc9e18f679ea399c1e34d2726f6e,13.067
393,100,34dadb389699793ce90d0d05183964ccc925cc1e98d6f9ca399c1e34d6f24f6e,13.100
394,100,34d8c97a96993918f3788505183964d8c325ce1d9c96f9c3399c3c3cd6f24f6e,13.133
395,100,24d96c7296d93498f17885191a397459c125ce1d9c9679c3299c38bc96f2cf7e,13.167
396,100,02e368f296f334d9f078a5991e3174594161ce199c94d9c1699c38bc96f2cf7e,13.200
397,100,02e368e786f334d9f079a5d9163134596171c6198c94d9c1699c38bc96f2cf7e,13.233
398,100,92e568e7c26334d3707be4d9173134596171c6098c94d9c1699c38bc96f2cf7e,13.267
399,100,936568e7ca6324d3707be4d9973134596171c6198c15d8c1699c38bc94f2cf7e,13.300
400,100,936568c7ea6724d3707be4d9971134596171c609cc15c8c1699d38bc94b2df7e,13.333
401,100,936568c7ea6724c3387bf4d99701361b6171c609cc15c8c1699d38bc94b2df7e,13.367
402,100,93256cc7ea6724c3387bf4db9701361b7131c609cc1558c1299d3cbc94b0df7e,13.400
403,100,9b257cc7eb6724c3387bf4cb9701361b7131c609cc1558c1299d1cbc94b0df5e,13.433
404,100,db257c47ea67a4c3387bf4cb9301361b7131c609cc1558c129dd1cbc96b04f7e,13.467
405,100,93657c47ea6724c33a7bf4cb9301361b7131c609cc1558c129dd1cbc96b05f7e,13.500
406,100,93656847ea6324c33a7bf4db9701361b7171c609cc1578c1299d1cbc94b0df7e,13.533
407,100,d3656867ea6324c3387be4db9701361b7171c609cc1578c1299d1cbc94b0df7e,13.567
408,100,f3e56867ea6334d3387be4d9930136197161c609cc1578c1299d1cbc96b25b7e,13.600
409,100,f2e56867e26334d3387be4d993113e197161c609cc1578c1299d1cbc96b25b7e,13.633
410,100,f6c56867e26334d3307be4d9971136196161c609cc1578c3299d1cbc96b25f7e,13.667
411,100,f6c56867e26334d3307be4d9971134196161c609cc1578c3299d1cbc96b2df7e,13.700
412,100,b6c56867a66324d3307be5d9963134196361c609cc1578c3299c3cbc96b2df7e,13.733
413,100,36c56867a66334d3307be5d9963134196361c619cc1578c3299c3cbc96b2df5e,13.767
414,100,b6c56867a66324d3307be5d9963134196361c619cc1578c3299c3cbc96b2df5e,13.800
415,100,b6c56867e26334d3307be5d9961134196361c609cc1578c3299c3cbc96b2df7e,13.833
416,100,f6c56867e26334c3307be4d9971336196161c609cc1578c3299d1cbc94b2df7e,13.867
417,100,b3c57827ee6324c3387be4db9703361b7161c609cc1578c1299d1cbc94b0df5e,13.900
418,100,9b057d46eb6724c33a6be4cb9703361b7171e609cc1558c1299d1cbc94b0df5e,13.933
419,100,9b457dc6eb67a4c3386bf4ca9303361b7171e609cc1558c1289d1cbc94b0df5e,13.967
420,100,93457d84eb67a4c33a6be4ca9707361b7271e609cc1558c128c93cbc94b1df5e,14.000
421,100,9b457d84eb67a4c33a6be4ca9307361b72f1e609cc1558c128cd1c9c94b1df5e,14.033
422,100,9bc57d84eb67a4c33a6be4ca9307361b32f1e709c41558c128cd1c9c94b1df5e,14.067
423,100,9bc57dc4eb67a4c33a6be4ca9307361b3371e609cc1558c128cd1c9c94b15f5e,14.100
424,100,9bc57fc6eb67a4c33a6b74ca9303361b3371e609cc1558c128cd1c9c94b05f5e,14.133
425,100,93c57f66eb67a4c33a6b34cb93033e1b3371e609c41558c128dd1c9c96b05b5e,14.167
426,100,9bc57f66eb67a4c33a6b34cb93033e1b3371e609c41578c1288d1c9c96b05b5e,14.200
427,100,9bc57f66eb67a4c33a6b34cb93033e1b3371e609c41558c128cd1c9c96b05b5e,14.233
428,100,93c57f66eb67a4c33a6b34cb93031e1b3351e709c41558c128cd1c9c96b15f5e,14.267
429,100,dbc13d64eb67a6c31a6b34cb93031e1b3351e709c615784128cd1c9c96b95f5e,14.300
430,100,dbc03de4eb67a6c31a6b24cb93231e1b33f1e309c615784128cd1c9c16b95f5e,14.333
431,100,dbc03fc4fb67a6c31a6324eb83271e1b32f1e309c615784128cd1c9c16b95f5e,14.367
432,100,dbe03fc4eb67a6c31a6330eb83a71e1b3271e309c615784128cd1c9c1e995f5e,14.400
433,100,dbe03f84eb66a6c31a6330eb83a71e1b3271f309c6157c4128cd1c9c1e995f5e,14.433
434,100,dbe03f84eb66a6c31a6330eb83a79e1b3271f309c6157c4128cd1c1c1e995f5e,14.467
435,100,dbe03fc46b66a7c31a6330ea83a79e1b3271f309c6157c4128cd1c1c1e197f5e,14.500
436,100,cbe02fc46b66a7c31a6330eac3a79e1b3a71f309c6157c4128cd1c1c1e197f5e,14.533
437,100,cbe02fc46b66e7c31a6330eac3a79e1b3b71f309c6057c4128cd0c1c1e197f5e,14.567
438,100,cbe00fc46b66e7c31a6330eac3a79e5b3bf1f309c6055c4128cd0c1c1e197f5e,14.600
439,100,c3880fcc6b66e7c21b6232eac3e79e5b1bf1f309c6055c4128cd8c1c1e197f5e,14.633
440,100,c3880fcc6966e7c29f623aeac3e79a5b1bf1f309c6055c4128c98c1c1e197f5e,14.667
441,100,c19c05cc6926e7c2df663aeac1e79a5b9af0f309c6055c412cc98c1c9e197f5e,14.700
442,100,c19c81cc6926e7c2cfe67a6ac1e79b5b9af0b309c6055c41acc98c1c9e196f5e,14.733
443,100,419c83cc6926e7c2cfe67a6ac1e68b5b9af0b309c6055e41acc98c1c9e197f5e,14.767
444,100,419c81cc6926e7c2cfe67a6ae1e68b5b9af0b309c7055641acc98c1c9e197f5e,14.800
445,100,c19c81cc6926e7c2cfe67a6ac1e68b5b9af2b309c7055641acc98c1c9e195f5e,14.833
446,100,c19881cc6926e3c6cfe67a6ec1e68b5b9af2b309c7055641acc98c1c9e195f5e,14.867
447,100,c19881cc6926e1c6cfe67a6ee1e68b5b9af2b309c7055641acc98c1c9e195f5e,14.900
448,100,419d81cc6926e3c2cfe67a6ae1e68b5b9af0b309c7055e41acc98c1c9e196f5e,14.933
449,100,419d01cc6926e3c2cf627e6ae1e6825b9af03309e7057e41accd8e1cde196f5e,14.967
450,100,419dc1cc6926e1c2cf667e6ae1e6c25b9af03349e7055641acc98e1c9e196f5e,15.000
451,100,419dc1cc6926e1c4efe67e6e61e6c25b9af21349c7055641acc98c1c9e196f5e,15.033
452,100,419cc0cc6926e1c4efe67e6e61e6c25b9af21369c3057641acc98e1cde194f5e,15.067
453,100,419cc0cc6926e1c4efe67e6e61e6c25b9af21369d3057641ac49861cde196f5e,15.100
454,100,419dc0cc292671c6efe67e6e61e6c25b9af21369f3057641ac4d861cca196f4e,15.133
455,100,419dc0cc292671c6efe67e6e61e6c25b9af21369f3057641ac4d861cca196f4e,15.167
456,100,419dc0cc6926e1c6efe67e6e61e6c25b9af21369c3057641ac49861cde196f4e,15.200
457,100,c19d01cc6926e1c6cf667cee61e6c25b9bf01349c7057641accd8e1cd6196b5e,15.233
458,100,c199018c6966e5c0df627ceee1e6825b9bf03309e7057e41accd8e1c96196f5e,15.267
459,100,c1d9018c6966e5c0df6272eec1e7825b9bf1b309e6057e41accd8e1c96194f5e,15.300
460,100,c1d9098c6966e5c0df6270eec3e7925b9bf1b309c6057c41accd8c1c96195f5e,15.333
461,100,c1d9098c6966e7c0df6270eec3e7925b9bf1b309c6057c412ccd8c1c96195f5e,15.367
462,100,c1d9098c6b66e5c4db6270eec3e7925b9bf1b309c6057c412ccd8c1c96195f5e,15.400
463,100,c1d9098c6966e5c4db6674eec1e7925b9bf0b349c60576412ccd8c1c96195f5e,15.433
464,100,c1d9018c6966e5c4df667ceec1e6925b9bf0b349c7055641accd8c1c96195b5e,15.467
465,100,c1d9018c6966e5c4df667ceec1e6825b9bf2b349c7055641accd8c1c96195b5e,15.500
466,100,c1d901cc6966e5c4df667ce6e1e6825b99f2b349c705d641acc98c1c96195b5e,15.533
467,100,c1d901cc6926e5c4df667ceee1e6825b9bf2b349c7055641acc98c1c96195b5e,15.567
468,100,c1d9018c692ee5c4df667ceec1e682db9bf2b349c705d641a8c98c1c96195b5e,15.600
469,100,c15901cc692ce5c4df667ceec1e682db9bf2b349c705d64128c98c1d96195f5e,15.633
470,100,c15981cc492ce5c4df667ceee1e692db9af2b341c705d64128c98c1d96195f5e,15.667
471,100,c11b859d492ce5c4cbe67ceee1e692db9af2b341c605d64128c98c1d96195f5e,15.700
472,100,c11b849d492ce5c4cbe67ceee1e692d79bf2b341c605d64128c98c1d96195f5e,15.733
473,100,c11b849d492ce1c6e9a67ceee1e692e79af2b361c705d64128c98c1d96195f5e,15.767
474,100,c01b8099492ce1c7eda67ceee1e693e69af2b361c705d64128c98c9d96195f5e,15.800
475,100,c01b8099492ce1c7eda67e6ee1e683e69af2b361c705d64328c98c9d96195f5e,15.833
476,100,c01b8099492ce1c7eda47e6ee1e683e69af2b361c705d64338c98c9d96195f5e,15.867
477,100,c01b8099492ce1c7eda47e6ee1e6c3e69ef2b361c705d64138c98c9d96195f5a,15.900
478,100,c01b8099492ce1c7eda46f6e61e6c3e69ef2b361e705d64138c98c9d96195f5a,15.933
479,100,60128299492de907e9855f6ee1e6c3e69ef6b3e1c701d64338c98c9d96195f5a,15.967
480,100,64368799090deb07e9855b6ee1e6c3e61ef633e28701c64378c91c9d9419df5a,16.000
481,100,64f6879b0d1dcb27c9851b6ec9e683a61ef633e28603864770c91c8db4b1d75a,16.033
482,100,64d687331d19cb27c9851b6fc9e683a63ff633e2a6038647f0c3188d34b1975a,16.067
483,100,6dd687331939db6389051b6fc9ee87a63fb633e226038447e0c3388d34b1975a,16.100
484,100,6dd687331919db6709051a6fc9ec97a63fd673c226138c47e0cb388c2cb1b55a,16.133
485,100,6dd60f7338399a6f09051a6dcbec9f263d9677c226138c47e0c9719c28b1b55a,16.167
486,100,6d960f737839926d0905ba6d9bec9f267c9676c22e130c47c0c971bc68b1d55a,16.200
487,100,4d160c733831926d0b0dba6d9bec1f267496e6c66e171c47c2c9f1bc68b1d55a,16.233
488,100,4d160c637831ba651b05b26d9bcc1f2e74b6e6c66c171c47c3c9e1bd68b1555a,16.267
489,100,c9160ce378a1fa651b01b26db3ec1f2674b6e6c64c171c4687c9e1bd68b1755a,16.300
490,100,c9160ce67da3f2651f013a69b3ec1f067436e6c64c161c4687c9e19d69b1f55a,16.333
491,100,c91ecce63da3fa270f233a69b2ec9b063e16f3c646160c4686c9e18d68b1f55a,16.367
492,100,c91ec8ce09f37a270f233f69ba6d9b063e1673c666160c46c2c9a98d68b1f55a,16.400
493,100,c916c8cec8f27a3e4f231f293e6d9b079f1670c66616cc06c2c3a98d68b1f55a,16.433
494,100,4956ec4ec0f3783e67231f211e69db079f1638c66616c606f2c3a98d68b1f55a,16.467
495,100,0356cd1ee0f3689e61231f611e69db879f1638c67616c606f2c3a98d68b1f55a,16.500
496,100,03520f4ee0d3689e612b0f631e69db859f1638c67616c606f6c3a9cd78b1f55a,16.533
497,100,a3720f1ca4d1489e612fcc633e69db219f133cc67216c606b6c3e9cd58b1f55a,16.567
498,100,f25a0f6c37c1099fe12fc8e33e695b219f13bcc67216c606a6c3e1cd50a1f552,16.600
499,100,f25e0e5c37e90999430ec9e33ce97b219f13bcd63216c616a6c3c1cd51a9e552,16.633
500,100,f352da5c3e593f99031cc9eb04ed7869d719bed03096c61626c353cdd129a552,16.667
501,100,13d3c9467e4c3e691b1ccbe984ed586dd7199f9838d0f616264352cdd169a552,16.700
502,100,51b3c9e3c96e7d611f0c4b78c1ed486d43199f983cf0fb06260772cdd169a552,16.733
503,100,36b9c9f3c9676d633f060b7ce1e9c4ec430dc79d9cf81b06a606324dd129a552,16.767
504,100,368d9af9c8fb2c633f030b1ee9f3e4e4f025638d9cf81b86a706934d5029b552,16.800
505,100,16ccdb99e84b2c7336638f120df2e4f4faa7718d84bc0996b7869b455829b552,16.833
506,100,13cc938d794c6c7926638b128dda64f6f8a7708dc6bc0996b3c6bbe558299552,16.867
507,100,136493cdcbccfc79366383138dda26727aa37885c6bc899683c6abe55829b552,16.900
508,100,166693cdcbccfc693c63830785daa6305a3338e7f6bcc89683c6a3e55829b552,16.933
509,100,466793c7d9cc7d693c61831785daa6305cb338e3f6b8c89683c6a3e1d129b552,16.967
510,100,046393c7d9cc6d693e658b1385dae6305cf338a3f69cc89683c6abe1d129b552,17.000
511,100,273313cfdb4c7de93a658b1385dae730546330b3f61cc89683c643e1d569a552,17.033
512,100,2b3393cefb4c7de92a658a0b0d50ee30547274bbfa18c8b4a3d657e195492d52,17.067
513,100,033393cefb4875692a65851b0f54fe32545274b9fa5898a52bd657e1b5492956,17.100
514,100,4733b3ced9c87d692a65850b0b34fc32155274b9d8589aa50bd657e9b5496956,17.133
515,100,473382ced148fd696a6d050f0bb4ec32957275bbd8588aa54b9657cba5496956,17.167
516,100,4d3302ced1d9f9696e6d054f0ab4ae34947275bbd058aaa54a9657cba5496956,17.200
517,100,4d33028ef15be969666d054f4ab4ae34947275bbf058aaa54a9697cba5496956,17.233
518,100,4d334286f15be9696c6f054f4abcae349572757bf058aaa5429495cba5496956,17.267
519,100,4c334287955be9496d6f154e4abcaeb49472757bf458aaa5529495cba5494956,17.300
520,100,4c334aa7911be949656b354e4abcaeb49c76757af450aaa552b495cb2d4b4856,17.333
521,100,0c334aa7911be949e56b254e4abcaeb49876757bf458aaa542b495eba5494956,17.367
522,100,0d334a97d19be9697569954f4a9caeb48432153b7458aaa54a96d7e9a5496956,17.400
523,100,6733ea17c19b79693f69944b4a9caf94c41215bb55588aa56ad656e1b5492956,17.433
524,100,5731ea17419b7d693f619443e8dc239cc61294bb1758dea5aad652e195492d56,17.467
525,100,5730eb17699b6d6939691563e854239cc61294bb17585ea5aad652e19569ad56,17.500
526,100,17b0e313e99b6d693d695563e844a39cc61294bb175856a7a8d672e19569ad52,17.533
527,100,15b8e332e99b6c693d695263ec44a39ce312d4bb175846a7a8d66ae1d569a552,17.567
528,100,1598f332e99b6c691d695263ec44a3dca312d2bb975846b7ac56eae15169a552,17.600
529,100,1698f31269db6c691d694b63e54473dca112d2bb97d84697b556aae15161b552,17.633
530,100,96d8f31269db6c690d694b63a54673ccb512d29b97d846977456bae159219552,17.667
531,100,86d8f31271cb6c498d694b63b566fbcc3592529b9798229774d6b8f159219552,17.700
532,100,86d8fb9271cb2c498d69cb63b566fbcc3592529bd7d8229754d6b87049219552,17.733
533,100,86d8fb92714b2e698d69cb633566bbcc3192529bd7d8a29754d6b8704921d552,17.767
534,100,86d87b92714b2e698d696b233566fbcc91925a9bd7d8a29774d638704921d552,17.800
535,100,86d87b92714b2e698d696b233766fbcc91925a9bd7d8a29734d638704921d552,17.833
536,100,c2d87b92744b2e69cd6169233746fbcc51935a9bd7d8a21734d679704921d552,17.867
537,100,c2d87b92704b2e69cf61e9233746f9cc51935a99d7d8a21734f659714921d552,17.900
538,100,cad87993304b2e69cf6169233744f9cc51935a99d7d8a21734f679716921d552,17.933
539,100,cad97993384b2e29cb6369233744e9cc51931a99d7d8a21774f679616921d556,17.967
540,100,cad9799338493e29cb6361233744e9cc50939e99d7d8a21734f679696921d556,18.000
541,100,cad87993384b3e29cb2361233744e9cc509b9e99d6dca21734f679696921d556,18.033
542,100,c2d87993304b3e29cf63a9233746e9ccd0939e99d6fc821734f6796969214556,18.067
543,100,c6d87993704b3e294d63ad637744efccd093949bd6dc861634b6796949212556,18.100
544,100,c6d87b93634b3c694d6129636744e7ccd193149bd6dc861634b6f9e949612556,18.133
545,100,86dc6b92634b3c694d616963ab04e7ccd192149b9edc863674b6f9e9c9612556,18.167
546,100,86dccf92634b7ce949614963ab04e6ccd192949b1efc86366696f9e9c9612556,18.200
547,100,967ccd92e34b78e95d614963ab44e6ccd192149b3ef89e340696f9e9c9610556,18.233
548,100,b67c4d92638b70c959619963ab44f684d59a349b3efc9eb40696f9e9c9610554,18.267
549,100,3cbc4d9ae70bf84959613b62ba05868ce59a349b3efc1eb40616fbe9cb611544,18.300
550,100,7c9c4d9ac30bec6b796333661e8d0e9cc59a609b7efc1eb40606cbe9ca453544,18.333
551,100,f8bc499b0f0be869f16332663cad3f1ec19ac29bf6f8f4340706cbe982453544,18.367
552,100,e9b01b1b3e0b6969e3e324e47cad3e1e8932c69bf2d8f4a414469fe9a2856554,18.400
553,100,c3b0bf1b7c0b09e9a7c765cce92dfa1e9b329693c2c8e0e4fc463e892685c154,18.433
554,100,93b2fe1b6c4b0be12fc74d0ce839d2763332169346d988e4f44e3e896c85d55c,18.467
555,100,1732ec5bc05b3bc56dcec9498039f6f63232d4129fd10ae4d55eeea94c89155c,18.500
556,100,3630685bc1db7bc97d4e99498169b4f67672d4329e9112c4d55eeaa9cc89155c,18.533
557,100,3730685bc15b7f8d7d4e9949816984f67676f4329e9112c4d55eeaa9cc09155c,18.567
558,100,1fb06c1bc15b7b8d7d4ed949812984f67676d4329f9112c4d55eeaa9cc09155c,18.600
559,100,1fb06c1bc05b2b897d4719498129c4fe7676d4329f991ac4d55eeaa9ec89155c,18.633
560,100,1fb06c1bc05b2bc97dc759498129d4fe3376d4329e991ac4d456eea9ec09155c,18.667
561,100,13b06e1be05b2be97dc74949c129d4fe3376d63297998ac4f4466ea96c09155c,18.700
562,100,03b07e1af81b2be92fc74d49e929d67e3336569296998ac4f4466ea96c89155c,18.733
563,100,83b0bf1b7c1b6b690fc74d69f92df25e91361692d6d980e474463ea32e81815c,18.767
564,100,c1fc171b7e1b696907e32d697d2dfa1e9136169aced9c0e436463ea12681c15c,18.800
565,100,e1dcc3db3e0b69698363a4616cad3b1ed8b6169ae6d8f474176617a12285c55c,18.833
566,100,68dcc3db1f0b6969c363e4612cad1b5edc96829ae6d8fc34172697a18285e55c,18.867
567,100,68dcc3db1f0b6b69c363a46d2fad1b5edc92829ae6c8fc34932693a18285655c,18.900
568,100,68dec3ca1f0b6961c363a46d2fad1b56dc96029ae6e9fc34972697a18281e55c,18.933
569,100,60da8f4b1f0b6961e363a42d2bad1b56f49612dae6e9fc34972697a18205e55c,18.967
570,100,f0dac34b1f0b6b61e163e42d0bac1b56f49682daf6f8fc34932793a18205e55c,19.000
571,100,78dac34b1f0b6961e163a42d09ac1f56fc9690def6ec7c34813793b19245655c,19.033
572,100,78dcc34b8f0b6971f161342d09ac0f567c9690de36ec3e14c137dbb9d245654c,19.067
573,100,78de434b8f0b6971f961b62d09ac0f52369290de36ec1f14c137dbb9d3652544,19.100
574,100,3c5e634bcf0b69717961b62da0ac0d521e96f0ce36ec3794c113dbf9d9252544,19.133
575,100,1e5e794bc30b29717971972da1ac61d61e92b0cf92fc8794e113cbf95925a544,19.167
576,100,1e4e794bc38b29717971930de4aca1d296d2b44f92fca790e4936bf96925a544,19.200
577,100,1f66796fe3092d717d31938da42c81d297d2942f92fc97d0f0936bb86925a544,19.233
578,100,9f62696be3890d784d39d3cca40f89d2c7d2142fdafcb7d4749369b829259144,19.267
579,100,0f6221ebe1d90d784929cbccb42fcb52d7d2942fdafc9794f49369b829259144,19.300
580,100,0f62308be9590d39592de3cca41bebd283d6942dfbfc9794749369b82d259146,19.333
581,100,0f62720be9590d39792de3cca41bfbd203d69c2dfbfc8494749369bc09259546,19.367
582,100,0f636289ed580c39fb2de3cc001bfbd216969c2dfbfcc4967c9369bc09258546,19.400
583,100,5ee36299cd380d39fb0da7cc203bdbd216869c2ddbf885967c9349bc49258546,19.433
584,100,5ee36099cd701d39fb0da7cd2013d3d216969c2ddaf8c596f8935bbc49258544,19.467
585,100,5ce3c299c9703969e70d2f8d3037d3d23696182d9ed88516e8b3dbf85925a554,19.500
586,100,dcc2c29949797969e50d2f8d307797d6369658ad96d88512c8b3dbe959252554,19.533
587,100,d5c2c29b1b7979696d294d09613697d674d670edb6d80d16c03393e9f925251c,19.567
588,100,d5c2c61b1b69e96925694d1969368796f4d6f0dd36d81d16c12393e9b8616d1c,19.600
589,100,d5c6051b1b69e1612d695d39e1768786f4d6f0d936991d169223b3e9b0696d1c,19.633
590,100,ddc61d3b3b61e1696d49d939e1760f96ddd6d0d976911856122326e9a069e11c,19.667
591,100,d9ce153b3b61e3490d49f939e9662f06d55ec0d9fe91d816122326e9a269f154,19.700
592,100,d9ce1d3b7b61e3412d49b979e1662d86dd56c0d9fe919856122326e9a269d154,19.733
593,100,c9d61d3b7a69e3612d49b979e16e2d86dd56c0dbf691981612232ee96269c154,19.767
594,100,e9d65d2f3a69e3610549bd79e17a0f06dd56c0dff6919816122326e9a269e154,19.800
595,100,c9c60d0f3f69e3612d49dd39f17a0f06dd56c0dff6999816122326e9a269e154,19.833
596,100,c9d6552f3a69e3612549dd79e17a0f06dd56c0dff6999816122326e9e269c154,19.867
597,100,c9d61d3f3b69e3612549d979e16e0f06dd56c0dff6919816122326e9e269c154,19.900
598,100,d9ce353b3b61e3610d49f979e9760f86dd56c099fe919816122326e9e269d114,19.933
599,100,d95e353b7b61e1492d49f979e9660f06dd56c099fe91981612a326e9e269d114,19.967
600,100,dd5a35397f61e1491d49f979e5660f06dd5ec099fe91981612a326e9e069d114,20.000
601,100,d55a37397b61e1691d49f979ed660f86d55ec0997e909a1612a326e9e069d114,20.033
602,100,d54a17397b61e1698d49f979ad660f86d4dee0997e909b1612a326e9e069f114,20.067
603,100,d54a17397b6161699d49f979a5660f86dc5ef0997e90991692a326e9e069f114,20.100
604,100,d54e17397b6161698d49f979a5660fc6dd5ee0997e90991612a326e9e069f114,20.133
605,100,d54e17397b6161698d49f979a5660fc6dd5ee0997e90991612a326e9e069f114,20.167
606,100,f55e17397b6161698d49f979a5660fc6d45ee0997e90991612a326e9e069f114,20.200
607,100,d55a17397b616149cd49f979ad660f86d45ee0b97e909b1612a326e9e069f114,20.233
608,100,d55a3739fb616149cd49f979ad660f86d45ee0b97e909a1612a326e9e069d114,20.267
609,100,d55a37397b616149cd49f979ad660f86d45ef0b97e90981612a326e9e069f114,20.300
610,100,d55e17397b606149dd49f979a5660fc6d45ef0997e90991612a326e9e069f114,20.333
611,100,f54e132f7b606169cd49f979a1668fc6d55ef0997e90981612a326e9e069f114,20.367
612,100,edce122f7b606169cd49f979a1668f86dd5ef0997690991612a326e9e069f114,20.400
613,100,e9ce122f3f606169cd49f979a1668f86dd56f09b7690991612a326e9e069f914,20.433
614,100,f9ce102f3f606169c549f979a1668fc6dd56f09f7690991612a326e96069f914,20.467
615,100,fdc6002f7f6061698549f97921768fc6dd56f09ff690991612a326e96269f114,20.500
616,100,ecc640af5f2e6963a549f959b17b87469d56d09ef6909916123326e96269f114,20.533
617,100,ebd6c0af0f2e69636549f959317987869d56d09ef6989d16901326e96269f114,20.567
618,100,ebc6c88f1faf6b632149f9593079a7c68d56f01ef6989d16901322e92269f914,20.600
619,100,ead4c88f1faf6b672149f9493079a7360f56f01ef698dd16901326e92269f114,20.633
620,100,fac4c08f1faf6b672443dd493079a7961f56d05ef698dd14901326e96269f114,20.667
621,100,fac4c08f1faf6b676463cd493079a7969f56d05ee6989d14901326e96269f114,20.700
622,100,dac0c0af1f2f6b676463ddc93179a7969f56d05ee6989914901326e96269f114,20.733
623,100,dac0c82f1f2f6be76cc9dd49307926b69f56d05ee6b89916901326e96069f114,20.767
624,100,dbc4402f1f2f69e74dc95d59b0792ea69f56c0deeeb49916901326e96069d114,20.800
625,100,dbc6192f5d2f69e70d49b559a0792ea69d5680deeeb4911690132ee96469d154,20.833
626,100,93c61d2f7f2ec9e70dc9b57962790ea69d568296cab0d116a2174ee944c9d154,20.867
627,100,939e7d2ed56ec9e30d09a17962793e86b256029e5fb0d556aa974ee944c98154,20.900
628,100,133e7d2ec56a49c12d19a3794ae5fa86325602bf57b0b056aa975fe95549a154,20.933
629,100,133ee96e8d634dc92919a2794ee77a8622d612b397b0a2564ab75de9d549a154,20.967
630,100,593efd6e8de359892b5962f94ca63a5622d612b195b0a2565aa75de99549a154,21.000
631,100,592efd62cde309892b5962794ca6bad602d652b1d5f0a2564ab75de9d549a154,21.033
632,100,592efd62c5e309c92b5962794ea6ba5622d652b1d5f0a2164ab75de9d549a154,21.067
633,100,792ef562c1e109c92b5962794f26ba56a2d6d2b9d590a2164abf55e9d549a15c,21.100
634,100,7c2ef563c1e109892b5922794f26ba56a256d2b9f5d0a2564abd55e9d549a15c,21.133
635,100,5c2eed63c1e109492b5920794f26ba56a256d2b9f5d0b2564abd55e9d549b15c,21.167
636,100,1c2eed6341e14d49ab59207b4f26ba56a056d2b9f5d4b2170ab556e9d549b91c,21.200
637,100,1f2e656340e94d89b95920694fa6bd56e056d2b955d4b2172abd46e95549bd1c,21.233
638,100,1f2e756360e14dc9b959a0694f269d56b056d6b955d4b016aab546e95549bd1c,21.267
639,100,1f8e053360e14dc9b959a0696fa68d56f8567eb915d49416aabd66e954499d1c,21.300
640,100,9fa6507378e94dc99949a14b6fa68d56b8567eb914d49412aabd62e954499d1c,21.333
641,100,87a6307378e94dd99949a94b4fe68556bc566eb914d49512aabc62e974499d1c,21.367
642,100,c7a630337ae96d499949b94b0ba68556bd5626bd14d4d712aabe22e97449cd1c,21.400
643,100,c3a610337ee92dc9d949bb0b23a6c5563d5624bd84d4df02aade22e97749cd14,21.433
644,100,c3a718333a612de9c949fb29a3b6c5561d56a6bd80d4df9222de2279ff01c514,21.467
645,100,c3a6d8333a7127e94909fd09a1f7e5561d46b4bdc0d4df92001e223dbf61e554,21.500
646,100,63c6d8b31a7322f949495f29a1b7e5161d4696bde0dc5fd2001e823dbf61e544,21.533
647,100,63c668931a73a2f969695f0929b9f4161d4696bfe4dc4fd2011e903dbf616544,21.567
648,100,65c679870a33b27969694f09b9b9f0b6074696bff0dc47d2011e903dbf616544,21.600
649,100,61e679870a33b27969494f09b9b9f0b605d696bff05c47d2011eb03dbf616544,21.633
650,100,65c679870a33b27969494f09b9b9f0b605d696bff05c47d2011eb03dbf616544,21.667
651,100,65c679870a23b279e9494f0939b9f0b6154696bff4dc47d2015e903dbf616544,21.700
652,100,63c669871a23aaf168495f0939b9e0b61d5696bff4dc57d2011e903dbf616544,21.733
653,100,63c649871a2326f168695f49a9b9e0b65d4696b7e0dcdfd2011ea03dbf61e544,21.767
654,100,63c649871a6326f149695f092bf9e1361d46b4b7c0dcdfd2011ea23dbf61e544,21.800
655,100,6bc6c9871a6322f149695f092bf9e5361d46b4b7c0d4dfd2011e223dbf61e544,21.833
656,100,6bc6c9871a6322f149695d092bb9e5365d46b4b7c0dcdfd2011e223dbf61e544,21.867
657,100,6bc649871a6322f148695f092bb9e1b65d46b4b7c0dcdfd2011ea23dbf61e544,21.900
658,100,6bc649871a632af148495f092bb9e1b65d46b4bfc0dcd7d2011ea23dbf61e544,21.933
659,100,6fc441871a632af14869df092ba9e1b65546b4bfc0dcd7d2015e223dff61e544,21.967
660,100,efc4c1861a632ef14869df092ba9c0b65d56b4bf80dcd7c2831e223d7f61e544,22.000
661,100,ebc4c18638632ef14869fd493ba9c1b65d56a4bf80dcd7c28b1e22397f61c544,22.033
662,100,ebc4c10638632ef14869fd493ba9c1b65d562cb780dcd7428b5e22f97f49c544,22.067
663,100,6bc4c10638232ee14969fd497ba9c1b6dd562eb700dcd752ab5622f97749c544,22.100
664,100,6bc4c10678636ee14969b84973a9c1b4fd562eb7449cd512abd622f97749c554,22.133
665,100,ebccc10678636ee34969b84973a985b4fd562eb704dcd512ab9622f97549c514,22.167
666,100,ebccc30678636ce34969b84973a985b4fd562cb704dcd552aa9622f97549c554,22.200
667,100,ebc4cb0638676ce34969b84973a985b4fd563cb704dc9552aa9622f97549c51c,22.233
668,100,ebc4cb0630676ce34969b84973a987b4fd566cb704dc9552aa9622f97549c51c,22.267
669,100,ebc4cb0630676ce34969b84973a987b4fd566cb704dc9552aa9622f97549c51c,22.300
670,100,ebc4cb0630676ce34969b84973a987a4fd567cb704dc9552aa9622f97549c51c,22.333
671,100,ebc4cb0630676ce34969b84973a987a4fe567eb704dc9512aa9662f97549851c,22.367
672,100,ebcc8b0e30676ce349e9b84973a987a4f6567ea614dc9d12aa9662e97549851c,22.400
