0,100,a4a966b9cf58d3491af9f80f07f2e9036fe6083dfb6983d8a4a36da40034de54,0.000
1,100,a4a966b9cf58d2491af9f80f0ff2e9036fe6083dfb6983d8a4a36da40034de54,0.033
2,100,a5a966b94f58d2491a79f80f0ff2c9936fe6083dfb4987d8a4a36da40034de54,0.067
3,100,a5e966b94f58d2491a79f80f0ff2c1936fe6083dfb4987d8a4a36da40034de54,0.100
4,100,a5e966b94f58d2491a79f80f0ff2c1936fe6083dfb4987d8a4a36da40034de54,0.133
5,100,a5e9e6b94f58d2491a69f80f0ff2c1936fe6083dfb4987d8a4a36da40034de54,0.167
6,100,a5e9e6b94f58d2491a69f80f0ff2c1937fe6083dfb4987d8a4a36da40034dc54,0.200
7,100,a5a966b94f58d2491a79f80f0ff2c5936fe6083dfb4987d8a4a36da40034de54,0.233
8,100,a5ed26b94f58d2491a79f80f0ff2c5936fa6083dfb4987d8a4a36da40034de54,0.267
9,100,a5ed26b94f58d2491a79f80f0ff2c5936fa6083dfb4987d8a4a36da40034de54,0.300
10,100,a5ed26b94f58d2491a79f80f0ff2c5936fa6083dfb4987d8a4a36da40034de54,0.333
11,100,a5ad66b94f58d2491a79f80f0ff2c5936fa6083dfb4987d8a4a36da40034de54,0.367
12,100,a5ede6b94f58d2491a79f80f07f2c5936fa6083dfb4987d8a4236da40034de54,0.400
13,100,a5ede6b94f58d2491a79f80f0ff2c4936fa6083dfb4987d8a4236da40034de54,0.433
14,100,a5ede6b94f58d3491a79f80f0ff2c4926fa6083dfb4987d8a4236da40034de54,0.467
15,100,a5ede6b94f58d3491a79f80f0fd2c4927fc6083dfb4987d8a4236da40034de54,0.500
16,100,a5ede6b94f58d2691a79f80f1fd2c4927f86083dfb4987d8a4236da40034fc54,0.533
17,100,e5ede6b94f58d2491ae9e80f1fd2c1937fc6083dfb4987d824236da40034fc54,0.567
18,100,e4e9e6b94f58d2491ae9e80f1fd2c1977fe6083dfb4987d824236da40034fc54,0.600
19,100,e4e964b94f58d2493ae9e80f1fd2c197ffc6083dfb4987d824236da48034fc54,0.633
20,100,e4e964b94f58d2493ae9e80f1ff2c197ffc6083dfb4987d824236da48034bc54,0.667
21,100,64e964b94f18d2493ae9e80f1ff2c117ffe6183dfb4987d824a36da48034bc54,0.700
22,100,e4a964b9cf58d2493ae9e80f1ff2c1077fe6183dfb4987d82c236da48034bc54,0.733
23,100,e4a964b9cf58d2493aebe80f1ff2c1077fe6083dfb4987d82c236da48034bc54,0.767
24,100,e4a964b9cf58d2493ae9e80f1ff2c1077fe6083dfb4987d82c236da48034fc54,0.800
25,100,e4a964b9cf58d2493ae9e80f1ff2c1077fe6083dfb4987d82c236da48034fc54,0.833
26,100,e4a964b9cf58d2493afb780f1ff2c1076be6183dfb4987d02c236da48034fc54,0.867
27,100,e4a964b9cf58d25938fb780f1ff2c1066fe6182dfb4987d02c336da48034fc54,0.900
28,100,e4a964b9cf58d3493afb788f07f2c1066fe6082dfb4987d82c336da48034fc54,0.933
29,100,e4a966b9cb58d3491afb788f07f2c1076fe6082dfb4987d8a4336da40034fe54,0.967
30,100,e42966b9cb58d3691a7b788f07f2e1076fe6082dfb4987d8a4336da40034fe54,1.000
31,100,a42966b9cb58d3791a7b7c8f06f2e1076fe6082dfb4987d8a4336da40034fe54,1.033
32,100,a42966b9cb58d3791a7b7c8f06f2e1076fe6082dfb4987d8a4336da40034fe54,1.067
33,100,a42d26b9cb58d3791a7b788f06f2e1076fe6082dfb4987d8a4336db40034fe54,1.100
34,100,a42d26b9cb58d379187b788f06f2f1076fe6082dff4987d8a4336da40034fe54,1.133
35,100,a42d24b9cb58d3791a7b788f06f2f1076fe6082dff4987d8a4336da40034fe54,1.167
36,100,e42d64b9cb58d3791a7b788f06f2e1066fe6182dfb4987d8a4336da40034fe54,1.200
37,100,e42964b9cb58d37938fb788f06f2c1066fe6182dff4987d82c336da40034fe54,1.233
38,100,e42964b9cf58d37938fb788f07f2c1066fe6182dff4987d02c236da40034fe54,1.267
39,100,e42964b9cf58d27938fb788f0ff2c1066fe6183dfb4987d02c236da48034fc54,1.300
40,100,e46964b9cf58d27938fb688f1ff2c106efe6183dfb4987d02c236da40034bc54,1.333
41,100,e46964b9cf58d27938fb608f1ff2c106efe6183dfb4987d02c236da48034bc54,1.367
42,100,e46964b9cb58d27938fb609f1ff2c106efe6183dfbc987d02c2369a48034bc54,1.400
43,100,e46964b9db58d27938fbe09e1ff2c106efe6183dfbc987d02c2369a48034b454,1.433
44,100,e46964b9db58d27938fbe09e1ff2c106ffe6183dfbc987d02c2369a40034b454,1.467
45,100,e46964b9db58d27938fbe09e1ff2c106ffe6183dfbc987d02c2369a40034b454,1.500
46,100,e46964b9db58d27938fbe09e1ff2c106ffe6183dfbc987d02c2369a40034b454,1.533
47,100,e46964b9db58d27938fbe09e1ff2c106ffe6183dfbc987d02c2369a40034b454,1.567
48,100,e46964b9db58927938fbe09e1ff2c106ffee183dfbc987d02c2369a40034b454,1.600
49,100,e46964b9db58927938fbe09e1ff2c106ffee183dfbc987d02c2369a40034b454,1.633
50,100,e46964b9db58927938fbe09e1ff2c106ffee183dfbc987d02c2369a40034b454,1.667
51,100,e46964b9db58927938fbe19e1ff2c106efee183dfbc987d02c2369a40034b454,1.700
52,100,e46964b9db58927938fbe19e1ff2c106efee183dfbc987d02c2369a40034b454,1.733
53,100,e46964b9db589271b8fbe19e1ff2c106efee183dfbc987d02c2369a40034b454,1.767
54,100,e46964b9cb589271b8fbe99e1ff2c106efee183dfbc987d02c2369a40034b454,1.800
55,100,e46964b9cb589271b8fbe99e1ff2c106efee183dfbc987d02c2369a40034b454,1.833
56,100,e46964b9cb58927138fbe99e1ff2c106efec183dfbc987d02c2369a48034bc54,1.867
57,100,e46964b9cb589263b8fbe99e0ff2c1076fec183dfbc987d02c2369a48034bc54,1.900
58,100,e46966b9cb5892e338bb699e0ff2c1076fec183dffc987d02c2369a48034bc54,1.933
59,100,e46926b9cb5892e338bb699e0ff2d1076fec183dff4986d02ca36da48034bc54,1.967
60,100,e46926b9cb58926338bb699e0ff2d1076fec183dffc986d02ca36da48034bc54,2.000
61,100,e46966b9cb589263382b699e0ff2f1076fec183dff4986d82ca36da48034bc54,2.033
62,100,e42926b9db589263382b699e0ff2f1076fec183dff4886d82ca36da48034fe54,2.067
63,100,e42906b9db589263382b799e0ff2f1076fec183dff4886d82ca36da48034fe54,2.100
64,100,e62906b9db589263382f79960ff2f1076fec183dff4886d82ca36da48034de54,2.133
65,100,e6a906f9db489263382f799607f2f1076fec183dff4886d82ca36da48034de54,2.167
66,100,e62906f9db589263382f799607f2f1076fec183dff4886d82ca36da48034de54,2.200
67,100,e62906b9db589263382f799687f2f1076fec183dff4886d82ca36da48034de54,2.233
68,100,e62906b9db589263382b799687f2f1076fec183dff4886d8aca36db40034de54,2.267
69,100,e6290679db589263382b799687f2f1076fec183dff4886d8aca36db40034de54,2.300
70,100,e62926b9db589273382b799607f2f1076fec183dff4886d8a4a36db40034de54,2.333
71,100,e62d2639db589273382b799607f2f1076fec183dff4886d8a4a36db40034de54,2.367
72,100,e6290679db589263382b799687f2f1076fec183dff4886d8aca36db40034de54,2.400
73,100,e6290679db589263382b799687f2f1076fec183dff4886d82ca36db40434de54,2.433
74,100,e62926b9db589263382b799687f2f1077fec183dff4886d82ca36db400349e54,2.467
75,100,e6a926b9db589263382b799e0ff2f1077fec183dff4887d02ca36da400349c54,2.500
76,100,e4a926b9db5892e3382fe9861ff2e1077fec183dff4987d02ca36da400349c54,2.533
77,100,e4e926b9cb5892e3382fe9861ff2c1077fec183dffc987d02ca369a40434b454,2.567
78,100,e4e926f9c35892e3386fe1861ff2c1077fac183dffc987d06ca369a40434b454,2.600
79,100,e48924f98358b2e27a6fe11e1ff2c106ffac183dff4987d06ca369e41434b454,2.633
80,100,64996cb99358b6e2386f611e1ff2c106ff6c3839ffc987906ca349e49434b454,2.667
81,100,4cb9ecb98358b6e37aef001e3fb6c106df2c38797bc9879048a349e4f434b454,2.700
82,100,4cb96cb99358b6e27a6fc21e3ff6c306df2c30797bc90f9048234be4f024b454,2.733
83,100,4cb96cb19358b6c372ef431e3ff6c306db2c70797ad90f904823cbe4f024b454,2.767
84,100,4cb96cb19358b6c372ef421e3ff6c306db6c707973d90f904823cbe4f024b454,2.800
85,100,4cb96cb19358b6c272ef461e3ff6c306db2c70797bd90f904823cbe4f024b454,2.833
86,100,4cb96cb19758b6e2f2cf061e3ff6c306c32c70f97bd90f904923cbe0f024b454,2.867
87,100,4cb96cb19758b6e2f2cf861e3ff6c306c32c70f97bd90f104923cbe0f024b454,2.900
88,100,49b96db1975835e2f2cf865e3df68306c72c70f95bd90d104923cbe9f024b454,2.933
89,100,4cb969b11f1835e2f2ef0e5e36f68706870c70f97bd91d104923dbe9e064b454,2.967
90,100,4ca948b13f3025e2f2ef0a5e7df68716870cf0f97bd93d1049a3dbe1d0652454,3.000
91,100,4da949b13f3035e2e2ef1e5e75f68706970cf0e97ad93d1049a3dbe1d0652054,3.033
92,100,4db949b13e303562e2ef1a5e75f687069f0cf0e97ad93d104923dbe9c0656454,3.067
93,100,c9b949b13e30356286ef3edee5f68616af0c60e97ad93d1049239be9d0656454,3.100
94,100,c9a949b13e30756286ef3e9ee5f68606be0c61e95ad97d1249239be9d0656454,3.133
95,100,d9e949b13e30616686ef7a9cc5d68616be0cc1e97e997d1249239be9d0656454,3.167
96,100,c1e9d9b13e31616684eefa9cc7d69746300cc1e97e997d12d9239be990656454,3.200
97,100,c1e9d9b17ab1634605cefa9cc3d6b646300e03e97e997d12d9239fe982656454,3.233
98,100,c1e199b178b1834605cef09ccbd6b646305f03e97e997d129b239fe99265645c,3.267
99,100,c1e19d3178b10746244ee0bcdbd6b446607f03e97e9979129b23bee99265655c,3.300
100,100,81e1bd3178b107e4254ee0fddbd6b44660be03c97c99f9329b279fa1924d245c,3.333
101,100,83c1b931f9b107a4254ee0fddadeb446609e1fc97c89f9369b239fa11245255c,3.367
102,100,07c1b931f9b10f24257ec0f9de9ea45600fe17c96c89d9369b269fa1164d655c,3.400
103,100,17c1f879d1310f242d5ec0b8f69ea45601fe3fc94ca9d9349b26bfa1260d655c,3.433
104,100,1fc1f07993311f24695ec1f8f69e24d605e67ec958a9d134bb663ea1260d455c,3.467
105,100,3fc1f07993312f244d5ec1f8f69e60d60fe27e89d8a99134b3663ea1260d455c,3.500
106,100,bee1c06913213fa449dec1b8a69e04d60fe37e89d9a9b174b3663ea16e0d455c,3.533
107,100,eaf1c069172568accdde81f8a49e44d63f637c89d9a9937496663ea16c0d455c,3.567
108,100,ea7100793f246caccdde81d8249f4f963f435c89f9a9ba2497663e216c8d455c,3.600
109,100,ea71017837246eaccddea178249f7f963f435c89f9a19a2497663e216c8d055c,3.633
110,100,e271057837246aaccddea219249fbfd62f435c89d9e99a6497663e216c8d055c,3.667
111,100,e2f1017837346aacc5dea219648fbfd62f435c89db299a2497767e216c8d055c,3.700
112,100,c0f117783f2468acc1de831b448fbfd62f434c89cb699a249776fe216c8d855c,3.733
113,100,c0f107783f2e68acc1dea25b748f3fd22f414d89c9a19b249776fe21648d855c,3.767
114,100,c0f00f783f2678acc1de825b568f37d22f434c89cde1db249776f621648d855c,3.800
115,100,e03c8b78372e7aace1dea25b128f37c22f4344894da9cb349776f621668d855c,3.833
116,100,e03e0b1c372e7e84f1dea25b1a8f97c22f4344896da9cb349f727621668d855c,3.867
117,100,e03e0b1c172efea4c8dea05b1acf97c22743248965b94b34df367e23668d855c,3.900
118,100,e43e0b9c1f0efe86c88ea15b5acb97c2a74324a965b949b45d327a23628de55c,3.933
119,100,653e0b9e1f0ebe86588ea55b4acb93c38743a4a964b949b41d323b23728df55c,3.967
120,100,253e0f9e5f0eb6865886255a4ac9dbe38743a4a924b969b41d321ba3728df55e,4.000
121,100,643c8d9e5f0eb626e89625424a695be3c343b2e9a4b928b41db21ba33aa5f55e,4.033
122,100,70bd859e5b8ff726ea96344228694be3c363d269b4b928b40db21f830aa5f556,4.067
123,100,32bd859e0b8f5726ba96b406246b4be34963d269f4b9a4b48db20f930aa5f556,4.100
124,100,b039069c0b8f572efed69296a46a69a96963da69f039e4b48d928f930aa57556,4.133
125,100,b93956a9a99e538ffec69296a46220e96d637a697239e6dc859285930aa53556,4.167
126,100,a93dd6a90b9e538f7d46d296b44225e96d6379617239e2dc859285930aa57556,4.200
127,100,a93cd7a9899e6b8f7d46da96944224e96da339617239c2dcc792879302a57556,4.233
128,100,a93ac3b9958e6b8f7dce5a96945226e83da33961723962dcc792871306a17556,4.267
129,100,e17ac33d958c2b8f6dce4a969256b6d0bda33963703972dcc79a87120681b556,4.300
130,100,e17a8b79958c2b9d6d4bca9692d6a6d29da33963f07952f9879087520a89b554,4.333
131,100,c072ca78b588279c6dcfcb1e12b6aed2bda3f923f079d2f98b900f520a81b554,4.367
132,100,44b3ca78b708359c6d8f490f52b6bed6bca3f123e079d1f98ab11f520a89b154,4.400
133,100,44b34a709b49359c658f490f52b7bed6bce2f1236279d1e91ab99d520a89f154,4.433
134,100,64a7ce70da49351c658f490f5bb4ded6fcc2f1236271d1e91ab99d521a83a154,4.467
135,100,64a74e70da58371c65af490f5ba5ded6f8c6e127627191e91eb99d52380b8154,4.500
136,100,6ccf4ef0da50371c25ae490f5b25ded6f8d6f123627101e91eb9fd52380b8154,4.533
137,100,2ccb46b1da70b71c24bc4d0f6b2dd6d6f8d6d1a7237101e99eb9fd12380b8154,4.567
138,100,accb66a34a709b5834bc4d0f6929c6d6f8ded1a7216103e99eb9fd52f80b8154,4.600
139,100,bccb24874a70995836bc648f692dcad6dcded1a7016303e99fb9fd52d80b8154,4.633
140,100,dd8b24876a70c968369c66af6d2f6a76cc5ed1a7016301e9dbb9fd12d80b8154,4.667
141,100,df83b4cf2a534968169c763c6d2f6b36ce5ed08701a301e9dbb9fc12f80b8154,4.700
142,100,dd87b4cf22d34d681e9d363c6d2debb6ce5ed08701a301e9cba9fd12f8030154,4.733
143,100,5d87d6dfa2532d685e9d323c65ade992ea5ed8c701a301e9cba9fd12f8030154,4.767
144,100,6d87d6dbb24b25684e5d1ab4f4aded92e35ec8c701b301e14be9ff12f8030154,4.800
145,100,2d965ad3924bb5606e7d1b7076ade492e54e6ec700b301e16fe9ff1a780b0154,4.833
146,100,ac967ac3da4b95e1267c0b5012bde49ff54ee64748f381a12de1ff1a780b8154,4.867
147,100,a49e3ec36b4bd5a136748f521abd769fb54ee64608d381a125e17f1a780b8554,4.900
148,100,04debec2294bd80912e4ad7a9bbd729ff5caf36ea0c380a105e57f1a7e0b8454,4.933
149,100,42fe96d6ad4b482912e587728bb8f29df4cef36ea6c380b104e57d1a7e0b8454,4.967
150,100,02f456d6bd4b68295aa51772cdb8fa1df0ce932ea6c383e106e57d1b7e0b8054,5.000
151,100,28b652d6fd0ba5491ae51764dd38ea1df0ded326a64b83e106e57d1bfc0b8051,5.033
152,100,a1bd52f65ed2a50b08ed1a645d30eb1df0dfd126a64e07e106e5fc1bf80b9451,5.067
153,100,a52da1f45ad6f51b24c91a657f32e938e05bd1beb74e07c102e5f49bf80b8051,5.100
154,100,4429a5ad4af47f12a5cb2ae57e667d306059d0bed34e07cb0be5f49bf00b9051,5.133
155,100,4acb852d8be46a56159ba9cd7e667d30685940bedb2e374b1fa56499f01bc051,5.167
156,100,4ac7952983e46b56549ba9cdfa667cb0295948fedb3e3f4b1ba14499e01bc051,5.200
157,100,6b87142d97246b56549bb9cde2666cb329584afe1b3efe4bdfa10499801bd051,5.233
158,100,6b9330cd9724eb56769bb1cda16660b30d784bfe5b36f64bfea104f1001bc051,5.267
159,100,6b1f22cd9727eb56749b9589216442b3c9795fc85b36f64bfaa516b1003b8151,5.300
160,100,e81fea9d166dab3660da1489236c4ab2c979dfc8dab6b04ff287deb100bb8051,5.333
161,100,cc33e89f76e989666ed214993f4c6eb69971d949dab6004da087fca125bb8151,5.367
162,100,543f8a9f76cd9b6668d256b9ff0c4e969971934992b6045920879ca56dbb8151,5.400
163,100,55a52a1d56cdfd662b5656b9b92c4e9693f1b54932b6245820873da56dbb8151,5.433
164,100,95e469b0969cd166b93646d1992ccc8692f335493eb664d82c8f79a76dbb8151,5.467
165,100,d1e56db09a9c06c6b96e66d1912dcc0e9ad3354926b666f82c8f49a76dbb8151,5.500
166,100,d3676db0aa989eced16e6ed191a99c0c8ad2354926b646f82d8949a76fbb8151,5.533
167,100,964fc5e52e3032cc8d6e669317e1b13c0e9635496e875cf86d8999274fbb8151,5.567
168,100,504f8fe56930729ca94ec6937fe1217c6896854bc887ddf0c9199327defb8051,5.600
169,100,405bbe4fc9f0769cab4e1c3bdd83eb6c4096b54b088f9db0c35932271efb2054,5.633
170,100,55da304f5b21c4b0ab5e50fab583eb6ccdb6b44b1a9fb5e00b59226774fb0054,5.667
171,100,a4da224fdb25a4b02a5e55e8aa075a6c1db6a04b5abf35606e59666fe5fb8054,5.700
172,100,a58b524dbd2568b0d65a8de92a0fd4e8a9360a5b56afe541ea91ccee9dfb8014,5.733
173,100,6c8fb20d25675fb0a45a7ba9540fb5e06ab6d49bb52e0b411ab51dce3b3ba014,5.767
174,100,0dbb668da967bfb24c5a5329ac0d2f4452b4b51ba97a5a8174a9b15ee3f3c014,5.800
175,100,bda8c4bd2b4776b7997ab549489d524cb6a4295b5ad6b685e529635e4eb30404,5.833
176,100,696a94bc5a45c4a72b526d19d29da64c6da4d352b6f66dad4b69c656bca33044,5.867
177,100,eb4e35bca2451d26da52953b26bd4c4cdb24a4526da6db29b249acb679abe144,5.900
178,100,0a4ecdac62cdb1aeb6d2696b4bb9bacc36ae4d52db2d364964991976c36b0150,5.933
179,100,324e9d2846cd69266ed6934b963968994cae9956366dccd9c9b3b364b64b4d11,5.967
180,100,a24c3529ce8ddb26cc96334b66b9c999992e37566669999b13b166e464cbdc11,6.000
181,100,06cc2d29968db366cc96664bccb99bb9116e6656cce939933321cec4cd9bbc11,6.033
182,100,1edce92916adb3664d96ec5b9db933b9226ccc969ce93333662d8dc4819b3011,6.067
183,100,1ed8eb6956ade3665996c85b9da93339666ccd9619e96333c62d19cc911b3011,6.100
184,100,16d8af6944ade3667996885b3ce96739446c999639e96733ce2d39cc111b7051,6.133
185,100,16d98b6944ad63667996985b34e96739c46c999639e9e663ce6d39cc111b7051,6.167
186,100,16d80b694cade3667996985b34e966b9cc6c9996396be6638e6d31cc031bf051,6.200
187,100,96d92b6944ede3665996985b64e946b9c8ec3196716bc6630ced31cc2713f851,6.233
188,100,96db2d6944cfe3661993185b64e9c6bcd8cc3116736bc6638ced31c42713f851,6.267
189,100,1a43ed6cc6cff3361893184be6a9ce1c99cc3116736b8e6318ad71d4e713f841,6.300
190,100,1a68c5acf287f7321893c06bceadcb1c318c3312e6eb8e6318ad73d4e713f845,6.333
191,100,f378c4ac3a073d3218d3c469c6bd995c31863712ceeb8e6338ac73d4e713bc44,6.367
192,100,7378c48d3b4735b218d3c769c6bc995c31863713c6eb8e1b38ac33d4e7131c54,6.400
193,100,393cc6871b43f5b078dbe729c29cb94c11867713e6eb8e1b38ac31d4e71b0c54,6.433
194,100,198cc6c7b972f4b0784be72d9a9c9d4c11c67713e6e9ce1b38ac31d4671b0c54,6.467
195,100,8d87c663b93236d86f4963ad989c9d6601c37753e6e9ce1b18fc11d6638b8454,6.500
196,100,c6e372733538025f6709c1a59cdc9d6601d3737be6e98e1d98f411d6738b8454,6.533
197,100,16f33b721598024f65a9c0a58e5c91661353737be6ad8f1d98f431d673abc454,6.567
198,100,1273391e049dea4965adc8948e5a9163335333f9e6ad8f1d98f439d639abc454,6.600
199,100,331a858f548d6b6174a5ce568f52b0233b5b72a9e7ad8c0d98f419d63babc454,6.633
200,100,690fc48d7ee1636444b7ce56957298b33bd832ade38d8c0d8c7499c61fb96514,6.667
201,100,6d4b76c1236071244696ef5e9d33d9b399c83aad638dcc4dcc749cc3cbb92114,6.700
202,100,a72156f021761d9462966d5adcb3dbf189cc3aad7385e60d6670ccc3e3b93114,6.733
203,100,07b9fa3c09365e976252c56eceb3e8e9cc4f1aa533c566056670ccc379b99114,6.767
204,100,523e391605877ed3015a7f294eb178ecc60f9ab531c52714f75266e378b99914,6.800
205,100,0b46ed0726c1fa52116e7fa902f15e6dc32799b499c13314b55266eafcb98d16,6.833
206,100,cf46f48312e0fb4a112f7fa9c0732f656127ccf499c1931cb552366acc89c5d6,6.867
207,100,2562fcb18b68fd2ac1ad7eb9e2373fa560974cd0d8c1999c9652937a468d2456,6.900
208,100,05f2feb8017c7d0fe0a53e19f2369da5309766f04c45c99c5b52d33b664d3056,6.933
209,100,97d87edc817c3f8f00b59f0911378ca59c1f36782c4560cc7f5b592f324db052,6.967
210,100,47d86a5cc1ae1687f2b5cb895033c6a59e0fb37c260524ccaf1b69af9b2f8053,7.000
211,100,02dcfe0cc1a7fe874a35c9c9681366a5ca4e937cb60534cca71b2daf8b2f8453,7.033
212,100,e34c7c06f0e73e870835e9c9bc3363e5490ed93cd60794c4f79b04afc1278553,7.067
213,100,0f4c7c2700b3020728f5fdc99e3133e54c0f593cd707de64f79b84af4127d513,7.100
214,100,876e7c2780b39a07e8fd7fc9921133e5641f49b4d3835e64739b84af61a55111,7.133
215,100,a7c31eb3c093df01acfd37c98815b1e7641f6db47b814a6c50dbc6a768a15911,7.167
216,100,87c3be9378db4f55047d17c9c815b8e7b40f2df07bc14b7c18cbd22728a15911,7.200
217,100,c7c3781b49c94e5e94ed13c9ec1499e3b70e8cf02bf3487c58cbd227ac81ed11,7.233
218,100,c7c11c5961c1661cd4e8ffc87f309de3b78e84f021f3e07cd84bda07a481ed51,7.267
219,100,e3c10e49e1e1371cd4e0ffc86f30dce3178e84f1a1f3e47cea4b5a03b481a5f0,7.300
220,100,e721ae4d71e0171cfae01fc86f3048e3138fc079b193f42c7e4b5b03f681b5f0,7.333
221,100,e731ae4c31f4461c5af087dc2f324847110fe039f19eb62c7fcb7b039681b5f0,7.367
222,100,730c8e6cb19e075e4af483dca7126847d80f72395c8e172c2feb2bc312c1f5f8,7.400
223,100,f384c46c989ea35e687c51ccb7923447fd0f3a194e8653ac81eba1e34a7152fc,7.433
224,100,19c4662edcc6f17cac3c78c4539316270d879f19ee46e9a4f0ebb0eb6871087c,7.467
225,100,99a666074fc6593e86342ee04b93972347c7d30da76678a47a23fc6ba83d0a5c,7.500
226,100,9d26330f4de6511ed6b4ae78e993d3a362c6518d35763cf43a315c29b51da01c,7.533
227,100,d9a7b0cbe43e589d5274b6796983d2e320cd598d17728cfc0f394e29951ce11c,7.567
228,100,d9a7306ba7bc68dc4b349f693cc35827b04eeca5d332c66d87a9e7095114654c,7.600
229,100,4d0fd25ba75ca8164b305ee9acb36c2f924e66b4fb12e2ade3a9f3894106154e,7.633
230,100,a92df91e154c8dbaefb84a6996876d075a6630da39d672ad71a939c1a8079546,7.667
231,100,ad2d989cd06ce4babf686a43968725a6da6694da1dd698ad18f998e5c447c466,7.700
232,100,450d88d8f27156b8b769eb43d28785a6c97686da8de68c09ecf940e564477766,7.733
233,100,241ec878bb3b56b8b529eb43ca8784be6d7cc65ac4e64e09ee7c406536473326,7.767
234,100,845a4938bbbb6abc1d21ad536216869e2d6cf248e6a50f093e7cf87592439bb6,7.800
235,100,e17a49b0dbdb6ef41d2335536006d68e256c7268f2b58329ff34f835814389b6,7.833
236,100,a5380db05aeba4b415a3b5427a06d2ac352c3b797295c3a9ff34ec31c953ccb6,7.867
237,100,a5388af35a63b6b1d183b5463b0ed3ac95ac19797291e1ad7fb46c1169536492,7.900
238,100,84f2aaf39b63d391d9c31d46392edbbc95bc093970d161ac6f942613645366d2,7.933
239,100,d0f2ebe35b26d993894b1d06a92cebbcd5bcad1930d135ec27d42613245336d2,7.967
240,100,c5f2afa74906c9858d6f1d26e9bce8fcd4b99d1130d135e4a7529611b45332d2,8.000
241,100,c7d28da7098ceccc8d2e1e163cbc69d8d6b995119ad1b3fca35a9311b013b25b,8.033
242,100,e7e28da70d8cf4cc9d2e1a1634bcf958c6b987419a5393fca35ad31190139a5b,8.067
243,100,c7e6cdaca90cf0dc9f3e1a1e3539e958c2a187439a5393fce35a530118339a5b,8.100
244,100,efe4ccac385cda599b3a1b1c39e9e958c2a1cf43984353fce35a43011833da6b,8.133
245,100,efa44cac185c5a798b3b1b1c35e9e970c3e1c943986359fee15a4b011833db6b,8.167
246,100,9ea4dc9d99585a79cb3b2b9834e9e171c3e1c943996359feb19a280118334f6b,8.200
247,100,9e941c199959dbb98913a3f574e9e550c3c3cd43996a399eb59a20911c334f6b,8.233
248,100,9c919959f95b63b3a79222f474e1e542c3c3cd4b196e3b9ea59a20911c334f6a,8.267
249,100,98839549f36343a3a7d632e475e1e742cb8b9d4b18ee379eb51e20111c334e6e,8.300
250,100,008d716963e367a6a75672e4756ccb46ca8b184b38fe379eb71e22111c334e6e,8.333
251,100,70adf16a62324f36ac5658eccd69cb1b18ab195a38bcb79ca71820317c734e6e,8.367
252,100,5869eb524a368d1eb85c58e9895b9a1b18ab39fe32bca79ca711603178734e6e,8.400
253,100,cb5bcb525f97b95c30ccd1a9891b1a9b31ab31f6e7b4a734a611e02158634a6e,8.433
254,100,877366b634ac21dc74ada5a92e1376ab71abe3f4e6b486328e51c0e1c8635a4e,8.467
255,100,273634b6b1ac21ccd4a92f336a1676abe5f6e7d6c6b48c128c41d8e1d8435b4e,8.500
256,100,749674ada1cc46c9d7ab6e136a16c7a9e576ced49c3c8c521841d8e1d94a5b4e,8.533
257,100,709ca1adcbc9c6a39e236a52cab687e98f561ed41c38385318c1d3c1dbca5bce,8.567
258,100,e09c2bc91ec19c23ba73da5696bc0de80fd43cf43878785372c193c1d3cad2ce,8.600
259,100,029d3e499cc2b8236a7352d6358c3d4c7ad470b4f17ae0d3c389878b93ced2de,8.633
260,100,5a89744bb0d3aa6342f294962d0c7b44f2d4e1bce173c2938789970b975e96de,8.667
261,100,54c9f043a0f64ae356d2b594eb0deb44c194c1f8835386939e093e0fb65e96fe,8.700
262,100,f0cba0c32af75ae397d2af1ceb0dc204859403780f5306973e093e0fb61e36fe,8.733
263,100,a0cb22d74ae656f2b516ab1cca0d168405b40f6b1fd33c157c09fc0f36de36f8,8.767
264,100,2ac34ac65e66b45aad144a1d5a0d15841d243f537e937c35f009f05ff4fe34f8,8.800
265,100,53c35e26be66bd5a29145a1d100db5043d24fa53fe936035e02be05b64fe67f8,8.833
266,100,5742de66bc76a95a4a1c529d950cbd04fb40fa53f093e039407b20db24fe67f8,8.867
267,100,f046b866a87b69585a7cd689b54eed44eb40fad360b740a9007b00da25fe6ff8,8.900
268,100,a966a87469395978d23cb589a54ee944ea73d29340b501e904db24da2dfe6ff8,8.933
269,100,a864687c4538577896aca509a9466b6442f3069345bd05e905db2dda6ff66ff8,8.967
270,100,093455b85518971cb48dad0f6b464a3516b3149305a905e924db6fde6fb66ff8,9.000
271,100,49bcd5989718b244ac8d6b074a4452b316b364b30d682f496cda6e966fb66fb9,9.033
272,100,cb998d18aa04a2846a874b075aa656a3349365b38d686f4b6cda6e966fb66eb9,9.067
273,100,8a99ac19224568854aa35a42d2a394a3e5b3ed22a9686edb6cda6cb67fb66ea9,9.100
274,100,94993401628548a75a23d24294a3b5a3adbbed682b486eda6c9a6eb67fae6ea9,9.133
275,100,b443544740e75d23d0339452b4a3ad93ed3b2b482a486ed26a924ab67fee6eab,9.167
276,100,65464067cda39533b452a4f02db3699b4b394b5c6ad84e924ab44ba45fee6aab,9.200
277,100,6966caa7a933b073acd02db869b949195a7c525c52dc4c964eb451ac57ee46ab,9.233
278,100,ca64aab1a93326726c9469b949995a18d25cd6dc569c54b65db4552c57ee54ab,9.267
279,100,4eb849b961126e90499c5ba9db18921c96ccb6dcb4b685b6d5ac956c376ea58b,9.300
280,100,56b9433844d84a9cdb8c93a9921cb6bcb6cc248ca5b6ad369d2ca56caf6ea58b,9.333
281,100,77b953d245d8da8c930d92abb69eb4ec24cc6d8c29a7e926192c236c6f4ba90b,9.367
282,100,33b917d294cc9a8c9749b6af36de24e46cc44da7692759665b6c6b4c6a4b090b,9.400
283,100,3783b5c6adccb28c354b26a764f66de44984c9275b275b665b6c4a4c5acb4913,9.433
284,100,e5422cc6298d242d654b6ca74df6c9ccd9949b27d3669366b24ddaccd4db9013,9.467
285,100,e4424986710d6c6d4d4bc8a7c9f6994e9b049367b266b646b6c99edcb5db9013,9.500
286,100,c546d19cd36dcaed984399a69b56b34c3225366726ce66ce64c9b49c299b2473,9.533
287,100,b546a31c8649daedb0c6356e3354664c66a5644e6cce4cdeed9969986b934473,9.567
288,100,e546a23c84c912ef31c6356e66d4665cecadcccaccced99e899949b8db324863,9.600
289,100,695e46bda5c9708f63c6654ec694cc9ccced88ce998e99963b19d3319232d863,9.633
290,100,4a5c4ead39cbf18fc3d6cd4e8c849c9899ed19de319e3314733913313636b047,9.667
291,100,b2989ca969dba78e93569d4e18a539983b8d3396733e6730e6734631666620c7,9.700
292,100,249975e9d35a670e9716195c38a5713873896716e73ec670c673ce61cce644c6,9.733
293,100,6db92569965a4d3e2cb67258622de372c689cf16ce7a8c701cf31ce199e68986,9.767
294,100,59b96d49a652d95e6966e6d8c2adcf728ebb9c361c6818e078f338e131c6218e,9.800
295,100,12f1dd4b6cb6b95edb6cc5d006a91e721c3b387638ea71c0f1e371c1638e430e,9.833
296,100,76e1995bd9b6625e176c89901ea93c72383b707670dbe1c0e3c3c389c70e471e,9.867
297,100,c5e332139176cadc654c3bb078a9f0c6e06be1e6c3dbc7828707870b8e1ed43e,9.900
298,100,bd43d613a3661abcad5c6ab1f109eac6c5ea83e4079b0f061e071f1b3a1c947e,9.933
299,100,714384b24ee4f5bcab5cd421ab4b43a605da0fc41f323e163c0ffc1bf03cb17c,9.967
300,100,e25339b65ecca73c5a1c84610a4b17ae2fd21eac3d12fa14f00ff81bf07ce178,10.000
301,100,82175526bccc4b3c96bca9695293bd2c6ad2f4acf852f035e00fe07ba1f883f8,10.033
302,100,a707eb467c9c5e30a4bccbcbf6936b2c5a97e52cea5680bd801e02f10bf887d0,10.067
303,100,af07aade78ac9eb029fc5ac3a4b17a4cb6b7e96cc2f6002d805e02f10bf82fd0,10.100
304,100,8a47fab4dcacacb44bcd9283ed3d7a4db5b3ca5cc2b6212d005e02f10bf82fd0,10.133
305,100,1a47f0b4b46c29b44acdb6a3693df2cfedb3ca5c00b7216d027e02e10ff03fd0,10.167
306,100,52d7e1bcb47c4bf452cda4a3483df287693bc2dc00b7096c02be02a11ff07ff4,10.200
307,100,60b6b92c2c765bf496892d215a6df4a74939d2fe04a7007c02b617a15ff05ff4,10.233
308,100,e936b94e4bf65bdcb6836929524df4a3cb39d2be04a5005c00b613e117f05ff4,10.267
309,100,6904bf4ee9f6dad4b4a36929524df4a3e958d2b644ad005c40be10e157f85ff4,10.300
310,100,2d0da70368765ad6b4b32d295a4df4a3f948d296e4afc04c40bf50ad52f857f4,10.333
311,100,0d0d970b2d524a5696922d2c1a4f36937f48fe96f4adc00fd03f50ad50fc57f4,10.367
312,100,0d8d930b2d125a5686922d0c0a4f3e933f487e96fcadf90ff01f502d50fc55fc,10.400
313,100,558d970b2c125a5687922d0c0a433e933f487e96fcadf80ff01f502d50fcd5fc,10.433
314,100,d50997036c125a568792290c1a433c937f587e96fc2df80fd03fd02d94fc95fc,10.467
315,100,d109b4136c541ad6a5b02b4c1a533c917f587e92fc29f80ef03fd02d94fc95fc,10.500
316,100,9149a5017c4c96d6a5b00b4c12d32d915f587e92fd29f80ef03fd02d94fcb5fc,10.533
317,100,9189a5135c4c9692a5bc4b4c12d30d915f587e92fd09780ef03f902db4feb5fc,10.567
318,100,b10325215e4ea5922d2c424e16b30f595f507e927d09f80ef43fb02db4feb5f8,10.600
319,100,a5836d25964ea5b2290c424614b30f595f927eb27d09f81ef43fa029a4feb5f8,10.633
320,100,a1334d059646a5a4694c924704b30b595e96fea37f4af81ef03fa029a4feadf8,10.667
321,100,21b1480fb6062d2c4b4c86c705b30b581e967fa37f4af81ef03fa029adfe2df8,10.700
322,100,4921984da5876b2c4b4c04a72db31a58be96fda3fa4af01ee03f206b69fe6978,10.733
323,100,9a21b4cf2d074b0d125804a709e33658fd86fd23fe5af01ee03f407b49fa6b78,10.767
324,100,92a1b4cf2d275b2d165a0c264b633690fd26fd27f61ae016c03f407b49fa5b78,10.800
325,100,11a3a4896d87da2f165a0c0e5b6636986d26f927b41ea016c07f407bdbfadb78,10.833
326,100,972125b96907926f26984c0edb467e98ed24f827741e6036807ec0dbd3fad3f8,10.867
327,100,376065b8c927926d2498589ebb4efe99ec24f82f641e4036007e82db93fa97f8,10.900
328,100,97616db84927926d2498592e9b46fe99fd24f827641e6036807e80db93fa93f8,10.933
329,100,923024cc6927920d269a0d2e1b4f369c6d26ff27f616e416c03f405bdbfadb78,10.967
330,100,9034b4c62ca75b49965e0d26096f02dc2fa63f23be02f416f83f487b497e5b78,11.000
331,100,823c94e724a74b4cfb4ea4b6c04f824e07b60fa31fc23e96fc07e82b687e6978,11.033
332,100,da6452339487294f5b4eb6b3e10fe046c2b781f30bc20fc61f033d0fac1ead7c,11.067
333,100,6a235a13940f8d6f0bef12933d257856f2f3c0f3c1e2c3c20783970fb70ea53c,11.100
334,100,2b135a13d42fa56f0b9b1b811d07385278f3f0fae162e3c2c383878f978ed43c,11.133
335,100,2b534a8754add4ae89da0fa517863c52385b787c7162f1c3c3c1d38d57ae568c,11.167
336,100,a1432aa556a7d4aeedcac2a487c28d5a8e5a1c3c3c7239e378e173e553ae538c,11.200
337,100,814bab250aa774afe54862c4c1e2c71b8f5a8e3e9c321c6938e178e57bee4b8e,11.233
338,100,f18ba1230a973687344b32d460e3e70bc71bc71ece328c6b3cf138e13aee6a8e,11.267
339,100,540b11a3eb930a87140b30d738f331cb730be31fc732c67b8e790ce13aeeeac6,11.300
340,100,1d093569e981ea97872b308738f731c3314b638f6316c73b2e790e613ee66ac6,11.333
341,100,031c3448b568eb95c70f870f38f438e73143718f6396c73b2e792e613ee62ac6,11.367
342,100,cab4565cbd48eb34c3248f0f3aa438e431c2334f6316c73a667b3e612ae66ae6,11.400
343,100,4ab456bcad58eb5cd3a48f1a0aad18a431c263c76316e712e6732ee16ae66ae6,11.433
344,100,4aa716b6bdda6958d3a48f5a0e1d10a5316463d56316e716e6736ae16ae662a6,11.467
345,100,4ad31627b5b26ad8d1e0875a8e191cad396463c5639de716a73262e17ae652ae,11.500
346,100,6ad316a335237adbd1e185528e181e2d396473d5639de716a71262e172e652ae,11.533
347,100,6bd312a595277ad3f1e1a5428e1a1ebd396872d1639de716a712626172e252ae,11.567
348,100,6bd9d295a5277a93d1e1a1438e1a9e39396872d1738de31ea712626172e352ae,11.600
349,100,cbd9d285a5275a93d1e3e1438e1a9e391d6879d1738de31ea312623172e352ae,11.633
350,100,4ad092952d2f5a93f1a3e1428a131d39396873d1f3ade71e66126261d2e3d7ae,11.667
351,100,da90969d292f5093f1a1c1429e131d3939787391e3adc71e4612e261d6e7d7ae,11.700
352,100,d294a495292fd0b2f1a1c3421e131d3b3878f191e3adc71e4632e261d6e7d7ae,11.733
353,100,929c27945a4df0b6e1a983421eb33c3b3a7833a1e729461c4e36c261c7e7d7ae,11.767
354,100,92dc27b05a4df03ee1a783471f92383b727a63a1a7290e1c4e36c66187e7a5ae,11.800
355,100,b2de2d305b89f01ce1ae834d1f96783372fae3b067290e1c1e36466187e7a52e,11.833
356,100,b0de2d325b19f2dce12c830d1f86783370fae3b047290e391c341e638fe3ad6e,11.867
357,100,b2db2d721b31b09ce1ec834d3f047923f0fae3d247294e395c341e630f632d4e,11.900
358,100,b2cb2df21b23b699e1bc83692f047b27f0f2e39247234e397c3414630f632d4e,11.933
359,100,b2db64d61b23b499e1fc83692f0c7b27f0fae39247236e397c3414610f430d4e,11.967
360,100,b24f61de1b62b499e1bc83680f8c3b25f0f2e3b6c72b6e397c3414710e434d4e,12.000
361,100,b269419e1b623499e1bc83780f9c3b25f0fae3b6c7634e39707494711e434f4e,12.033
362,100,b6f9419e1a623491a1b083f80f9c3a2df0fae3b0c7634e39f074b4711e435f4e,12.067
363,100,b29941fe1a623491a1f803f80f9c3a2de0f2e3b0c763ce39f074b4f11e435f4e,12.100
364,100,269949be3262749183f007f87f1c722de0f2c7b0ce63de79e074b4e11c435e4e,12.133
365,100,24990bba32e2649307f007f87f1cf22de3f2c7b08e4bdc79c0f4a4e13c435a5e,12.167
366,100,26990bba32e2749387b007f83f1c722de0f2c7b0ce43ce79e074b4e13c435e5e,12.200
367,100,a6d945981be23c93e1b007f80f983a2de0fae3b0c703ce39e07cb4f11e435f4e,12.233
368,100,b6c545981bc67893e19207fa1f987a0ce0fac3b2c702ce3be07ca4f13c435e5e,12.267
369,100,b24645991bc63ac3e99207f20f9a3b0c70dae3b2c782ce3be07ca4f03cc35e5e,12.300
370,100,b24605990bc63ac7f99203f20f9a3b0c70dae3b28782ce3be07ca4f0bcc3de5e,12.333
371,100,ba4665898b863ac7f99383f20f9a3b0c30dae1b2c782ce1be07ca4f0bcc31e5e,12.367
372,100,9b06e48d89861a47f997a1e60fda1b0c30cfe1b2c786ce1be03ca4f0bec31e5e,12.400
373,100,9946f405c98c1a46f987a1e60fda1b8c308fe1b6c786ce1be03ca4f0bce39e5e,12.433
374,100,9b66a405c98c1a47f987a1e605da1b8c300fe1b6c786cf1be43ca4f0bce39e5e,12.467
375,100,9906b685c9861a467987f1e601da1b8c3a0fe1b6e386c79be43ca4f09ee31e5e,12.500
376,100,8926b60549869b663c87f0e6c1da0f841a0f7196e3a6679b763cb47096e35f4e,12.533
377,100,4d2693056184c9660c8778a7e0fa8d849f073896f1e663db763cb67096f34f4e,12.567
378,100,49269b256085c9660c871ca7f0facd848f27b89ef1e663cb723c3630d6734f4e,12.600
379,100,6c269b25208d69260d072c07f863c5c48f279c9e71e6f3cb33bc3630d6734f6e,12.633
380,100,64060b25240d69268f070c077863e5c6cf279c9e79e673eb33bc3630d6734f6e,12.667
381,100,34064b25300d692687070c077863e5c4cfa79c9eb8f673eb33bc1634d6734f6e,12.700
382,100,b40e4925160d6926c30704077873e4c6cda79c96b8f671eb3bbc1e3652734f6e,12.733
383,100,bc1e4d31920d6924c30705073c3364c6c5a78e0eb8f679eb3b9e1e3652726f6e,12.767
384,100,bc1ccd30920d2d24e10785872c2364c4e5a7ce0e9cf679eb3b9e1e3652726f6e,12.800
385,100,bc0e6d30db0c2d24e10785870c3324e6e5a7c60e1cf639ea399e1e365b726f6e,12.833
386,100,be0e6d30db0c2d24e10785870c3324e4e5a7c64e1cf639ea199e1e365b726f6e,12.867
387,100,be0e69319e0d2d24e10784870c3324e6e5a7c64e1cf639eb199e1a365b726f6e,12.900
388,100,bc06c9219c0c2d26e10704073c7b64e6e5a7cede1cf639ea199e1e305b726f6e,12.933
389,100,bd06c92194046d26e50704073c7b64e6c5a7cede18f639ea1b9e1e305b726f6e,12.967
390,100,bd06cb21940c6d26e50704073c7b64e6c1a7ced618f639ea1b9e1e305b726f6e,13.000
391,100,bd1ecb39168c6924e30705073c7b64c4c127cc9e18f639eb399e1e3452726f6e,13.033
392,100,bc1cdb38968d792cc9050d05186b64c4cd258c9e18f6f9eb39bc1e34d2f24f6e,13.067
393,100,34dadb389699792ce30d0d05183b64ccc9258c0f98e6f9cb399c1e34d6f24f6e,13.100
394,100,34d8cdfa96997938d3180705183964d8cb258c0d98d6f9cb399c3c34d6f2cf5e,13.133
395,100,24db6c7a96993498f37807191a396459c1258c1d9896f9c3399c3cbc96f2cf5e,13.167
396,100,26e368f296f33499f278a5991e317459c3618e098c94d9c1699c38bc96f2cf5e,13.200
397,100,02e368e786f334d9f078e799163174594161ce198c94c9c3699c38bc96f2df5e,13.233
398,100,b2e568e780f33493f079e4d9163174596171c6098c9cc9c1699c38bc96f2df5e,13.267
399,100,926568e7c26334d370fbe4d9173134596171c6098c1dc9c1699c38bc96f2df5e,13.300
400,100,936568e7c26724d370fbe4d9973134596171c6098c1dc8c1699d38bc94b2df5e,13.333
401,100,936568e7e26724d3707be4d99711345b6171c6098c1dc8c1699d38bc94b2df5e,13.367
402,100,936568c7ea6724d3307bf4d99701365b6171c609cc1d48c1699d38bc94b2df5e,13.400
403,100,93657cc7ea6724d3307bf4da9701361b6131c609cc1d68c1299d3cbc94b0df5e,13.433
404,100,d3657c87ea6724d3327bf4d99701365b6131c609cc1d68c1299d1cbc94b05f5e,13.467
405,100,93656827fa6334d3327bf4d99701365b6161c609cc1d68c129dd1cbc94b0df5e,13.500
406,100,b3656867fa6334d3307bf4d89711361b6161c609cc1d68c1299d3cbc94b2db5e,13.533
407,100,f3e56867f26334d3307be4d9971136196161c609cc1d68c1299d3cbc94b2db5e,13.567
408,100,f6e56867e26334d3307be4d993113e196161c609cc1578c1299d1cbc96b2db7e,13.600
409,100,f6e56867e26334d3327be4d993113e196161c609cc1578c1299d1cbc96b2db5e,13.633
410,100,b6e56867e26334d332fbe4d9961134196161c609cc1578c3299d1cbc96b2df5e,13.667
411,100,b6c5686786e334d332fbe4d9963134196161c609cc1578c3299c3cbc96b2df5e,13.700
412,100,36c5686786e334d3327be4d9963134196369c609cc1578c3299c3cbc96b2df5e,13.733
413,100,36c5686786e33493327be5d9963134196369c609cc1578c3299c3cbc96b2df5e,13.767
414,100,36c5686786e33493327be5d9963134196369c609cc1578c3299c3cbc96b2df5e,13.800
415,100,36c5686786e334d3327be4d9963134196369c609cc1578c3299c3cbc96b2df5e,13.833
416,100,f6e56867e26334d3307be4d9961134196361c609cc1578c3299d3cbc96b2db5e,13.867
417,100,f3e56827f26334d3307be4d99711361b6161c609cc1578c1299d1cbc94b2df5e,13.900
418,100,93257c27fe6724c3327be4da9703361b7161c609cc1568c1299d3cbc94b0df5e,13.933
419,100,9b057dc6ca6724c3327bf4ca9703361b7171e609cc1568c1299d3cbc94b0df5e,13.967
420,100,9f457d84eb6724833a6be4ca9307361b7371e609cc1568c129c93cbc94b0df5e,14.000
421,100,9b457d84eb6724833a6bf4ca9307361b7371e609cc1568c129c93cbc94b0df5e,14.033
422,100,93457dc4eb67a4833a6bf4ca9307361b7371e609cc1568c129cd1cbc94b0db5e,14.067
423,100,93457dc6eb6724c33a6bf4ca9307361b7171e609cc1568c1299d1cbc94b0db5e,14.100
424,100,93457fc6eb6724c3327bf4ca9303361b7171e609cc1568c1299d1cbc94b0db5e,14.133
425,100,93c57f66eb6724c3327b74da9303361b7161e609cc1578c1289d1c9c96b0db5e,14.167
426,100,9b857f66ef67a4c3327b74ca9303361b7161e609cc1578c1289d1c9c96b05b5e,14.200
427,100,93857f66eb67a4c3327b74ce93033e1b7161e609cc1578c1289d1c9c96b05b5e,14.233
428,100,93c57f66eb67a4c33a7b34ce93033e1b3171e709cc1568c1288d1c9c96b05b5e,14.267
429,100,93c57f66eb67a4c31a6b34ce93033e1b3371e709c41578c128cd1c9c96b05b5e,14.300
430,100,9bc57fe4fb67a6c31a6334ca93031e1b3371e709c415784128cd1c9c96b05f5e,14.333
431,100,9bc57de4fb67a6c31a6334ca93031e1b3371e709c415784128cd1c9c96b15f5e,14.367
432,100,dbe03de4fb67a6c31e6234ca83071e1b3371e309c615784128cd1c9c96b95f5e,14.400
433,100,dbe03fe4fb66a6c31e6234ca83871e1b3371e309c615784128cd1c9c16b95f5e,14.433
434,100,dbe03f84fb66a6c31a6232ea83a71e5b3371e309c615784128cd1c9c96995f5e,14.467
435,100,dbe03fc4fb66a6c31a6232ea83a71e1b3371e309c6057c4128cd1c9c16997f5e,14.500
436,100,dbe03fe4fb6686c31a6230ea83a79e1b3371f309c6057c4128cd1c1c16997f5e,14.533
437,100,dbe43de4fb6686c21a6232ea83a79e1b3b71f309c6057c4128cd0c1c1e197f5e,14.567
438,100,cbe03fc46b6686c21a6230eec3a79e5b3b71f309c6057c4128cd1c1c1e997f5e,14.600
439,100,c3e90fc46b66e7c21a6232eec3a79e5b3bf1f309c6056c4128cd0c1c1e197b5e,14.633
440,100,c38907cc6b66e7c29a6232eec3e79e5b1bf1f309c6057c4128c98c1c16197f5e,14.667
441,100,c18907cc6926e7c2df663aeec3e79a5b1bf1b309c6057c4128c98c1c16197f5e,14.700
442,100,c1190dcc6926e7c2dfe632eac1e79a5b9bf1b309c6057c412cc98c1c96195f5e,14.733
443,100,c11905cc6926e7c2dfe672eac1e79b5b9bf1b309c6055c412cc98c1c96195f5e,14.767
444,100,c11907cc6926e7c2dfe672eec1e69b5b9bf0b309c6055c412cc98c1c96195f5e,14.800
445,100,c11987cc6926e3c2cfe67aeec1e69a5b9bf1b309c6055c412cc98c1c96195f5e,14.833
446,100,c11983cc6926e3c6cfe67aeec1e69a5b9bf1b309c6055e412cc98c1c96195b5e,14.867
447,100,c11903cc6926e3c6dfe672eec1e69a5b9bf1b309c6055e412cc98c1c96195f5e,14.900
448,100,c19905cc6926e3c2cfe672eec1e68b5b9bf03309e6057e41acc98c1c96196f5e,14.933
449,100,c19905cc6926e3c2cfe676eec1e6825b9bf03309e7057e41acc98c1c96196f5e,14.967
450,100,419901cc6926e3c2cfe67eeee1e6825b9bf03309e7057e41acc98c1c96196f5e,15.000
451,100,419901cc6926e1c6dfe67eeee1e6825b9bf03349c7055641acc98c1c96197f5e,15.033
452,100,419d81cc6926e1c4efe67ee6e1e6c25b9af23349e7057641ac498c1c96195b5e,15.067
453,100,419d00cc6926f1c6efe67ee661e6c25b9af21369e3057641ac49861cde196b5e,15.100
454,100,419d00cc69a6f1c2efe67ee661e6c25b9afa1369e3057641ac49861cda196b5e,15.133
455,100,419d00cc6926f1c6efe67ee661e6c25b9af21369e3057641ac49861cde196b5e,15.167
456,100,419d00cc6926f1c6efe67ee661e6c25b9bf21349e7057641ac49861cd6196b5e,15.200
457,100,c199018c6966e1c2df667eeee1e6825b9bf03349e7057e41ac498e1c96196b5e,15.233
458,100,c199018c6966e7c0db6276eec1e7825b99f1b309e7057e41accd8e1c96194f5e,15.267
459,100,c1d9098c6966e7c0df6272eec3e7825b99f1b309c6057c41accd8c1c96195f5e,15.300
460,100,c1c909ac6b66e7c2df6270e6c3e7925b1bf1b309c6057c412ccd8c1c96195f5e,15.333
461,100,c1c909ac6b66e7c2df6230e6c3e7965b1bf1b309c6057c412ccd8c1c96195f5e,15.367
462,100,c1d909ac6b64e7c6db6270e6c3e7965b1bf1b309c6057c4128cd8c1c96195f5e,15.400
463,100,c1990d8c6b66e7c4db6270eec3e7965b1bf1b309c6057c4128cd8c1c96195f5e,15.433
464,100,c199018c6b66e5c4db6674e6c3e6925b9bf1b349c7057e412ccd8c1c96195b5e,15.467
465,100,c1d9018c6966e5c4db667ce6c1e6925b9bf0b349e7057641accd8c1c96195b5e,15.500
466,100,c1d9018c6966e5c4df667ce6c1e6925b9bf0b349c7057641accd8c1c96195b5e,15.533
467,100,c1d9018c6966e5c4df667ce6c1e6925b9bf2b349c7057641a8cd8c1c96195b5e,15.567
468,100,c1d9018c6966e5c4db667ce6c1e692db9bf2b349c705f64128cd8c1c96195b5e,15.600
469,100,c1d9018c6964e5c4df667ceec1e692db1bf2b349c705f64128c98c1c96995b5e,15.633
470,100,c199018c492ce5c4dfe67ceec1e692db1bf2b349c705f44128c98c1d96995f5e,15.667
471,100,c199818c492ce5c4dfe67ceec1e692db1bf2b349c605f44128c98c1d96995f5e,15.700
472,100,c119859c4b2ce5c4dbe67ceec1e692db1bf2b349c605d44128c98c1d96995f5e,15.733
473,100,c11b859d4b2ce1c4cbe67ceec1e692d31bf2b361c605d64128c98c1d96995f5e,15.767
474,100,c11b84994b2ce1c6cba67ceee1e692e71bf2b361c705d64128c98c1d96195f5e,15.800
475,100,c01b84994b2ce1c4eba67eeee1e693e69af2b361c705d64128c98c1d96195f5e,15.833
476,100,c01b84994b2ce1c4eda67eeee1e693e69af2b361c701d64128c98c9d96195f5e,15.867
477,100,c11b8499492ce1c4eda67e6ee1e683ee9ef2b361c701d64128c98c9d96195f5e,15.900
478,100,c01b8099492ce1c7eda47e6ee1e683ee9ef2b361e701d64128c98c9d96195f5e,15.933
479,100,e03b8699490ce307e1a45f6ee1e683e69ef2b361e701e64338c90c9d96195f5e,15.967
480,100,64368799491de307e5855b6ee1e683e61ff63361a701864370c91c9d9499d75e,16.000
481,100,603697991d1dc307c9871b6ec1e683e63ff63363a603864770cb189d34b1d75a,16.033
482,100,65d687331d1dcb07c9871b6ec9e683a63ff63362a603844760cb389d34b1975a,16.067
483,100,6dd687333819db2789851a6ec9ee87a63ff6336226038c47e0cb389c34b1b65a,16.100
484,100,6dd687335819da2709851a6ecbec9fa63fd6734326038c47e0cb789c2cb1b45a,16.133
485,100,6dd60f73383992270f859a6ccbec9f263d9677432e130c47e0c971bc28b1b45a,16.167
486,100,6d960e73783992650d05ba6c9bcc1f267dde67432e132c47c0c971bc68b1b55a,16.200
487,100,6d961c73389192051f05ba6c9bcc1f2e7cdee6426c1b1c47c1c9f1bc68b1d55a,16.233
488,100,4d1e1c6378b1b2251b05b26c9bcc1f0e75dee6c66c171c47c1c9e1bc68b1d55a,16.267
489,100,c91e0ce378b1f2251b01b26d93cc1f2e7cdee6c64c171c478789e1bc68b1b55a,16.300
490,100,c91e8ce27ca1f2251f01b269b3ec1f26787ee7c64c571c4687c9e1bd40b1b552,16.333
491,100,cb1e8ce61ca3f2271f213a69f2ec9b067c3ee3c64e170c4687c9e18d60b1f552,16.367
492,100,c91eccce19b372378f233e69ba6c9b073e1673c666170c4684c9e18d68b1b55a,16.400
493,100,c91eccce98f67a36cf231f293a6d9b073f0671c666168c46c0c9a98d68b1b55a,16.433
494,100,491eeccec0f678b6c7231e211e6ddb079f0639c66616ce06f0c9a98d68b1b55a,16.467
495,100,0956ec9ed0f27896e3231e611e69db079f0e39c67616c606f0c3a98d78b1b55a,16.500
496,100,837287bcf0d36896e1231ee31e69db079f0639e67606c606e4c3a98d78b1b55a,16.533
497,100,a3720f2db4d3409ee13f8ce33e69db219f1338e67206c606a6e3a9cd58b1b552,16.567
498,100,e2720e3cb7f18196e1bfc8e33e69fb219f1339c67206c606a6c3e1cd50b1a552,16.600
499,100,f25e0e5c36f90996c39ec9a33ce97b219f1b3dc27206ce06a6c3c3cd51a1a552,16.633
500,100,f352fa5c36581e99039cc1eb04ad78699f1bbfd07056ce1624c353cdd1a9a552,16.667
501,100,13d3db467e4c3e19131cc3c984cd786dd7199fd839d2ee06264352cdd169a552,16.700
502,100,09b3c9e3cd667c651f1c4bfcc1ed086d43099f9939f07b06260772cdd169a552,16.733
503,100,36b9c9f3c9e77ce33e161b7cc1e0c8ec430dc7991df83b062607324dd129a552,16.767
504,100,b68d98fbc0f32cf33e060b16e1f2e4e4e32d638d9cf81b06a706b34dd029b552,16.800
505,100,368dda99f87a34f336438f162df2e4e4f927718d8c780986a786bb455029b552,16.833
506,100,13cd938df98cfc7116f387169dd264767823798dc43809c6b3c6bbc55821b552,16.867
507,100,13ed938dd9ccfc39166387168f926476786379c9c4398986a3c6bbe55821b552,16.900
508,100,176593cddbccfcb916638317879a6632586338ebe4398996a3c6a3c5d029b552,16.933
509,100,246793c7d9ccfcb93e61831785dae630586338ebf439c89683c6b3e1d029b552,16.967
510,100,066593cfdbcc7cb93665831385dae732586338abf439889683c6abe1d129b552,17.000
511,100,256393cfdbcc7ce93e658a1785daef30506330abec198896a3c653e19569a552,17.033
512,100,2b3397cefbccf4e92a6586970dd0ee30516374a9e85888a5a3d657c195492d56,17.067
513,100,073393cedb9cf4e92a47869f0f54f433554274a9e85888a52bd657e1b5492956,17.100
514,100,2523b3ced198f4e92a25069f4bb4fc32155275a9f8588aa54bd657c9b5496956,17.133
515,100,052383ced598fce97e25149f0ab4fc321572752bf8588aa54bd457cba5496956,17.167
516,100,4523828ed5d8f1e976a5149f4ab4ae321572756bf858aaa54b94d5cba5496956,17.200
517,100,0d23028eb5d8f1e976a7041e4ab4ae361572756bf858aaa54b9697cba54b6a56,17.233
518,100,2d235286b5daf1c9e66f145e4abcae341572757bf858aaa5429695cba5494856,17.267
519,100,4d235296b55ae9c9e46f144e5abcee341172757bf058aaa54ab495cba5494a56,17.300
520,100,0c2356a7951ae9c9e44f144e5abceeb40d76757bf058aaa552b495cb294b4a56,17.333
521,100,0c334aa7959ae1c8f44f144e4abceeb40c76757bfd58aaa542b495cba5494a56,17.367
522,100,0c334a97d19af1e8766794464abcaeb48832356b7d58aaa54a96d7e9a5496956,17.400
523,100,2533ea97d19b7968366194474a9caf9c8833352b7d58a8a56ad657e1b5492956,17.433
524,100,3733e217c19b7c6837619447eadc0b9ce11395ab1d58cc25ead652e19549ad56,17.467
525,100,7731e217e09b7c683fe19447ead4239ce71294ab1d585c25aad652e19549ad56,17.500
526,100,37b0a316e89b5ce93fe11663e854a39ce51294ab1d584e27a8d672e19569ad56,17.533
527,100,15b0a332e99b5cf93fe15263ec44a39c6112d4ab1f584627a9d672e1d569a556,17.567
528,100,15b8f332e19b7cb91fe15263ec44e3cca912d0bb1f584627a956eae1d161a552,17.600
529,100,96b8f312e19b7cb91fe05263e444e3cca112d2bb9f584627b556bae15161b552,17.633
530,100,86f8f31261db7cb91fe14363e74473cca112dabb875846273556bae159219552,17.667
531,100,86d8f39271db3cb99ef14a63b5467bcc31125abb875822177456b8f159219552,17.700
532,100,86d8f39271db3ec99eb14a23b566fbcc31525abb975822177456b8f049219552,17.733
533,100,86d8fb9271cb3ef99eb14b233746fbcc31125a9bd7d822177456b87049219512,17.767
534,100,86d8739274cb3eb99eb16b233746fbcc31535a9bd7d8221734d6b87049219512,17.800
535,100,86d8739374cb3ea98eb16b233746fbcc71135a9bd7c8a21734d639704921d512,17.833
536,100,82d8739274cbaea9ceb1e9233744fbcc51137a99d7c8a21734f679704921d516,17.867
537,100,8ad9719234cb3e3dceb3e9233744f9cc51937a89d7c8a21734f6597049219556,17.900
538,100,cad9719234cbbe39cbb363237744e9cc51935a89d748a21774f6796149219556,17.933
539,100,cad971933cc99eb9cb3763237744ebcc51934a89d748a21774f6796069219516,17.967
540,100,ead971932c499ebdcb3761233744ebcc509bae89c7c8a21734f6796149219556,18.000
541,100,e2d971933c4d9eb9cb3761233744ebcc509b2e89c7e8a21734f6796149219556,18.033
542,100,c6d97193304b1eb9cb33e1337744ebccd09b1e89c7e8a21734f6796949218556,18.067
543,100,c4d87993304b3ebdce3385237744ebccd19b1c89cfe8861734f679e949210556,18.100
544,100,c4d83392724b3cad0c7309637344efcc919b1c8bcef8863734f6f9e949212756,18.133
545,100,84d87392624bfcad1c610962eb04e7ccd19b348bcee8863734f6f9e9c9612756,18.167
546,100,84fce392e74b3ced59614172ab04c6ccd19b348b1ee88e3764b6f9e9c9610556,18.200
547,100,b47ccd92e78b70ad1961cb72ab04e6ccc19a349b3ee88e356496f9e9d9610456,18.233
548,100,b4fc4d92678b70cd59619a729a047ecce59a349b3ee89e350616f9e9c9651454,18.267
549,100,bcbc4d92e70bf8ed5960ba769e851e8ce59a219b3ce81c340306fbe9da651454,18.300
550,100,7cbc4d9ac70be47b79e232661e8d2e1ce59b619b7e681c340386d3e9c2453554,18.333
551,100,e8b8099b970be079f3e2b2e63e8d3f1ec99a639bfa683c240546d3e982453554,18.367
552,100,e9b09f1b3e0b69e1f3e626e47cad3b1e893ac39be2c8f4240c4697e98285e154,18.400
553,100,83b0be1b7c4b0be5a7c6648cf8adfa7e1b320f1bc3c9e0647c4e3e892685c154,18.433
554,100,93b2f41b54db1bc52fc6c98ce03d52763b321c1b0fc988e5f54e7e896c859154,18.467
555,100,3732e41bd0db3f855dc6d90cc03976767372551b0fc90ae5d54eee894c891554,18.500
556,100,3632601bc0db7f857d86990c8279b4f67272b53b1fc94ac5c55eeaa9cc891554,18.533
557,100,3632641bc0db7e857d8e9918037984f67676b53a9b895ac5c55eeaa9cc891554,18.567
558,100,3730e41bc0db7f857d8ed918816984f67276f53a1b891ac5c55eeaa9cc891554,18.600
559,100,1fb06c1ac0db3f857d869958812984f67376f53a1f890bc5d55eeaa9cc891554,18.633
560,100,1fb4ec1ac0db33857dc659488129c4f63376553a1f890ac5d55eeea9ec8d1554,18.667
561,100,17b0ec1af05b33c57dc65949d029d4763376553a1fc98ac5f44e6ea96c81155c,18.700
562,100,03b0fe1af01b83851fc649c9d029d65e33765f1a1fc988e5f44e6ea96c85955c,18.733
563,100,83f0b61a7c1b93e507c64dc9f82df25e11361f9bcfc988e474463ea92685915c,18.767
564,100,c1f8971a7e1b58e187e624e17cadfa5e913e0f9bcec9c8643c463ea12681c15c,18.800
565,100,e1fc979a3e0b58e183e2a4616ead7b5ed93a039beec9e8641d6617a10685c554,18.833
566,100,e9dcc3da1e0b7ae1c3e2e4652ead1b5ed81e019b6ee9ec64136697a18285c554,18.867
567,100,69dec3da1e0b7ae1c3e2a4650ead1b56dc9a03db6ee97c64152697a18285e554,18.900
568,100,60da87ce1e0b78e1c362a42d2ead1b56fc9e03dbeee9ec34172697a98285c554,18.933
569,100,e0da874b1e0bdae1c362e4ad2a9c1b5efc9203cbeee9fc34172797a18285c554,18.967
570,100,e0d8974b1e0be3e1e362e4ad0bac1b5efc9a01d96ee9fd64812797a18285e554,19.000
571,100,70dec34f1f09e9f1f160a4ad0bac1f56fc9e80c96ee97d34812793e19205e554,19.033
572,100,78ccc34b8f2969f1f170b68d09ac1f567c9a80cb36e97d34c127dbb1d205a554,19.067
573,100,78ccc34b8f0b69f1f170b68c098c0f523e9ae04f36e96d30c133dbf9d265a554,19.100
574,100,3c4ee34bcf8b69b1f970b68d84ac4f561e12e04f36e92f10c113dbf9d825a544,19.133
575,100,3e4e796bc78ba8f17970968ce0ac49d61e92f04f32e9af10e113dbf95825a544,19.167
576,100,1e6e794fc38b39f07930968ce48c83529f52f86f1aeda790e1935bf859258544,19.200
577,100,1f66796fe3893cf05d30d38ca4bc81529fd23c6f9be8a750e0936bb869258544,19.233
578,100,9f6271abe3990c305c31d3ccb46fcb53cf421c2febe8a7d0749369f849259144,19.267
579,100,1f6221afe3990c305eb5d3ccb43fdb52c3c21c2debf8a5d0f49369b82d259144,19.300
580,100,0f62708bef980c305ba4f3ccb41ffbd243c29c2debf885d07c9369b82d259546,19.333
581,100,0f73708bedd80c307ba4e3cc941ffbd203469c2debf885d07c9369bc0d259546,19.367
582,100,2fe36299ed981c30f38ce3cc101bdbd207469c2debf8e5927c9369bc49259546,19.400
583,100,7ee3e299cdb01c30f78ca6cc1833dbd2170e1c2dfbf8a5927c8349bc49259546,19.433
584,100,7cebe2998df01431f78ca6cc3017dbd2160f182dcbf8c512e9a35bfc49258556,19.467
585,100,7cebc2998df03531f68d269c3037d3d2340e186ddff88512e9a3dbfc58258514,19.500
586,100,fde3c29999b07171a68d6e9c7076f7c6344e786d9fd88d12c923dbe858250414,19.533
587,100,fdc2c6bb1bf1f170a40d4f99707687c67d4e706d3ed90d12c92393e9b8252414,19.567
588,100,fdc696bb1bf1f16004095d99f1368786fd4ef0e93ed90d128123b3e9b0657414,19.600
589,100,d5ce943b3bf1e16014095d39f1768786ed4ee0e93e991d528323b7e9b2617414,19.633
590,100,9dce143b3b71e1411559d939e1762f86cd5ee0e97e991956132326e9f261d114,19.667
591,100,9d4e343bb371c3411559dd39e1f62f06d94ec0e9feb99956132326e9a261d114,19.700
592,100,9dce353b7661c3415559b179a1762d06d95ec1f9eeb9b956122326e9a249d114,19.733
593,100,89c63d3b7621e3412559f139e37e2d06d95ec1f9eeb9b956122326e96249d114,19.767
594,100,e9c6153b76a1c36105599939f1fe0d06dd46c1e9ef99b956132326e9e269d114,19.800
595,100,e9c6153b36a1e3611559dd19e1f60f06dd46c1eb6f999956132326e9e269d114,19.833
596,100,e9ce153f36a1c3611549d919e1f60f06dd46c1eb6f99b956132326e9e269d114,19.867
597,100,e9ce353b3631e3411549b939e1f60d06dd4ec1e96fb9b956122326e9e269d114,19.900
598,100,c94e343b3671e3411559f179e9760f06d94ec1f96eb9b956122326e9e269d114,19.933
599,100,8d4a35397761c3511559f178e5660f06d95ec1b97f99b956322326e9e269d114,19.967
600,100,9d4a37397761c5511519f17865660f06d95ec1b97fb9b956322326e9e249d114,20.000
601,100,954a3739fb71e1419419f9386d660f86d95ec0b97fb1995612e326e9e069d114,20.033
602,100,e54b3739bb70e1599d19f938ad660f86c94ee0b97fb1191612a326e9e069d114,20.067
603,100,e54b3739fb70e1519d19f938a5660fc6cd4ee0b97f91191212a326e9f069d114,20.100
604,100,f54a1739fb60e1519d19d938a5660fc6dd4ee0b97f99991212a326e9e269d114,20.133
605,100,f54a1739f360e5519d19d938a5660fc6dd4ee0b97f99991212a326e9e269d114,20.167
606,100,f54a3739f370e1599519f938a5660fc6d94ee0b97fb1191212a326e9e269d114,20.200
607,100,f55b3639f370e1599d19f978ad260f86d94ee0b97fb0191212a326e9e069d114,20.233
608,100,d51b3631f370a1599d19f97aac260f86c94ee0b97fb0191732ab26e9f069d114,20.267
609,100,f51b3631f370a159dd19f97aa4260f86c94ee0b97fb0191332ab26e9f069d114,20.300
610,100,f51a3639f3706159dd59f978a5260fc6c94ee0b97fb0191312a326e9f069d114,20.333
611,100,f50e173df76061599559d939a5660fc6cd4ee0b97f98191212a326e9e269f114,20.367
612,100,ed4e133ff76021519559d979a0760fc6cd4ee0b97f98191232a326e9f269d114,20.400
613,100,ed4e103ff7702171d559d979b0760f86cd4ee0a97fb81912322326e9f269d114,20.433
614,100,edce103fff702171d559d17920768fc6cd4ee0ab6fb81912122326e9e269f114,20.467
615,100,fdce14bfff6061518559f17931760fc6cd4ee0ab6f98191212a326e96269d114,20.500
616,100,edce00bf5fb661f38559d159b07e8f468d46e08fefb89912302326e96269d114,20.533
617,100,efc6c08f9fa661f2c4c9d95930798f868d46e06fefb89916901326e96269f114,20.567
618,100,edc6c0af1ea662f2a6c1df593079a7c60d46f04fe7f89d16901326e96269f014,20.600
619,100,eee4c0af9eae62e6a4c1df593079a7460f46e04fe7f89d16901326e96269f014,20.633
620,100,fee4e08f9eae6ae664c5dfd9307927360f46c04ee5b89d14901326e96269f114,20.667
621,100,fee4c08f9eae6ae666c7dfd9303927169f46c04ee5b89954901326e96269f014,20.700
622,100,dec0d0af1eae6ae646c5d7d9307927169f46c04eefb89954901366e96269f114,20.733
623,100,cbc41caf1eae6ae644c5d7d970792ea69f46c14eedb89916901366e96269d114,20.767
624,100,dbc481af1e2e66e60cc5d759b0792ea69f46c14eefb89956111366e960e9d114,20.800
625,100,d9ce392f372ee2e60d81f759e2792e869d46815febb8911600336ee944c9d154,20.833
626,100,93ce152e772ec7e70dc1b55962790f86b95683dfcbb85152a0174ee944c99154,20.867
627,100,938e342ed52ecda70d99b15942f17e06b25603bf5fb8b156aa974ee944c98154,20.900
628,100,033e752e95625d811d11a2794af5fa86225e03bb57b8a156aab75fe9d549a154,20.933
629,100,352ef96e8de21f812a1162f15ee67a1622de0bbb95f0a2564aa75de99549a154,20.967
630,100,7b3ee46e8dc31b812a5162f95ea63a5622de0fa99d70a2564aab5de99549a154,21.000
631,100,682efd72c7c31b912a5142f95ea6ba56225e53a9b570a2574aab5de99549a154,21.033
632,100,792ebd72c7c118912a5162f95ea6ba56225e53a9f570a2574aab5de9d549a054,21.067
633,100,792ef572c5c10d912a5962f95ea6ba56225e43a9fd50a2574abb55e9d549a054,21.100
634,100,7d2ee562c3c19991aa5922f95f26ba56225ec3a9fd50a2574ab955e9d549a054,21.133
635,100,3c2ee5e2c1e18b91a259627c5fa6ba56a25ec3a9fd50a2174abd55e9d549b014,21.167
636,100,1d2eedf2c0e10c99ba59207f5f26bb56e05ec9a9fd50a2170abd54e9d549b014,21.200
637,100,3d2e65e3c0e1cd91bb59205f4fa6b956e85659b97d50b0172abd46e95449b114,21.233
638,100,1f2e35b360e14d91b259205f4fa69d56e85e69a95d58b0172abd46e95449bd1c,21.267
639,100,1f2e35b370f14d919159224f4fe68d56e85679b91558b113aabd66e954499d14,21.300
640,100,9fa6307370f14f999059a24f4fa68d56b8566ea91558b513aabd66e954499d14,21.333
641,100,87a630737cf10fd99059f30b4fe68556b9566eb915589503aafc62e954499d14,21.367
642,100,87a730337ef10fd99859b30b4bf68d56fd462ab9055cdd02aafc22e974498514,21.400
643,100,c7a710333ef16fd9d919f30f43b6c546bd462cb900d8df02aa7e22e97641c514,21.433
644,100,c7a718333ef126d9d909bb27e3b6c5561d4224bd805cdf02237e22f9ff01c514,21.467
645,100,e7a798333ef126f9c90ddf09a3f6c5461d4224fdc05cdf02015e227dff01c514,21.500
646,100,6386d8b71e73a6f9480ddf09a1b7e5560d42b4ade05cdfc2011e9239bf21e554,21.533
647,100,63e6e8b71a73b2f1480d5f0d31b9e5561d4294a9e45c4fd2011e903dbf61e5d4,21.567
648,100,65e6f8871a33b2f1681d5f0918f9f0562f4696afe05c4fd2011e903dbf6165c4,21.600
649,100,65e678871a33b2f1605d5f0d99b9f1162d4296abe05c4fd2015e903dbfe165c4,21.633
650,100,65c678871a33b6f1e25d5f0d99b9f0162d4296abe05c4fd2011e903dbfe165c4,21.667
651,100,65c6f9871a33b6f1e05d5f0918b9f1360f4696abe05c4fc2015e903dbf6165c4,21.700
652,100,65c6e1871a33b6f168595f09bbb9e0364d4294abe05c4fc2455e903dbf61e5c4,21.733
653,100,65c6c9871a33a6f148195f09b3f9e1165d4634afe05cdfc2015ea03dbf61e554,21.767
654,100,67e6c1a71ab326f14819df093af9e1661d4624afe0dcdf42015e223dbf61c554,21.800
655,100,67e6c9a71ab326f14819df092ab9e1761d4624afe0dcdf42015e223dff41c554,21.833
656,100,e7c6c9a71ab326f14819df092ab9e1761d4624afe0dcdf42015e223dff41c554,21.867
657,100,67c6c9879ab326f14819df093af9e1265d4624afe0dcdf42015e2239bf61e554,21.900
658,100,6dc6c9879a3726f14819df093ab9e1365d4624afe0dcdf42015e2239bf61e554,21.933
659,100,efc4c1861a3726f14a19de093ab9c1365d46a4afe0dcdf42015e227dbf61e554,21.967
660,100,efccc1863a272ef148d9de093bb9c1365d462caf80dcdf42095e22797f41c554,22.000
661,100,efc4c1863a272ef148d9fe0933b9c1365d462cab80dcdf42895e22f97f41c554,22.033
662,100,ebccc1863a272ef14cf9be0973a1c1b65d462cab00dcdd42ab5e22f97741c554,22.067
663,100,efccc1863a2766f10ed9b80973a1c1a6fd462cab40dcdd42ab5e22f97749c514,22.100
664,100,efccc106f0676eb14899b80973a9c1a6fd462caf44dcdd42ab1e22f97749c514,22.133
665,100,ebccc106f0676eb14cf9b80973a981b6fd5628ab04dcdd42ab9e22f97549c514,22.167
666,100,ebcc8326b0676eb14cf9b00973a985b6fd5628ab04fc9d42ab9622f97549d514,22.200
667,100,ebcc8326b0676cb14cf9b00973a987a4fd566cab05fc9d42aa9622f97549d514,22.233
668,100,ebcc832630676eb15cf9b00973a987a6bd566cab05fc9d42aa9622f975499514,22.267
669,100,ebcc832630676cb15cf9b00973a987e6bd566cab05fc9d42aa9622f975499514,22.300
670,100,efcc8326b0676ca11cf9b00973a987e4bd466cab45fc9d42aa9662f975499514,22.333
671,100,efcc8326b0676ca34cf9b00973a983e4bd466cab45fc9d42aa9662f975499514,22.367
672,100,efcc8b06b0676ca34df9b01972a983e4f94668af05fcbd52aa9662e975498514,22.400
