0,100,d6a596d90d384b697969000fbfd20583e5867d7d0169d7c896b7a4a4fef4480e,0.000
1,100,d6a596d90d384b697969000fbfd20583e5867d7d0169d7c896b7a4a4fef4480e,0.033
2,100,d6a596d90d384b697961001fbfd20593e5867d7d0169d7c894b7a4a4fef4480e,0.067
3,100,96a596f925384b697961001fbfd20593e5867d7d0169d7c896b7a4a4feb4480e,0.100
4,100,96a596f925384b69f961011f3ed20d93e5067d7d0169d7c816b7a5a4feb4480e,0.133
5,100,96a596f925384b69f961011f3ed20d93e5067d7d0169d7c816b7a5a4feb4480e,0.167
6,100,86a596f92d384b69f961011f3ed20d93e5067d7d0169d7c814b7a5a4feb4484e,0.200
7,100,86a5c6f92d384b69f9e1011f3ed20d93e506797d0169d7c814b7a5a4feb4484e,0.233
8,100,96ad86f92d384b69f961011f3ed20d93e5067d7d0169d7c814b7a5a4feb4480e,0.267
9,100,86ad96fd25384b69f961011fbed20d93e5067d7d0149d7c814b7a5a4feb4480e,0.300
10,100,86ad96fd25384b69f961011fbed20d93e5067d7d0149d7c814b7a5a4feb4480e,0.333
11,100,96ad96fd25384b69f961001fbed20d93e5067d7d0149d7c814b7a5a4feb4480e,0.367
12,100,96ad96fd25384b69f961001fbed20d93e5067d7d0149d7c814b7a5a4feb4480e,0.400
13,100,96ad96fd25384b69f961001fbfd20c93e5067d7d0149d7c814b7a5a4feb4480e,0.433
14,100,86ad96fd2d384b69f9e1001fbed20c93e5067d7d0149d7c814b7a5a4feb4480e,0.467
15,100,96ad86fd2d384b69f9e1001fbed20c93e506797d0149d7c814b7a5a4feb4484e,0.500
16,100,86ad96fd2d384b69f9f1001fbed20c93e506797d0149d7c814b7a5a0feb4484e,0.533
17,100,96a5a6fd2d384b69f9f1001f3ed20e93e506797d0149d7c814b7a5a0feb4484e,0.567
18,100,96a5a6fd2d384b69f9e1011f3ed20c93e506797d0149d7c814b7a5a4feb4484e,0.600
19,100,96a5a6f92d384b69f9e1011f3ed20d93e506797d0149d7c814b7a5a4feb4484e,0.633
20,100,94a5a6f92d384b69f9e1011f3ed20f93e506797d014997c834b7a5a4feb4405e,0.667
21,100,96a5a6f92d384b69f961011f3ed20f93e506797d014997c834b7a5a4feb4405e,0.700
22,100,94a5a6d92d38cb69f9e9011f3ed20d93e506797d014997c834b7a5a4feb4405e,0.733
23,100,84a5a6d92d38cb69f969001f3ed20d97e50679fd014997c834b7a5a4fef4405e,0.767
24,100,84a5a6d92d38cb69f9e9001f3ed20d97e50679fd014997c834b7a5a4fef4404e,0.800
25,100,84a5a6d92d38cb69f9e9001f3ed20d97e50679fd014997c834b7a5a4fef4404e,0.833
26,100,94a5a6d92d38cb69f9e9001f3ed20d17e50679fd014997c834b7a5a4fef4404e,0.867
27,100,86a5a6d92d38cb69f9e9001f3ed20d17e50679fd804997c834b7a5a4fef4404e,0.900
28,100,86a5b6d96d38cb69f9f9009f3ed20906e50679fd804997c814b7a5a4fef4404e,0.933
29,100,86a5b6d96d38cb69f9f9009f3ed20107e50679fd0049d7c814b7a5a4fef4404e,0.967
30,100,86a5b6d96d38cb69f0f9809f3ed20107e50679fd0049d7c814b7a5a4fef4484e,1.000
31,100,c6e5b6d90d38cb69f0f9809fbed20107e506797d0049d7c814b7a5a4fef4484e,1.033
32,100,c6e5b6d90d18cb69f8f9809fbed20107e706797d0049d7c814b7a5a4fef4480e,1.067
33,100,c6e5b6d90d18cb69f0f9809fbed20107e706797d0049d7c814b7a5b4fef4480e,1.100
34,100,c6e5b6d90d18cb69f0f9809fbed20107e706797d0049d7c814b7a5b4fef4480e,1.133
35,100,c6edb6d90d18cb69f0f1809fbed20107e706797d0049d7c814b7a5b4fef4480e,1.167
36,100,86e5b6d90d38cb69f0f9809fbed20107e706797d0049d7c814b7a5b4fef4480e,1.200
37,100,86e5b6d94938cb69f0f9809f3ed20107e706797d8049d7c814b7a5a4fef4484e,1.233
38,100,86a5b6d96938cb69f0f9009f3ed20107e70679fd8049d7c814b7a5a4fef4484e,1.267
39,100,86a5b6d96938cb69f9f9009f3ed20107e50679fd8049d7c814b7a5a4fef4404e,1.300
40,100,86a5b6d96d38cb69f9f9009f3ed20107e50679fd804997c814b7a5a4fef4404e,1.333
41,100,86a5b6d14d38cb69f9f9201f3ed20906e50679fd804997c834b7a5a4fef4405e,1.367
42,100,86a5b6d14d38cb69f9f9201f3ed20d06e50679fd804996c834b7a5a4fef4405e,1.400
43,100,86a5b6d14d38cb69f9f9211f3ed20f06c50679fd804996c834b7a5a4feb4405e,1.433
44,100,86eda6d14d38cb61f1fb211f3e520f06c50679fd814996c834b7a5a4feb4405e,1.467
45,100,866da6f14d38db61f1f3211e3ed20f06c50479fd81499ec834b7a5a4feb4405e,1.500
46,100,866da6d14d38db61f1f3211f3ed20f06c50479fd81499ec834b7a5a4feb4405e,1.533
47,100,866d26d14d38da61f1fb219f3ed20f06c50679fd81499ec834b725a4feb4405e,1.567
48,100,866d26d14d38da61f1fb219e3ed20f06c50679fd81499ec834b725a4feb4505e,1.600
49,100,866d26f14d38db61f1f3219e3ed20f06c50479fd81499ec834b725a4feb4505e,1.633
50,100,866d36f14d38da61f1f3219e3ed20f06c50479fd81499ec834b725a4feb4505e,1.667
51,100,866d36f14d38da61f1fb211e3ed20f06c50479fd81499ec834b725a4feb4505e,1.700
52,100,866db6f14d38da61f1fb211e3ed20f06c50479fd814996c834b7a5a4feb4405e,1.733
53,100,866db6f14d38da61f1fb211e3ed20f06c50479fd814996c834b7a5a4feb4405e,1.767
54,100,866db6f14d38da61f1fb211e3ed20f06c50479fd814996c834b7a5a4feb4405e,1.800
55,100,866db6f14d38da61f1fb211e3ed20f06c50479fd814996c834b7a5a4feb4405e,1.833
56,100,866d36f14d38da61f1fb211e3ed20d06e50479fd814996d834b7a5a4feb4405e,1.867
57,100,86ed36f14938da61f1fb211e3ed20d06e50479fd814996d834b7a5a4feb4405e,1.900
58,100,86ed36f14928db61f1fb211e3ed20586e524797d814996d834b7a5a4feb4405e,1.933
59,100,86ed76f94928db61f17b211e3ed20186e524797d814996d834b7a5a4feb4405e,1.967
60,100,86ed76f94928db61f1fb211e3ed20187e524797d814996d834b7a5a4deb4404e,2.000
61,100,86ed76f94928db61f1fb211e3ed20187e504797d814996d834b7a5a4feb4404e,2.033
62,100,86ed7e794928db61f1f3211e3ed20187e704797d814196d834b7a5a4feb4484e,2.067
63,100,866d6e794928db63f1f3211e3ed20107ef24797d814996d814b7a5a4feb4484e,2.100
64,100,866d6e790928db63f0f7219e3ed20187ef04797d814197d814b7a5a4feb4484e,2.133
65,100,866d6e790928db63f0f7009e3ed20187ef24797d8141d7d814b7a5a4feb4484e,2.167
66,100,86f97e790928db6370f7209e3ed20187ef24797d8040dfd814b7a5a4feb4480e,2.200
67,100,86697e790928db6370f7019e3ed20187ef24797d8140dfd814b7a5b4feb4480e,2.233
68,100,866d7e790928db6370f7819e3ed20187ef24797d8040d7d814b7a5b4feb4480e,2.267
69,100,866d7e790928db637077859e3ed20187ef04797d8040dfd814b7a5b4feb4480e,2.300
70,100,866d7e790928db637077819e3ed20187ef24797d8040d7d894b7a5b4feb4480e,2.333
71,100,866d76790928db6370f3811e3ed20187ef04797d8148dfd894b7a5b4feb4480e,2.367
72,100,866d76790928db6170f3819e3ed20187ef04797d8148dfd894b7a5b4feb4480e,2.400
73,100,866d7e790928dbe3f077809e3ed20187e704797d8040dfd894b7a5b4feb4480e,2.433
74,100,867d7e790928db63f177809e3ed20187e504797d8040dfd894b7a5b4feb4480e,2.467
75,100,866d7e790928db61f1f7801e3ed20187e504797d0148dfd894b7a5b4feb4484e,2.500
76,100,86ed7e794928db61f1ff011e3ed20187e504797d014997d814b7a5a4feb4484e,2.533
77,100,86dd7e794928db61f96f011e3ed20187e50479fd004996d834b7a5a4feb4584e,2.567
78,100,86d976f94928db61f1ef011e3ed20197e10479fd00499ed834b7a5a4feb4505e,2.600
79,100,86d976f94b28da61f1ff211e3e528797c10479fd00499e9824b7a5a4fab4505e,2.633
80,100,86d976d9db68da61f97f271e3c128fb6c10479fd00499e9024b725a4f8b4505e,2.667
81,100,a6f924d1df78d242b16f271e78124fb6c104f9fd81499e9024b72da4f8b4d05e,2.700
82,100,acf924d1df789243e16f2f1e78124f3e890cf1fda1493e9024b72da4c0b4d25e,2.733
83,100,acd904d19f7892c2a36f6f5e70124f360b2cf1f9a3493e902db76da4c0b4925e,2.767
84,100,acd924d19b7892c3a34f6f7e70120f360b2ce1f9e1493c906db76da480f492de,2.800
85,100,2cd924d19f5892cbe34f7f5e70120f360f2ce1f9e1493c106db74da480f492de,2.833
86,100,2cd924d19f5892cbe34f7f5ef0920f360b2ce1f9e1493c106db74d2480f492de,2.867
87,100,2cd924d19f7892cac34f7f5ef0920f360f2ce1f9e1493c106db74d2481e492de,2.900
88,100,2c9924d1be3896e2434f7f5ef0920f360f2ce1f9f1493c106db74d2581e492de,2.933
89,100,2c912491be38b6e2434f7e5ef2820f360f2ce1f9f1493c126db74d2581e492fe,2.967
90,100,2c99a5d19b38b2e2034f7e5ee0824f361f2ca1e9f1497c126db7492581e4b2fe,3.000
91,100,6c89add1b230b6a203cf7c5ea0b21f161f0c83e9f9497c126db74b2581e4b2fe,3.033
92,100,6ca9edb1b430b6a203cf7c5ea2a21f161e0c83e9e9497c126db74b2583e4a2fe,3.067
93,100,6d91ad91b070b2a216cf785ea2c29e361e0d83e9e94974b26db74b250be4a2fe,3.100
94,100,45912d91b470a3a217ef785e86c29e16102d23e9e84974b2edb75b250be5a6fe,3.133
95,100,45a16db1b430a7a21eef705c0fc29e16900c03e9f049f0b2edb7db250be5a6fe,3.167
96,100,45a16db1b03027a21eeff05c4fc29e06906c27e97059e0b2edb7db250b6526fe,3.200
97,100,85a16db1f03127a21eeec05c4fc29e06b07d2fe97059e0b2c937db211b6526fe,3.233
98,100,8da159b1a03127a63eeee0dc4fc29e06b27c6fc92059e0b2c937db211b6526fe,3.267
99,100,0fa1d9b1a0313f8636ec82dccf461666b3fd7f09201960b2d937da251b6564fc,3.300
100,100,0fe1d931e0b13f0636ec82dccb469626a3fd7f09601161b2d9379a259b6564fc,3.333
101,100,1fe1d931e1b13f0434ac06ddcb42964e27feff09601141b2d9379a219b6d64fc,3.367
102,100,5fc1d921c1b13f0634aa06f9ca56964e27feff09609961b2d9239a21ba6564fc,3.400
103,100,7fc1d121c1b13e0435ea07f9ca56804e2ffefb09649949b2d9229a25ba6d64fc,3.433
104,100,7ec1816109b17c1435ea0df8825e16de7feef2096c9949b299269a25f64d64fc,3.467
105,100,fc0181790bb1fc14656a8ff8025e37deff8a62096991c1b691269225f64d6dfc,3.500
106,100,f04303e99b31f4146dca0fb802de7fdefd826009e9b1d1769226b225744d6df8,3.533
107,100,d04303e9bb35f5146dc81fb816de6fdefd036009e9a991769a22b025644d6df8,3.567
108,100,15530fe9fb24e4546de81f9816dfeede75036889c9a191769a62b025644d6dd8,3.600
109,100,05713fe8fa24e454cdc81ff836dfee167503e889d98191749a62302564cdefd8,3.633
110,100,0573bfe8b224e4144cfa17f8b6fff3167503e889c98199749a22302564cd7fd8,3.667
111,100,07f1bfe8b23465944d9a1779b6ffd3027503e889492199749a22302564dd7fda,3.700
112,100,0ff1bfe8f234e5944f9a1779aedfd20275036889492199749a22102564dd7fda,3.733
113,100,0ff1bfb8f034e1940d9a1779aedfd20275436c894d21d9749a22922564cd6fda,3.767
114,100,0ff1bf38f03460d40d9a177baadff20275436ca94d21d9749a22922566cd2fda,3.800
115,100,47f0bf38f036e0d4059e577baacff20275432ca94da1c974da228225a6cd2fda,3.833
116,100,45f0ff38fa3660d401de577bfacffa0235432c8965a1c974db22c205c64d0fca,3.867
117,100,45f8ff3cfa2e60d428de576bfacfda0237432ca964a14d34db22e205c64d06ca,3.900
118,100,45f2fd3cfa2e405429de576bfb4fda02b743268924a16d34c932e207e64d06ce,3.933
119,100,45fafd1cba2e405428de576beb4ddb039743b68924b16d34e932e207e24d06ce,3.967
120,100,07bafd1cb82e405628de366a694ddb83df4396c926b16db4f932f303e24502ce,4.000
121,100,26b87d1ca82e5056a8d632ea6d4d4b83df6392e936b965f4f9b27903624502ee,4.033
122,100,26b85d1ea80e521680d626ea6d6d6b834f6392e916f935f43db27913f24542ee,4.067
123,100,a2bd579ae90fc22684d6b2aa256969834f638b6992f915d43d923d13f945c0ee,4.100
124,100,32bd569a7d0dea26d056924e14eb2d856d23cb6982f956d41d923d13bd45c0ee,4.133
125,100,933d3e9c5d9d6a2e44568a5694eaa58565a3c969c2f946d41d921c13bf45e0ee,4.167
126,100,913daa9d159aeaaf4456ca5696eab5c565a3e161627946d41e921c93be4560ee,4.200
127,100,153d8a993d9eab8d68464a5696eab7c5e5a3e161637946d01e921e933e45e0ae,4.233
128,100,553c8a9d9d9ea78d68864956daeab6c1f4a3b161e37906540e921f933e45e12e,4.267
129,100,552a8bbdde8ea51d20ae69565aeab6e0f4a3b123e37923540e921f133e45e12e,4.300
130,100,453a5f3dda8cb51524ae69565a62f640dca7b1a3e379235c0e9a1f123e45b12e,4.333
131,100,477a5f78da88b51524af4956da56d642d8a7b1a383792bdd1f903e125e15016e,4.367
132,100,6efa4d78d288969c658f4d5efa56d44ad8a391a303698bf95f11bc1a1e151166,4.400
133,100,2ef34d78d3a8169c648f6d3fead6d44ad8a381a703618be9df11fc1a1c154166,4.433
134,100,26d76d704908369c668d6d2febf6dc4ad0c301a705710be9ff11f83afc150366,4.467
135,100,26d76e7009483638e68ded2feb35ca5ed0c203a725610be9fa11f83af81d07e6,4.500
136,100,26d76e700948763ce69ded2fe935ca5ec0c203a765610be9d811f83af01f07e6,4.533
137,100,24df2e700968723cf6bced2fe9354a5ec0ca03a777613fe9d811e81a901b1fc4,4.567
138,100,b4dd2e530960523cf6bced8fe9350a5ec0da03a777617fe9d811a01ad01b1f54,4.600
139,100,94c926d72d605928f6bcecafed350a5640de0ba77761ffe9d811801280bb5f54,4.633
140,100,94c936d72d60196872bcf4ade53dae56005e03a777e3ffe19811803a80bb5f54,4.667
141,100,c88936df2d622d68721cf6bde5bda5520c4e0a8777a37fe1c911c03a009b7f54,4.700
142,100,488792dfb743ad687a9cf27ce5bd25520c4e08877fa37fe1cd11803a009b7d54,4.733
143,100,4997d2df3743ad683adc7274f4bd0512044e08c77fa3ffa1cd11803a009b7f74,4.767
144,100,699742dd174bb5a0a85c7274f4bd0592056e08cf3fb3ffa1cd11803a00dbfd3c,4.800
145,100,ac974a59134bf7a0ac5cbb50e6bd459a056a2ccf3f93bfa1ed01c03a005b7d98,4.833
146,100,b497aa415b6b56a0f47cb950e2bd049a072a24cf3fd3bfa17581c03a805b7ddc,4.867
147,100,d4dea943096b5aa176749d10ba3506db13aa864f3dd39fa17581e01ae05b3f9c,4.900
148,100,56ded443a56b0aa17274dd2af915a2df92aa866ebdc31fa13781e01ae05b169c,4.933
149,100,7ade5043552928ad3af4542add15a25f82aa832e97c39ff13ec5e01af01b16fc,4.967
150,100,abd05a4a552b2cedab657e2add10825d028a832e974b9ff13ec5f01bf01b16f8,5.000
151,100,bfd46a5a540b25adab557e224c90015d02ce8baed64bdfd13ec5b01bc01b5ef8,5.033
152,100,b5f6aa52500b54a9b955fa226cb8415d02ce8ba6d64bdfc17ed5a09bc01b5ed8,5.067
153,100,d5b5ab56284a54abbdcdbb646cb0411903ca0bb6d64edfc17fc5209b003b7ad8,5.100
154,100,54bdd7f4a95246ab74cdb965e8224531055b0bb6126eff41ffc5209b003b6ac9,5.133
155,100,2eaf57b5af56281a76abb945a022603025790bfe0b2efe49ff4522db003b6ac9,5.167
156,100,a84f16ad1d44ad5276abd5cda06620b025792ffe0b2e7e4bfb0526d9017b62c9,5.200
157,100,ad4f1aad5f04ed52a2bbd5cd816620b045796fde2b3e720bf9052ed101fb4849,5.233
158,100,ed5f32ad5f24e556a2bb518d816620b35568eddefb36000bc805eed107fb4149,5.267
159,100,651fb2ed5a24c556a2db118d956626f37528edc8e936000f4005eed17ffb4b49,5.300
160,100,451fb2cd2a254506a2f91f8d37e42fd345a9ed086936024f0005fed1fffb4b49,5.333
161,100,451f015dbae55526a6dbfa9977242ed24d2948484b76126f00478891fffbdb49,5.367
162,100,2cb7455fa2e55d26a4d2fa99750c66524921c9698b5672ed10c78095f6bbdb49,5.400
163,100,2ab3dd5da2cd5d2625d22a99412cec5659619b699b56f6e994df9895249bd101,5.433
164,100,baa0dd19aacc4166bd3a2ad1512cec56db6392699356f6e8b4df3097249b9123,5.467
165,100,faa445b09a5c43e6513aaed1d92c8cd69a5333a9925626e8b49f21b764bbd523,5.500
166,100,cba565b0905cbe4e412ea6d1d9ad8c5e9b533229365626f8349f21b764bb5523,5.533
167,100,4b27e4b115589a4e49aea651fba198bc9b52322936562ef8748d49b766bb5523,5.567
168,100,8a2fcfa5341033cc5d2ec653fa2111bc3c5632a964576cf06599c9b7ec2bd163,5.600
169,100,226f9e2565b0e2dc556e8edb2081773ce0d6662b8cd7c8b0c5999b37886b9762,5.633
170,100,2ada182f4db0a29c554eb8fb4883c76cae96502bbdd79aa18f19332638eb3746,5.667
171,100,6adaf16fe9218e90554eaaea50871f64ae9650ebb95712a13f19726662eb2646,5.700
172,100,469a334fc92556d0795a2aa8550faa6438b6574bab1772a1f459e666c68bccd6,5.733
173,100,d68a2b4d50a5a4d0ea4a5da9b45faae055b6f74baa3785a104558cee1d8b59d6,5.767
174,100,249fd35d35a7aa92545aa9092a6f56a0b556aadb52ae7d413ad5788e712bc314,5.800
175,100,7cbda25d55235012adfa2ba954cdb5246a5452bb956ae955e295d1aac7538634,5.833
176,100,d1a84edd9547a29759bad6a9ad5d6b6c5294b5ab2942129505ad275a2e533c74,5.867
177,100,252a9adc634786b7b56a24ab4bdd966ca5a4497a52d6a4b52d294e5ad895f0e4,5.900
178,100,4d2eb694d74d3ca76b52dcabb69d6d4c4b24965aa494492dda499cf221a703cc,5.933
179,100,196ecda0024dd1a6965225ab6dbdd04db2646dd2c925b26904d979f6cb2bff88,5.967
180,100,fb6c1920eedd25a664d6db2b9a3925d96ca49912322d64d94d91d366b26bec18,6.000
181,100,9e4c77298edd7d26ccd6376b26b14d9999ac3346e66d999bdb35264424cb0810,6.033
182,100,3e4cf5a91a9dd3260cd6666b4eb19b991bec6656cce93993b3356cc4cc8b1011,6.067
183,100,7accc5293a9593663c96c44b98b13331376cc4d618e973336675fcc48d9b7071,6.100
184,100,fac8c529aad517667896cd4bb8a133316e6c8c9638a9e7330e65d9c4199bf071,6.133
185,100,bac8c529aad50766e896894bb0a16731eeec999639a9e6230e65f9c41bbbe071,6.167
186,100,bad8dd29aec54766e996994b32a16731ccec199631a9c6238c65f1c43b3be071,6.200
187,100,9ad9dd292ec54766c196194b66e1e631ccec119671a9c6639c6573843f3be071,6.233
188,100,9a597d296ec5c726a896394b66e1ce5188ec319661a9ce63bced7384373b4071,6.267
189,100,9a4b7d210ecdc326b892396be6e1ee5c89ec319ae12bce639cfd7384363b4041,6.300
190,100,3a476da0cecfc3263993796bcea5ce5c19cc7312e3618e63b8fd7384263b4041,6.333
191,100,7b60ceacc25fb33239d3ed6bce959d7c338c7312c6e19c6338fd6384063b0044,6.367
192,100,c3688e9df15f31b239d3ce69ce95997c3386f212c6e19c7331fd6384063b7040,6.400
193,100,c1388e9ff14738b231dbce29ce9591ec3386f21bcee11c7b31d47384063bf844,6.433
194,100,f1b88ec7792310b060cbc62dcf9491ec3b86e21bc6e19c7b31d47386c63bfc44,6.467
195,100,f99c8e47192202f0606bc72ddbdc98ac3b86e21bc6e58c3b31d47386e71bfc44,6.500
196,100,9c878e4711b272d86429e7b598dc98a63bc3e23bc6e58c3b39d43b82e70b1e64,6.533
197,100,ce83a36331b87a5d672dc3959c5898a63bd3e33bc6658c1d19d43b82638b0e74,6.567
198,100,fa43317a3ab83f4de7adc9d59c5a99a63b537339c6259c1d18d43182238b0674,6.600
199,100,3b73313a3a9d054de3a5ccd69c4a93a7315b7339c6259c1d98f4b18a318bc674,6.633
200,100,131a159f02dde545e2b5cc569c6a93b3310b73bdc7059c1d98f4b98a3989e674,6.667
201,100,f58f04cd666167a56e97cc6a9aa299b3390873f5c7058c4dccf039cab8a96634,6.700
202,100,65af2a45376023b44e56c76a98b399931d8871f5670dcc6dcc701cca8fb9233e,6.733
203,100,d6a1ba501132e8946652e52ac8b3c9c19d8d3975638de66d6472cccbc7b9333e,6.767
204,100,ff31817075b6289a275a6caa4c93c5c18ced39753385662d2672ccc361b9f91e,6.800
205,100,eb7c993e3e9fa04a37ea60286ed1e0ec8e2d99543387373c027266c321d9d996,6.833
206,100,fd4e8497f6c1814a33aee2213ff1686dcf279dd49987333c9252366308d90d96,6.867
207,100,cd06c2833b40c16a3bbfbc110d73742567b7ccd099c39b3cd2523263ccddcec6,6.900
208,100,77a208d11f60c02a8fb5f011867732a563976cd0c8c1d99cda6a9b6bfe4de6c6,6.933
209,100,3ea2c8507fa8643fc6d57219c33798a530df26406ced4d9c696acb3d364d33c2,6.967
210,100,1e0068581fac740f7ad51b097bb3cc85985fb268246fa5cc283be9bf336db162,7.000
211,100,6e48245c87ac3e0702558f0929f34ed5d85ed368166ff4cc943b65bf992d9863,7.033
212,100,af4cc04cc3a78207e9758d8920f366454d4edb38122772cc962b34bfdd2fdc63,7.067
213,100,874c702e43e7fa177df5c589907327056d2e69bc02075accc6891c9f4da74e2b,7.100
214,100,5f0c00a76bf7df1715f5c0899233b3052dbe29b4ca074a6442899edf6da74a2b,7.133
215,100,1f2e30176bd3191704f46209db31b3c7a4be29b4eb07e864638986df21b72b3b,7.167
216,100,c707b85303d3481714fc7609c97f93e7a4bfa490e103ad642bd9cad7a1b5292b,7.200
217,100,de03185361db7c0fb6ed7b894dff11c7901f94c07103ad6439c94a77b095a923,7.233
218,100,0f03a85b6dc97c7e9ee53b894c3658c2d21edcc07d03adec29cb4a5794958da1,7.267
219,100,cf03b879afc9763e8ae009896410d8e3d20edef03793c5fc894f4b57d4d59481,7.300
220,100,cf01bc6da7e1763ecae0a800e412c8e37a0edef157b346fca44f295752d5d680,7.333
221,100,6f011c6df3e07e3cc8e0be00a632ede77b9f06f151bb467ca40ba91752d55680,7.367
222,100,6731d46cf3942e7ce8e0df8cb732adef2bff02f9419a523cb409a9035a515680,7.400
223,100,231cde64d1bebe1c7d605f8c141225ef89bfe279e8defa2cf401bd03fa410a80,7.433
224,100,83044e6c589e973aa5f46bccd212f06fc00f3039ac4e2b8c5fe157c3ef41ebf0,7.467
225,100,f986a67f488e433a94f4a1c8eb9b7a277c8f5d1d1446019402e143eba579bd78,7.500
226,100,19a6e23facc66938d634b4402d1b1a272e87cf0dd726e1c4e07140e3d5fd9d7c,7.533
227,100,5996730fafe22b9e4ab4946005938b27a6ceeb8d72a2f4d4f031b87154bc157c,7.567
228,100,299713cf86f2aa9c6b74d269a183cbe793dc298d3ab25cc43c11ac395abe451c,7.600
229,100,89a773ef561cac582b345a69b0c369f7d34e84c58b320eec1f118611eb9ee70c,7.633
230,100,acaf8b79775c55522d306a69d4d3043fdb6ee6d0811283adc7914701a99e3b8e,7.667
231,100,552d8938bbac5c9a85302d695e5724272b6672d8719aa3dd2bd1bb8195ce98ae,7.700
232,100,55add9d88bec6692d520256b3a57b4a6097618da7d8a195518d1ffc4c4c7c666,7.733
233,100,64bd4dd882616e98d7a185638b57deb68d368e4a1cc6dc5544c16fe566c76226,7.767
234,100,b6bc4d7853312a9853a1d5034f57debee42cce680ee6ec4d666023e532673326,7.800
235,100,9ee8ad30531923d078a15503255656fef42ce36886d7fe0db27081f79b639936,7.833
236,100,0778adb059c9b5d43aa37503215e2a7e76ace368c2575f0dd030c077c963dd96,7.867
237,100,55b8bd90edcb96f03aa3720aa16e2b6c3aacf169e357470d483044334df3cdd2,7.900
238,100,56b89dd3bd639293ab83780af12e8b3c1aac393963d547856c10743365f366d2,7.933
239,100,5ff295d3d922cb93898b782ed12c8bf40abc3d3973d567842e10363324f326d2,7.967
240,100,4ff25547e926c9979dab3826d5bc81d40abc1ca931c7b384361a361bb6f33252,8.000
241,100,cfc25587ad0e8d8c9daf3836d4bc81d88ab91ca9b1c3b384971a9a1b92f3b25a,8.033
242,100,c6c25c87ad8cc4cc9ca6b816f0bcc5d88a391eab9943d3c0971a9b1bd27b935b,8.067
243,100,8f425c85fd8cc2ccdcb63a1e70bcc5d88a119e2b19435bc0170a8b1bfa7bd96b,8.100
244,100,ce260ca4d5dcc2dc583a395e70b9c5e88f111e2b19635bc8070aab19f97bd96b,8.133
245,100,ce246c9cf55cc879593a391c70a9c5e88f410f6b19636b88870aab1bf87bc96b,8.167
246,100,ce242c9c7978e9795d3b391870a9c5e0cf410d6b196b2b88878ab519f83bcd6b,8.200
247,100,b814989c7968e9790d393d5832a1c5e0cf410d2b196bb98c978ab51df83bed6b,8.233
248,100,9814b899596989311f93175062e1c762cf430dab19eabb9c938af517787b6c6b,8.267
249,100,9c990da9516ba3b3171237c462e1c7428f030dab39eeb39c979ad41778736c6a,8.300
250,100,188d3ba96363a793570672c4e2e0c7228f0718ab39e6b29cd39af41778736c6e,8.333
251,100,2e8d23a9e34326165706e2e4e2accd0e8d0f38ab31dcb29cd61af255787b6c6e,8.367
252,100,22ddc36a87520c36554ee8eccce98d1b289d39fa71d4d29cd618d075e0736c6e,8.400
253,100,6869c16aa8525c3ed1cc88e99dab191b389971faf3d4d698d63ac075e0636c6e,8.433
254,100,0d6b8d4a3896918cb3cc0aa91d1b391f7395f392c694d610d633c4f5e9636d6e,8.467
255,100,1f63ae5270b4b5dc228516a175137215e3b5c75686149e329c73cce749e3696e,8.500
256,100,7632f29650b4b7cc0aa57433f412e2b5c7a2c7568e349c3a9c6309e749eb694e,8.533
257,100,e296e29cd7acaec94aa1f57be05ecaa587a28e549cb41c6a394b09c729cb294e,8.567
258,100,e29cd79d9f49ae83d823a57b8e561ea51d463c5438f0706a39cd4bc5494a694e,8.600
259,100,079cb78dba4b58a3517329521ed43e843d46f0d4f0f8e1cb63cd5b074b4a4b4e,8.633
260,100,771db849784350f301532bd27e8cf50ce146e0d4c1ebc35bcb0ddf0f5b0a4b5c,8.667
261,100,aa89e0cb50c35577ab52ead2f40ce10cc3d687a007eb0f5bde0dde0fda4a1a5c,8.700
262,100,eac942cbd5d7af57ead2d29ac50d010e0b940fa81f4b1e5f9e1d900f9a5a9a58,8.733
263,100,42cb55c3b556ab435a92151c050d0f4e0f943fa87f4bfe17b03d907f925ab2d8,8.767
264,100,55cbb747af562a025492155c0d5d2a8e7e847d2bfc43f017b07d807f925ab2d8,8.800
265,100,b54baa462a26500a54322d5c6b5dfaaefca4f90bf053a0f580f980ff92dab6d8,8.833
266,100,abcb2a26506650fab57ceb7dfaedf4aef0204143005320f503f906ff06daa6d8,8.867
267,100,aa4a4066507695faad7cea7ddaaed4ae4120014300d727f527f937fb36d226c8,8.900
268,100,426655769579a5f8ab7c4aa952aa152e0120035326d72ffd3ff937da36d23680,8.933
269,100,5576d574a5b8a9b86a2c52a915ae0526056312532eb52fe9bfe93fd8b6d23680,8.967
270,100,95f4a1f4aab82a285aac56a9152e25766f53bad3eeb57fa1fec976d824902400,9.000
271,100,a9b4aab86a385a3c528d951fa556a957ead3fa93eea17fa1f6c974d024906401,9.033
272,100,adb46e985b18534cd55da557ad56ab57fad3ee936da07c89e4ca24d024946411,9.067
273,100,5d195c19555d9545a517ad47eb57ead3f29366b35da8644b24da24966c966411,9.100
274,100,5d59d41bb74db5c5ad276b626af75aa3569364ab5528644b64da24966ca424d1,9.133
275,100,dadbb20fa7c7aea769234a625ab356a354bb75aa5568645b24da249665a424d1,9.167
276,100,92cbaae72ec76aa34aa352e256a3548b55bb75287549645b65d26d966da424d1,9.200
277,100,25e66ee74d8758b35252d6d0b491a59b2d39ed68a9582cdaadd4e9b42b242699,9.233
278,100,65665d7555b3d3f39452b490a591ad19a97cab48aa5caed2ae94aab4aaa42a99,9.267
279,100,4d64dd9195b3b452a5d8adb92d1969784b5c2a4cead56e92ea94aaa46aac6a99,9.300
280,100,cc35ad91a7faa4502d9c69bd4b1d5a7c5a4c52cc52975cb6cab452ac56ac468b,9.333
281,100,aa992b302ed86c5c490c4b0ddb5cd25cd6ccb6dcd497d5b699a4572c546c54ab,9.367
282,100,22996b1a6ec8489c5b0ddb0d925e96c4b6cca49cb5b785a6b9a4356c146fd5ab,9.400
283,100,73997a0a5cccd80cdaad920fb2deb6c4a4ccac96a5b7a926a92c256c254badab,9.433
284,100,72a3d64a948c928cb6abb64726d2248e6d9c6db7a926ab266b6c6d4c29cb293b,9.467
285,100,c52394ceb18d36ad24ab64d76d826dae49945927cb265b6e426d484ccacb4b7b,9.500
286,100,8443299e23ad646d6c6b4ce7cd82d9ae9b149b275266526e82cddadc508bd373,9.533
287,100,0e4e4b9c4b2dcd4dc94b99a69906930eb355326f764e864ea6c99298b59ba673,9.567
288,100,57ced73c8ee9894593c633a63346264c667566cae4ceecca4c9965982d126e63,9.600
289,100,c40e977c9ec93bcd33c6722e6656665c44e5cccaccce499add99e1904b126c63,9.633
290,100,854e2e7514c962cd674e662ec654ccd8cce59dca999e999ab1198b31db32c867,9.667
291,100,7d586e753589c38dcf1ecc2e9cd49898998d398a319c33322339bb31d2729367,9.700
292,100,5258d8b1e58b868e9b56196e389531b9310d739ae33c673246734e71a6e636c7,9.733
293,100,f4d832a16b1a362e1a16794871b563b8630de71ac738ce72ce73cc610ce6eec6,9.767
294,100,8491f6a95a5a6cae74d6e348e335c732c61d8e368c781c62bce318e5d9c6958e,9.800
295,100,69f1e4e9965ac93ee5f686c88f650e721c1d1c76386838e260c371c5b18e379e,9.833
296,100,fb61cc8b24d2917e89643ed83e65386238b970f670c9f1c2c183e38d630eef1e,9.867
297,100,a241994be9b2277e3a6c5d90fccd7042f1f9e1e6c1c1c3828787070dcf0eea3e,9.900
298,100,ce83335b1ba6ddd4eeecf111a089c1c6c3eb87e60f910f0a5f073e0f1c1c8a3c,9.933
299,100,118baa535766b8d4d58ca27543a905d60eea1f443f137c0ebc07fc3b707c30fc,9.967
300,100,a10b5cd2ae44629015582aa55549af967f8afd44fe3af01ef00f807bc0fcf5f8,10.000
301,100,475bb1b62a4c5730ab5854e5bd5bfaaed54af804702ac05fc0bf017b02f8c7e8,10.033
302,100,de57e9a650ccbd345a58d5edea53542cad52408c417a00f503fe07f357f01fc8,10.067
303,100,9e17450ea0dc2a7054d4894f4293b52c2a5304ac05561afd1ffe5ff1ffe07fc0,10.100
304,100,1406015620f45870b5d42b4b94b5217c1297056c0f565efd5ffebfd1ffc07f40,10.133
305,100,0c4e01d448f494f0ad4d5a5384b5415c10970d6c0bd657bd7ffeafd1bf40ff10,10.167
306,100,984a019450e4b5f02b4d5297853d025d14930f7c0ed6f5ecff7eafd1bfc0f410,10.200
307,100,a24241b4d0e42d906b4d96b3a97d02d725b10b5cbed6b5ecbfdeef85bf00a810,10.233
308,100,83f6d1acb47429c0524db4b1297d02972d390bdcbeb5bdecffd66a85ba80a810,10.267
309,100,01b6d16c2d722b40d295a5b96a6d02970f380ad6aeb5bf6cbff46be5be80aa80,10.300
310,100,05bed06e05f26b44d293a5396a4d029301280ad626b5bffcaff6ebe5efc0aa90,10.333
311,100,75bf552fa5726946d293b539684d92930128025602b50f7c2bffabf5abf0aa90,10.367
312,100,348d5f0ff572a94e5ad2f5bdf96ff293a008005600b5012f02ff2bf52bf0aad0,10.400
313,100,3e8d5a0ff41a294e5e52f5bcfd6ff293f008e05600b5002f02ff2af52af8aad0,10.433
314,100,2e8d5a0bf41aa94e5e92f5bcfd4ffed3f408e0520035002f02ff2af52af82af0,10.467
315,100,4fad5a1bb47a295ede92b52cf953f093e008e05200bd012f02ff6af57af85ab0,10.500
316,100,5badd61ba47a7b5ad690bd2cfa53f491e808e01280ad016e02ff4afd5af85ab0,10.533
317,100,5badd6bba86c5a5ad6b0bd6cfa53fc91e908e012802d802e42ff42fd5af852b0,10.567
318,100,53add6b3286e5a5297bcad6cfad3fc99e908e012802dc02e40ff42fd52f852b8,10.600
319,100,53a374a3286e569295acef6efad3fc19e808e012802dc07e40ff52fd56f856a8,10.633
320,100,57b324a71a0e1692b5ac6b4ffed3fd09e812c013a02dc05e40ff50fd56f8d6a8,10.667
321,100,97b3252f5a0e95a6a52c5b47fe93fd09e812c013a029805e40ff55fdd4f8d5a8,10.700
322,100,95b36d2f160685ac2d2c5ec7feb3fd48fa12c003c008c05e40ff95fd95f8d5a8,10.733
323,100,bd23586f9687252c2f48fef6fdb3fb48d0160007004a00de84ffb5e9b5f8a5a8,10.767
324,100,d971d2cfb4876d2d7b48f486fda3da5880160027005a02de85ffa5e9adf8ad68,10.800
325,100,db73d2cf34a7696d7a5af4a6ed23f25880160027005a02fe05ffade92df82968,10.833
326,100,9aa396dd2487cb6dd258fccee926f25804060027005e06fe0fff6beb4bf84b68,10.867
327,100,9a23969925a7db6ff6d86cfec926c01804360027a0de24be4ffe4beb4b784b48,10.900
328,100,922125b04da7936db6d869fedb4e00190036016f24de25be7ffe5bcb5b605b48,10.933
329,100,9a2125b86da79b6db6d869fed90600190026012f24de25be5ffe5beb5b685b48,10.967
330,100,9b30b49825a7cb2db6586caef927f25ca4060027805e04be05ff6bfb4bfa4b68,11.000
331,100,597592c294b7690d1a4e34a67defff4cf496f007d00a801e00ff21fb2dfa2968,11.033
332,100,1a745af794b7ad0c030e16b6056f1f6e1e96fe01f802f01e803f807fa5faa5e8,11.067
333,100,2b746a7352d7b5ade906c29381af01fe0bd61fb13f023e025817d42fd43e94b8,11.100
334,100,a177285342ef55affd067a13f02fe15e83d303f007e20f0a3e035e0d562e56bc,11.133
335,100,f53ba8534aaf54a73d5b7a1378a6f04ae153c3f2c3e287428f810e8d5a0e4abc,11.167
336,100,754bab472ae510ae1dcb2c843e867c7a715be0f8f1e2c3cbcb818b85aa0eaa3c,11.200
337,100,152bb547aa77caeec5c88f540e821c3a1c7a387478e271e3e1c1e3c5ab8eab1c,11.233
338,100,57ab5535ba57e2efe4e8c7d48fc28e2b1c3a1c3c18f238e131c171c5a1c6a91c,11.267
339,100,c0ab55871d17321772ab73d6e3c3c38bce2b8e1e8e321ceb786131c5d1c6454e,11.300
340,100,a8ab50ab45171b173aaf715771d3638b638bc71fce328e2b5c613c6154c645c6,11.333
341,100,b889b8a9459705171e2f10d7315673c3738be39fe71aae3b54611c6154e655c6,11.367
342,100,ab1cb2e8d1a885178e2f1e0d115431c7738b638fe31e663b76717c6174e65546,11.400
343,100,8f54aaa8d4e885148f3f1c2d315531f67382730fe71e463a6671746175e67546,11.433
344,100,bf74aa3855e8c5488b341c293d5539e47382734fe71ec73a467374616566e146,11.467
345,100,ab553a36d5c8c5488aa41c2a3c1d3aa571a6e35fe71ec73a4673e461e166ab46,11.500
346,100,a9533ab7d2b2e148cba41c2a1c1938b571a4e355e71d473ec772e661e366ab06,11.533
347,100,85532a3772b7a15bc3a1970a1c5938bd31a4e3d5c31d473ec73ae271e366aa06,11.567
348,100,855b2a0752b7e15bc3c1978a1c5a38bd31a4a3c5e31d473e973ae671e366aa06,11.600
349,100,85590bdd56b7e9dbcb8187829d5a183938a021c1e31d473e973ae671e367aa86,11.633
350,100,8d594b1d14a7e91bcbc1c7829d5b183938a821c1e39d473e973ae771e367aa06,11.667
351,100,a9591add7427e8dbc38187821c5b1839316863d1439d073ea77aa661ebe7ea86,11.700
352,100,0b591addb52feadbc3a58f821853383931686391479d863ea6728661cae7caae,11.733
353,100,0bd8979db52feab3c3a58f021a53383971686391473d063eae728761cae74a8e,11.767
354,100,5b5c3695e96dc0b697a50f023ad3303971687381473d2e3eae728f6146a74aae,11.800
355,100,1bc83690694dc0fe87b51f0f3e92713b71686381173d3e7c2c720e6316a756ae,11.833
356,100,12c834b06b0dc3fc85a41f0f3e167133e3dac78167297c7c38762e631ea716ae,11.867
357,100,92ce34b2f911c2dc05b41f0d7c166133e3dac782e721fc78e8762a633e2794ae,11.900
358,100,934a34b2681192dc07a41f2d74166137e3fac782ef21fc79e8f478633c27b42e,11.933
359,100,934b2482f823d2d903b41f2d741e6137c3f2c792ef21e479e0f478633c27bc2e,11.967
360,100,934b24da7923d29903f41f293c1c6137c3f2c792ef21e479e0f478633c23bc2e,12.000
361,100,135d25def922929903f01f293c1c7137c3f2c792cf21e479e0f46a637c23ac2e,12.033
362,100,12592f9af96290d907f01f687c1c7135c3f2c792cf23ec79c0f442e37c632c2e,12.067
363,100,12592f98f962b0d907f01f687c1c7135c3f2c790cf23cc79c0f452e3786b2c6e,12.100
364,100,12d92f98f962b0d907d03f687c1c7135c3f2c7908e23cc79c2f452e3786b686e,12.133
365,100,36d96f98f366209b1fb03e48781ce36d87d28f108e638879c2f4d2e3f84b686a,12.167
366,100,36d9ff90f34620933fb07e48e01cc36d87d28f109e6b087987f4d4e3f04b686a,12.200
367,100,36d97f98f342209317907ec8f818e37d87d28f108e638c79c6f0d2e3f84b686a,12.233
368,100,96596f98fb42b0d307903fc87c18f03dc3d08790ce03ce79c2f0d2e3f86b686e,12.267
369,100,924d2f99fb46b0d305923fc07f98f13cc3d287908e078e79c6f0d6e3f043686a,12.300
370,100,92472e99ff86b14701923fc27f98f01ce3db87928e068e7986f0d6e3f043686a,12.333
371,100,91662699ff86f14701921fc27f9af11ce3db87928e068e7986f0d6e2d0c3686a,12.367
372,100,9127069ddd86f047819317c23f9a791cf3df07928f068e5986f0d6f2d0c3786a,12.400
373,100,d926069d4d8ef947819717c63f8a791c73df07928f068e1b86f0d6f2d043686a,12.433
374,100,d966162d4d9cf947c19713c63f8a791c71ef07920f068e1b86f0d6f0d0c3786a,12.467
375,100,d926140d4d9ef947c19713c63f8a791c71ff07920f068e1b86f0d6f2d0c3786a,12.500
376,100,d92692054d8ef967e09783c61fca791c707f879207068e1b86f4c6f2dac3786a,12.533
377,100,d926d2056d9e9967f897c1e70fca3d84387fc3d287868709c274d2f25a43686a,12.567
378,100,6d26da25a59f0d27fc87e1f787ca1d84180f70dac386c709f23472725a632d2e,12.600
379,100,25b6db25e58d0d263c87f897c3e38d861d2750dec386e709f23472724a632d2e,12.633
380,100,24b65925f6cda5263c077c97c1e38f861d2798dec1c6c381f33472726a632d2e,12.667
381,100,24be6d25f28da5261c077c17e1e387c68d2798ded1c6c381f31c72726a632d2e,12.700
382,100,b0ae6d25f20da5a60d077c97e1e386c68d0798ded1c6e381f31c7a726a632d2a,12.733
383,100,907e2d357a0da5a60f273c977073c6c68d869c5ed1c6c381739c7a726a632d2a,12.767
384,100,907e2d315b0da5a607273e977033e6c68fa7cc5ed8d6c181719c78722b72a52a,12.800
385,100,d03e25b00a0db4b485271e977c33e6c6c7a7cc5ed8d6f1c1719c78722b72a52a,12.833
386,100,d01e05b00b0cb4b487271e973c33f6c6c7a7ce5ef8d6f1c1799c38322b72a52a,12.867
387,100,d01e25b01b0cb4a4872716973c33f6e6c7a7ce5ef8d671c1799c38322b72a52a,12.900
388,100,d02e05b1180cb4b6870716973c3bf6e6c7a7ce5ef8d671c1799c38322b72a52a,12.933
389,100,902e0db1180cb5b687073e973873e6e6c7a7ce5ef8c671c1799c38322b72a52a,12.967
390,100,90260d311a2cf5b687873e977073e6c6c7a7cc5ef8c671c1799c38322b72a52a,13.000
391,100,90360d31183ca5b607073eb7707be6c6c7a7cc5ef8c671c1799c38722b72a52a,13.033
392,100,943e0d393a0ca52407073c97707be6c6cfa7cc5ef8c6f1c1719c78722b72a52a,13.067
393,100,90d809381a5da13c052f3c17787be6c4cfa7dcdef8c6c1c1719c78706b72ad2a,13.100
394,100,92d80d385a99e1bc852d3c97787be4cc8fa5dcded8d6c181f19c78704a722d2a,13.133
395,100,b2d80ffa5a99e1b88b283e1d7839e4f88da59c5dd8d6c181f19c78f04a722d2a,13.167
396,100,f6d924fa1ad9f2d883781e19783962f98fa58c3dd8d6c1c1f19c70b04a722d2a,13.200
397,100,f6c1a4f25ad3f2d883781699783960f94f210c79dcdec1c1e19cf0f05af24d2a,13.233
398,100,f747a4c61ec3f6d1c3f80699383162f967a10c39dcdcc1c1e59cf0b05af04f2a,13.267
399,100,d365a4c70e63f2d1c2f806d93a3170f967a10e79dcfec1c1e198f0b452f24b2a,13.300
400,100,da45a4c70f6336d3c2e186c93a31727927a10e39dcfec1c1e59cf0b45af04f2a,13.333
401,100,5b25a4c78b6736d3c2e186c91a31727927a10e39ccffc1c3e59df0b45ad04b2a,13.367
402,100,5b25a4c7816736d3e2e386c91a31727967a10e394cffc1c3e59d70bc5ad04b2a,13.400
403,100,4b25a4c7816736d3f0e382c91a13727927a10e294cffe1c3f59d70fc5af04b2a,13.433
404,100,4b25a0c7816736d3f06382c91a13327b23a10e294cffe1cbf5dd78fc5af0692a,13.467
405,100,4b25a0c7c16736d3f06382c91a13327923a10629ccffe1cbf5dd78fc5af0692a,13.500
406,100,0b25a0c7c16736d3f06382c91a13327923a10639ccffe1cbf5dd78fc5af0692a,13.533
407,100,0305a0e7816736d3f06386c91a13327923a10e39ccffe1cbf5dd78fc5af0692a,13.567
408,100,0305a0e7816736d3f0e386c91a33305923210e39ccffe1cbf5dd78fc5af06b2a,13.600
409,100,0205a4e7876332d3f0e986c91a33305923218639ccffe1cbf5dd78fc5af06b2a,13.633
410,100,0245a0e7876336d3f0e986c91a33305923218639ccffe1cbf5dc78fc5af06b2a,13.667
411,100,1245a167866336d3f2e986c91a337059272106394cffe1cbf59c78fc5af06b2a,13.700
412,100,1245a167964332d3f2e986c91a33707927210e394cffe1cbf59c78fc5af04b2a,13.733
413,100,b245a467964372d3e2e986891a33707927210e394cffe1cbf59c70fc5af04b2a,13.767
414,100,b245a467964372d3e26986881a3370f967210e39ccffe1cbf19c70fc5af04b2a,13.800
415,100,b245a467964372d3e2e986881a3370f967210e394cffe1cbf19c70fc5af04b2a,13.833
416,100,9245a067964372d3f2e986c91a33707927210e394cffe1cbf59c70fc5af04b2a,13.867
417,100,1205a1e7876332d3f2e986c91a33705927210e394cffe1cbf59c78fc5af04b2a,13.900
418,100,0305e167836736d3f06386c91a33305923210639ccffe1cbf5dd78fc5af06b2a,13.933
419,100,1b05e007886736c7f26386c91a13327b23a10629ccffe1cbf5dd78fc5af04b2a,13.967
420,100,5b05a0068d6736c7f26386c81b07307b23a106298cffe1ebf5dd78fc5af04b2a,14.000
421,100,5b05a406856716c7f26386ca9b07305b63210629cc7fe1cbf5dd78fc5af14b2a,14.033
422,100,5b05a006c16716c7f06386ca9b07305b63210629cc7fe1ebf5dd78fc5af16b2a,14.067
423,100,5b05a006c16716c7f06386ca9b07325b23210629cc7fe1ebf5dd78fc5af16b2a,14.100
424,100,5b05a006856716c7f26386ca9b07325b23210629cc7fe1ebf5dd78fc5af06b2a,14.133
425,100,5b05a006856736c7f06386cb9b07305b23210629cc7fe1ebf5dd78fc5af06b2a,14.167
426,100,1b05e006856736c7f363c2ca9b03325b23218629cc7fe0ebf5dd78fc5ad06b2a,14.200
427,100,1b05e006854736c7f363c2ca9b13325b23218629cc7fe0ebf5dd78fc5ad06b2a,14.233
428,100,1b05e006856716c7f363c2ca9b03325b33218629cc7fe0ebf5dd78fc5ad06b2a,14.267
429,100,1b05f006816716c7f863d2ce9b07325b33218629cc7fe0ebf5dd78dc5ad0692a,14.300
430,100,5b05b006c12716c7f863d2ce9b073a5b332186298c7fe0ebf5dd78dc5ad0692a,14.333
431,100,5b05b006c12716c7f863f2ca9b073a5b332186298e7fe0ebf5cd78dc5a51692a,14.367
432,100,4b05b004c12716c7f863f2c69b073a5b332187298e7fe0ebf5cd78dc7a51692a,14.400
433,100,4b05b004c12716c77863f2c6db073a5b332187298e7fe0ebf5cd78dc7a51692a,14.433
434,100,4b04b004c12716477863f2cadf073a5b336187298e5fe0ebf5cd78dc7a59692a,14.467
435,100,4b04b004c12716477863f2cedf073a5bb36183298e5fe0ebf5cd78dc7a59292a,14.500
436,100,4b04b404c12616477863f3cedf073a5bb36183298e1fe0ebf5cd78dc7a59292a,14.533
437,100,4b04b404c52616477862f3cedf171a5bb36183298e1fe0ebf4cd3cdc7a59a92a,14.567
438,100,4f04b484c52616477862f3cecf171a5bb1618329861fe0ebf4cd3cdc7a59ad2a,14.600
439,100,4f043484e52616467862f3cecf171a5bb16183298e1fe0ebf4cd3cdc7a59ad2a,14.633
440,100,4f003d84e52606c27966f3eecf871a5bb94183298e1fe0eb74cd1cdc7a59a92a,14.667
441,100,4f893f8ce52606821826faeacfc75a5bb94183298e1fe06b34cd1cdc7a59ad2a,14.700
442,100,4fbd3f8ce526068208267a66cfc7db7bb9419329861f606334cd1cdc3a59ad2a,14.733
443,100,4fb9ffcce52607820c267a62cf875b7b99419329861f606354cd1cdc3a59ad2a,14.767
444,100,6fb9ffcce5a607820d266362cf875b7b99618329861d606354cd1c5c3a59ad2a,14.800
445,100,6fb9ffcce5a607860d266362cf865b7b99419329861d606354cd1c5c3a59ad2a,14.833
446,100,6fb9dfcce5a607860d2663e2cf865b7b9941d329861d606314cd1cdc1a59ad2a,14.867
447,100,6fb9ffcce5a607860c2663e6cf865b5b9940d329861d686334cd1cdc1a59a92a,14.900
448,100,6fb9ffcce5a607860c2662e6cf865b5b9941d329861d686314cd1cdc1a59ad2a,14.933
449,100,6fb9bfcce5a687820d227262c7865f7b9961f329861d606314cd1c5c3a59ad2a,14.967
450,100,6fbdbfcce5a683820d227262c7a65f7b9961f329861d606314cd1c5c2a59ad2a,15.000
451,100,ef9dffcce5a683820d226262c7a65f7b9961f329861d606314cd1c5c2a59ad2a,15.033
452,100,efbdffcce5a683860d266062c7864f5b99e0f329861d626314cd1c5c2a59ad2a,15.067
453,100,efbdcfcce5a6c3860d26606265c64f5b99e0fb29c70d226314cd1e5c0a59ad2a,15.100
454,100,efbdefcce5a6c3860c26206265c64f5b99e2fb29c70d226314cd1e5c0a59ad2a,15.133
455,100,efbdefcce5a6c3860c26206265e64f5b99f0fb29c70d206314cd1e5c0a59ad2a,15.167
456,100,ef9defcce5a6c3860c26206265e64f5b99f0fb29c70d226314cd1e5c0a59ad2a,15.200
457,100,ef9defcce5a6c3860c26206265e64f5b99e0fb29c70f226314cd1e5c0a59ad2a,15.233
458,100,6f9dbfcce5a6c3820922606247e6cf7b99e1f329c61f606114cd1e5c2a59ad2a,15.267
459,100,cf99bf8ce5a6878209226266cfa6df7b99e1f329861d606114cd1c5c3a59ad2a,15.300
460,100,cf99bd8ce5268682092272e6cfa7df5b99e1d329861f606314cd1c5c3a59ad2a,15.333
461,100,cf8dbdace5260686082272e6cfe79a5b99e1d329861f606b34cd1c5c5a59ad2a,15.367
462,100,cf893dace5260686086272e6cfe79a5bb9e1d3290e1f606b34cd1c5c5a59ad2a,15.400
463,100,cf993daced260686096263c6cfe79a5b39e193294e1f606b34cd1c5c5a59a92a,15.433
464,100,cf993d8ced260786092263c6cfe79b5b39e1d309c61f606b34cd1c5c5a592b2a,15.467
465,100,cf99bf8ced268786092662e6cfa75b5b19c1d309c61f606334cd1c5c5a59a92a,15.500
466,100,cfddbf8ce5a68786092660e6cfa65b5b99c0d309c61f686314cd1c5c5a59a92a,15.533
467,100,cfddbfcce5a68786092660e6cfa65b5b99c0d309c61f606314cd1c5c5a59a92a,15.567
468,100,cfddbfcce5a68786082660e6cfa65b5b99c0d309c61f626314cd1c5c5a59a92a,15.600
469,100,cfddbfcce5a68786092660c6cfa6db5b99c0d309c61f686314cd1c5c5a59292a,15.633
470,100,cfd9bfcce5a68786092660c6cf86db5b99c2d3094e1f426394cd1cdc5a59292a,15.667
471,100,cbd9bfcced268586092660c6cf86df5bb9c293090e1f4063b4cd1cdc5a596b2a,15.700
472,100,cbf91fcced248586092660c6cfc6df5b99c293290e1f4063b4cd1cdd5a596b2a,15.733
473,100,cff91f9ced2c8586092660e6cf86db5b19c29329861fc063b0cd1cdd5a596b2a,15.767
474,100,4fbb1fdded2c85860d2661e6c7c6db4b19c29321860fc063b4cd1cdc5a596b2a,15.800
475,100,4f3b1fd9ed2c87860d0660e6c7c6db4619c29321860fca63f1cd1cdd5a596b2a,15.833
476,100,cf7b5fd9ed2c87860d8660e6c7c6db4618c29321860f4263f1cd1cdd5a59692a,15.867
477,100,cffbdfd9ed2c858605866066c7c6db461ac29321860f4263f1cd1cdd5a59692a,15.900
478,100,cffb9fd9ed3c85860d866064c7c6db4618c29321861f4a63f0cd1cdd5a59692a,15.933
479,100,4ffbdfd96d3cc58605866c64c7c6cb561ac29321860f4263f0cd1cdd5a59692a,15.967
480,100,e7fb9ed92d3c850707866964c7c6cf061ac21321060f4267f1cd3cdd5a596b6a,16.000
481,100,e6fa1e992d3c850705877964c7c6df0638c23301160fc667e1cdb8dd5ad94b6a,16.033
482,100,67fa1e19383c0b270d877964cf869f0638823303160f9e67e1cff89dd2f14a6a,16.067
483,100,e6fa1e13383909270d977964cdc69f06b0823302160f9e67c3cff89cf0f15a7a,16.100
484,100,e4961633781909271d97f96ccd849f06b0823303362b9c67c3cff0bcf0f1da7a,16.133
485,100,2486163368394b773d97f96ccd849f0630866302363b9c6783cfe1bcb4f192fa,16.167
486,100,649e3e237171cb777d17d96c8d849a0630866203367b1ce783c9e1bcb4f182fa,16.200
487,100,649e3c23f051da777d1dd16c998c1a26608ae643347b3ce703c9e1bca5f18aea,16.233
488,100,649efc63f151da65791dd26c198c3826609ec642247f38e70fc941bca5f1aaea,16.267
489,100,4d9efc63e011d275f90dd26c1b0c382e609ec646247f38ef0f8941bca5f1aaea,16.300
490,100,4d9efcc3e0118275781dd26d1b0c382e60bec6466c7f38ee1f8945bd25f1a2aa,16.333
491,100,4d1e5cc2e09182777827d06d930c382e60fec6c66c7f78ee1f89459d2db1a6aa,16.367
492,100,4d3e0cc6f893c2777827f06d924c1926203ec7c6647e3cee1fc9459da1f1a2aa,16.400
493,100,0dbe0ccef993c2771c27f029d24c1926303ee3c6267e3c6e17c9559da1f1a2aa,16.433
494,100,0d7e04ce7dd2f376cd23f821f8259907303ee1c6267e2c6e06c9559da1f182ea,16.467
495,100,0d7e84de0ed2f0d6ef337821f865c907983e71c6263e0c7e82c1559da1f1a2ea,16.500
496,100,3d7e8ede03d261dee7337821f861c907981ef1c6223e0e7e02c155cda1f192ea,16.533
497,100,3f7a1e1c02d361dec7b77c43f861c907981ef0c6223e0e7e02c355cda1f1a2ea,16.567
498,100,17723e1c12d36ddec7bfdce3f861c901981ab0c6223e0e3e16c315cda9f182ea,16.600
499,100,017a3e389a813f9ec7ffccd3f069c9219a1bb0c2623e0e7e16c383cd2bb144ea,16.633
500,100,417a7c7cb2013f924f9ecdc370fde1219a1b9082f2560e7e16c38b8d6ba145fa,16.667
501,100,c31a407cb27838117f1ccf873efde06d9a199000f0424c7eb6ebabcd4ba155fa,16.700
502,100,bb834d4ee06c30503b1ccf811ecde8edcb399808f082c41eb66fabcd4ba955fa,16.733
503,100,3b934d82cdaee020383c4f000f8d6dedef3d9c18f080f11eb66fa24d8ba955fa,16.767
504,100,36990dd3c5e6f4e3381639388f800ce46b2dcf19f880f916b60eba4d8ba955fa,16.800
505,100,b20d99d3c5e374e3f2063d3ec5d204e4232de78df8f8790616069a0dabad54ba,16.833
506,100,ba0d0919c1fbf4f372439d1a7dd2c6e40127238d5ef87d8617069b05aba552ba,16.867
507,100,bb0c9b1d418c60f17a639f1a1c92e6f6a1e7218d4ef83d8e5706db05a9a552ba,16.900
508,100,3b049b0d490cc0f93a639f3a1e9af6f2e1e3a1854ef81dde1706d705a9a552ba,16.933
509,100,32269b0dc90cc0f93a63df1e1e9a5670e8f3b1c542f91dd617069705aaad56ba,16.967
510,100,36a79b47c98cc0d93267df1f1e9a0630e8e3f1c542390dd657869705aaad54ba,17.000
511,100,36271bcec98ce0f93067df1b1e9a0632e8e3f0e940790dd65f869b058aad54ba,17.033
512,100,37333b8ec90ce0e93067df5f1e9a4430eae3f2a944790dd65706ab458aa9553a,17.067
513,100,35331b8ec10cc2e934679e5f3d504430aae3e2a945781dd75746aa05daabf57a,17.100
514,100,3f33138e891862e93547de1f3d50cc31aae362a9817859d57754aa8552abf572,17.133
515,100,7ea3130e8b8840e97455be9e3d50c033bbe3e2a989785d55bf542a8952abe572,17.167
516,100,7ea3170e8b8840ed7245be9e3d50c4337be2e2a981785d55af542a89572be572,17.200
517,100,7ea33f5e8b8841e8e245ba9e2d54d4317aa2e2a901785555af543a8b556be572,17.233
518,100,7ca33b5e9388c1c8e207be9e2d54d4307ae2e2ab0178d555af543a8b156bad72,17.267
519,100,7ca32b1693a8c1c8e227bece2d54d47479e2e2ab01789555af545a8b156be972,17.300
520,100,cc232a1693a8c5c986efbace295484557fa2e2ab41f89555ab545e8b156be972,17.333
521,100,cc332a569baac1c900afbace691484557df2e6ab40e89555ab545e8bb54be972,17.367
522,100,7c332a579bbac1c8c2afb2ce2f5494541c72e2ab40ea9555ab545e89954be972,17.400
523,100,74332f578b98c1e9e227daee2d5454141d73f2abe0285555af542a81556be572,17.433
524,100,76338757cb9971e8f265daee0d5455149d73b2abe8285455a556aa81522b3572,17.467
525,100,22338757eb9968e87a654a6f855c7714c5333aa9b8284c751556abc55aab353a,17.500
526,100,22318717c7d968e8f8a57a6f055c7714c7331ab9b8286c355556abc55aab153a,17.533
527,100,26b19712c5db68e978a52a67855c5714cf321ab9bc286e375556a3c5daa9153a,17.567
528,100,3eb09732c5db28e978a16a67854e5754e7328ab93c286e375556a3c5caa9153a,17.600
529,100,3e98d312c5db28e978e12a67c46e1754f5128abb3e282e3755dec145eaa914ba,17.633
530,100,3e98c312f5dba0f938e12b67c46eafcc75128a991e282e5754eed141aaa516ba,17.667
531,100,9ed8c31261dbb0f938e12b67c466a3cc579aca991e282e57f0ee5161a9a51aba,17.700
532,100,9ed8c31273cbb0f91ce12f675466a1cc739aead91e283657a2ee516129259a9a,17.733
533,100,9ed8c31273cbb05d1cf1ad67762681c4739ae8591e283757a2ee51e169259a9a,17.767
534,100,9ed8e31273cbb07d1cf1ad27722691c4739ae8d90e281757a2ee51e16d258a9a,17.800
535,100,9ed8631271cbb07d1cf1a527f22685447b9be8d90e281757b2ae71e16d258a9a,17.833
536,100,9fd8631260cb947d1cf12527f22ec1446b9b68d90ea81757f2ee71e16d258a9a,17.867
537,100,dfd8631272cb947d0cf10527f22ec1c42b9b68590e281757faee69e16d258a9a,17.900
538,100,dfd8619232cd94758c718527f22ec1cc6b9b68590e281757faea69e16d258a9a,17.933
539,100,ddd9619a30cd90758f71a727f22ec1cc6b9b68590e281757e2e661e16d258a9a,17.967
540,100,d5d9639a30cd98750d33a723f20ec5cc6b9b78590e281757e2e669e16d258a9a,18.000
541,100,ddd9619b30cd98750d33a722f30ec5cc2b9b5c590e281757f0f669e16d258a1a,18.033
542,100,c7d9619b30cd98750d33a732f30e45ccab9b5cd90e089717f0f6e9e12525aa1a,18.067
543,100,c7d9e192304db8750d332732b20e45ccab9b5cd90e089737f2f6e1e16d25ae1a,18.100
544,100,4ed8e993734db8f50c331532e30e45ccab9b58d90e489737f0d6e1e16d252e1a,18.133
545,100,4ed8fb92e34db0f52c633d22e30ec5cc8b9b78990e489e37f2d6c1e16925261a,18.167
546,100,1ed8ef92a34db0f53ce17d628716064cbb9bf2990c489e37f2d6c1e14925261e,18.200
547,100,1ed8cf92860db0fd78e16d6295160e4cc39bf29b3c481c37e6d6c1e149257e1e,18.233
548,100,12fc4f92870db0dd69a14f629556864c0f9bf29b78483c37a6d641e14965fe4e,18.267
549,100,1afc6d9aa60da0ed69a1cd629d54264c0f9af29bf0683836bf5641e14965bc6e,18.300
550,100,30dc6d9a870d40ed69e2bb6698543e5c079bf79bf06838343f1643c14965b8ee,18.333
551,100,40d86d9a8e0d44fd69e29346be5c7c1c459be79bf06838363f864b414b45b8ee,18.367
552,100,41f87d8b9e0d05f9c3e23246ba1d7c1e4dbb879b406870b4bea68b41db4570ae,18.400
553,100,45f0f91bb20f15c5834636c6709df13e9dba0f1b07c8c0e4fc6e9a419f4561ae,18.433
554,100,cbb0d03b60efffc71646668c41bd817af9323e1b0fc985e4602e3201b645cfae,18.467
555,100,9b12007be0fbfb053c86cd8c01fd2a727332fabbafc915e582ae740564dd8b28,18.500
556,100,321204fbc8fbfa05288e89ac8ff902f2f372eabb5d493d4582ae44556c9dba38,18.533
557,100,321224fbcdfbb205688ed98cbff976f2a272c0bbfd013b4402ee4455c89dba28,18.567
558,100,321224fb0ffba205688e9928bfe97ef2a27282badd013bc40eee4555c89dfa38,18.600
559,100,321024fb4ffbb205688ed9a89fe96ef2a27282badd013bc50aea4555cc9dba38,18.633
560,100,3a1024fa0ffbf205688ef9a89fa90ef2a372aaba5d093945aaea4455cc9dba38,18.667
561,100,bb10047a0afbfb056c8ee9a89ba926feb372aabadd093d4522ea4455449dba38,18.700
562,100,bb10047a02fbfb05688ee9a88bad0afaf732aaba7d893d4582ea4455649dbb38,18.733
563,100,ff10103a00fbdf053c066da90bad22fef332ea3a7f891dc522ee64056495bb3c,18.767
564,100,df10921ae0fbdbc53e466cad81ad027efbb2fa1b2d891de4a06ef4017605193c,18.800
565,100,0f90da1af05b69c51e4634e5e0bdc15ed9ba7f1b0dc98de4f06ef20136050dbc,18.833
566,100,05d8db1af01b69c79f6296e5ecb5f11e09ba3f9b84c9c4e4f82e3a0136450dac,18.867
567,100,05d84f9af80b29e58f6296e5fc95f91e08ba3fdb84c9c464fb2e1a019b45a58c,18.900
568,100,25d84f1ab82b29e18f6296e5fcb5f90a089a3fdba6c9c064fb2e1b019b45a58e,18.933
569,100,25da5f0eb83b09f18f6696ecfd3df91a089a3fdb84c1c064fb2e1a019b45848e,18.967
570,100,47dadf0bf83b09f187e296adfd1ce91a009a3fcb84c9c076fb275a019b45848c,19.000
571,100,c3d85f0bb82b4be183e2b6bd7d1cf91a00da3fc9a4c1e0365f275b019b45a48e,19.033
572,100,e1c85f0f382965f1c3e296bd3d9c6d1a209a97c9b641e4265f375b119b45a48e,19.067
573,100,e1cc4f0f1e29c5f1c3a2961d3d9c7d0aa05a8fc9d645e4324fb71b11cb45a68e,19.100
574,100,e04c0f2b1e1b25f1c1e2921c3ddc6d0af05a83eff641f4320fb70b11cb65f68e,19.133
575,100,f06c232b0f1ba5f1e1a2d21c15dc2d0af85a81efd265fc100fb70b91c965f6ce,19.167
576,100,f06e212b0f1b85f169b0da1c97dc2d8afa5ac0ef5b65361007b709916965d6ce,19.200
577,100,786ea12f8f1b54f160b2da1c84dc3faa1a0ad0ef5b655600869fa9d169a5d6ce,19.233
578,100,7966a1af879974f068b04b0c94fc9fcb1e0af0ef5f644600a29fa5d065b5d24e,19.267
579,100,3c22a38bc7997cf028b44b4cd2ff8d430f0a78ef4d60d690a29ba5f03db5534e,19.300
580,100,3c22f3afc7993cf02a944b4cd2ff8d430f0a7cfd4560d69aa093a5f03cb5430e,19.333
581,100,bc22f3df45907cf02b344b0cd6ff0d023f0a7c7d4560f79aa093a5f03cb5430e,19.367
582,100,bca3e3df44d07cf06a14c70cdeff09027f0b5c7d4560d79aa093a5f03cb5420e,19.400
583,100,bca3e3d944907ef04304d74cbeff09027f6e5c7d4548c69aa0932df03cb5d20e,19.433
584,100,aae3e7d94c90fab0420c96ccbcfb0902fe2ef86dcf48c69aa0936db02db5960e,19.467
585,100,e2a3c79d5db0fab0820c965cb9fb4b02fa6f986d9f4086ba209369b46d35960e,19.500
586,100,60a3cf9d9db0f0b0860db61c73f34b02f26eb8ed9f481eba01b34bb46925961e,19.533
587,100,48ab0f993db0e1a0960d3cdc73f6da02f26ef1edba403cba0db3cb21e925341e,19.567
588,100,c0aa0eb93931c1a0bead2c1c63f6de06e4aee1ed3a493c3a0db7db61d925341e,19.600
589,100,808a9eb9393183a03ead689941f69e06a4ae63ed72517c3a1fb79b61d16564be,19.633
590,100,8d8a9abb793103e03aa968b9c3f6be0604ae43e972517832bb379761936560fe,19.667
591,100,9d8ababb732107607aa9c8b8c7f63c060caec7c96091f932bb23b6619365c0fe,19.700
592,100,9daafabbd3610f6178a9c8b887e63c0609ae87c9c491f932bb2336411365c1fe,19.733
593,100,1d8ef2bbf2210f4078a9d1b887e63c060dae8fc9c491d172fb6736411765c1fc,19.767
594,100,158eb4bbe2210f437ea9d93987e63c060dae8fc98491d172fb633641076dc1fc,19.800
595,100,158ebebbf21107637ee9c8b987e63c1608ae8fe9c491d132fb2336410365c1fc,19.833
596,100,158ebabbf23507623ea9c8b9c1f63c0608ae87e9e491f932fb3336410365c1fc,19.867
597,100,1d8ebebff20507623ea9c8b9c3e63c0608ae87e9c691d932fb6336410365c1fc,19.900
598,100,1d8ebebbf21107627ae9d9b983f63c0608ae87e9a491d9327b6336410365c1fc,19.933
599,100,0d8e32bbf26107607ae9d13985f63c160dae87d9e491f9327b6736410365c1fc,19.967
600,100,9daab2b9e2410761faa9cbb887e63c060dee87d9e091d9727b6336410365c1fc,20.000
601,100,bdaab239e3400fe1d8b983b8a6e63c060dee8fd9e091d9327b633641036dc1fc,20.033
602,100,1faab231e34007e9fab9c1b88de63c0609ee87d9e411f9327b6736410365c9be,20.067
603,100,97abf231d16007e958b9c1b895f63c0609ee87d9e411f9323b6736618365c1be,20.100
604,100,93abba31716047e958b9c1b897e63c0608eec7d9e411f9323b6736618365c1be,20.133
605,100,93aaba39f14027e95ab9c9b897e63c0608ee87d9e41179323b6736618365c1be,20.167
606,100,97aaba39b34027e95ab9c9b896e63c0608ee87d9e41179323b6736618365c1be,20.200
607,100,8faaba31b36027e91aa9c9b89de63c0609ee87d9e411f9323b6736418365c1be,20.233
608,100,8fabfa31b36027e918b9c1b89cf63c0609ee87d9e410f9323b6736418365c1be,20.267
609,100,8fabfa31c36037e91899c1f81e763c060dee87d9e410f9333b6736410365c1be,20.300
610,100,8fabba31a76037e91819c1f81e763c060dee87d9f41079333b6736418365c1be,20.333
611,100,8baaba31a36027e90a89e9b89fb63c06c9ee83d9f41079333b6736618365c1be,20.367
612,100,88aeba3d234037e91aa9e9b8d7b63c064dee83d9e41079323b6737418365c1be,20.400
613,100,85aaba3f234037e91e29c9b9d7f63c060dae83d9e4907932336736618365c1be,20.433
614,100,8daebabf224037e91a09e9b9d3f63c060dae83d9e4907932336336619365c1be,20.467
615,100,8d8ebabf320037e90a09c9a9f2f63c064dae83f9e69079323b7336419365c1be,20.500
616,100,458e3abf200227e11a89d9b9f3f63c060c6e83ffe490f93a3bf336410365c1be,20.533
617,100,858ebabf221467e31e09c9b9d3fa3c062c2e83ff8690f9323bf336410365c1bc,20.567
618,100,44461abf380667e21ec9c9a9f3f91e062c2e83ef8690f93a1bf336613365c1bc,20.600
619,100,45c68e9f3816e3e206c90809f3f91e063c2ec3ffc6987d3a1bf337618365c0bc,20.633
620,100,44c48ebf3a16e7c636cd0909f3f916063c26c1ee86d8fd121bb33761b365c0bc,20.667
621,100,c5408fbf1a16e5c636c70b89f3f936163d2683ee8698d9125bbb36413265c1bc,20.700
622,100,c9408bbf3a16e7c62ec74a89f3f936163c2603ee8698d91a5bfb36412265c1bc,20.733
623,100,c9408abeba16e3e62ec74a89f3f936167d2603ee8498d9325bbb36c12265c1bc,20.767
624,100,89409abfb836e3c62ec5ca89d3f936167c2e07ee8590d9325bbb36c126e181bc,20.800
625,100,890098beba36e6c63c8dca89c3f97456382e0ffe0590d932fbbb764126e981bc,20.833
626,100,888e30bef03646c67c89933997717c56186e17ff05108932fbf3764126e983fc,20.867
627,100,1b8e70beea264f867c89c339a7717c16194e175f0d10aa32d5577cc12ae903fc,20.900
628,100,1b3e70bec0a60e87fc191349a7f1e056514e3f5faa9083a2d557ecc12aa913fc,20.933
629,100,3b2ee0ae8aa28e85dd1917512ed5c006735ebf132ab05772d557e881aaa917fc,20.967
630,100,f8aec1ae1e82aa81b5110751eac6e056f75ebf1159b05756ac57a8894aa9577c,21.000
631,100,c13e40669e83ab8115512751e8b6f15e775e3f3154301756a8d5aa895eab577c,21.033
632,100,e13e40628f83fb9135594751e8e6d156375e2fb150b05556acd5aa894ea9177c,21.067
633,100,e02ec4628f83f99135592779e8a6d156375e2fb140b05577acd5aa894aab157c,21.100
634,100,e0ae44e38f83fb91155927f9e8261156375e2fb141b05557acd5aa894aab157c,21.133
635,100,f8aed0a38fc1ff91155967f8e8261156175e0bb141905557ad55aaa94aab157c,21.167
636,100,f8be44a24fc1fd91115937faa8265156175e8fb140985557ad55aaa96aa9517c,21.200
637,100,7cae44a38bc1dd91515936fea8265156055e8db1c1985557fd55aaa92aa9d17c,21.233
638,100,782ec6a36bc1ec995179977fac065156855e8d91e09855577555aae12aa9d13c,21.267
639,100,3c2ef6a363c1ec91d179377f2c06d956c15ea899e898515755552ee12aa9d03c,21.300
640,100,3c26fab322c16c81d179937f2c06dd76c15ea891fa98517355552ee1aaa9d83c,21.333
641,100,1e26f2f322d12c89d979136f2c06dd76d15ea499faa85133555526e1aaa9d81e,21.367
642,100,1eb7f3f320d16c99d978022eaf065d6e514ee499bab8102b5555a661aaad5c1e,21.400
643,100,1e97b2f320d16d995928922eaf965cae500ef7d5bef8080a5555b775a22d0c1e,21.433
644,100,1e17baf3b05137c94829112fbfb62cae700a75ddbff80802555cb775a22d0c1e,21.467
645,100,0f97b873b05136d9492dc12f87960eae782a76dd0ff88802d57ef77580250e1e,21.500
646,100,878799f7f051b6d1282dc80dd7d406aebc2a56fd0fdc8802f7fe93f580050e0e,21.533
647,100,e78609b7f87396d12c2dc82d57f106a6bc2a12dd05dcec02fffe93759005460e,21.567
648,100,e3c60197f87392512d3d682df1f10396bc0a12cd07fcec02ffbe937d9001e70e,21.600
649,100,e786019778739251a47de80dd9f106f63c021ae702fcee02ffba137dd801e70e,21.633
650,100,e7c6209778739251847de80d59f122b63c021ae782fcef02ffbe117d5801e78e,21.667
651,100,e7c6209778739251847d680d59f103b63c021ae782fcef02ffbe197d5801e78e,21.700
652,100,e7c6019758739251a57d682dd9f107f63c021aaf02fcee02ffba137d9001e70e,21.733
653,100,e5c42197f8739651247de80df1f147f6ac02128f06dcee02ffba93fd9001c70e,21.767
654,100,e7860997f87396512c79e829d1d107f6bc2212e507dcec02ffba93fd9001c70e,21.800
655,100,c7860997d877b6d12cf9c809d3d507b6bc2a14dd07fcc802fdfa97f59005060e,21.833
656,100,c7860997d877b6d12cf9c80dd3d506b6b82a54dd07fcc802fdfad7f580010e0e,21.867
657,100,47864997d877b6d12cf9c80dd3d507b6b82a54d507fcc802fdfad7f580010e0e,21.900
658,100,47864d97d877b6d12c79c809d1d507b6b82a54d707fcc802fdfad7f59001460e,21.933
659,100,45864d9fd877b6512c794809d1d507b6282a56d707fcc802fffad7f59005c60e,21.967
660,100,45844f9fd877b6512c79480dd1d50fb6a82a74df07dc8802fdfad7f59021460e,22.000
661,100,45844f96f877b6d12c79480df3558fb6e82a54dd07dc8802fd7af775a0210e0e,22.033
662,100,45844f9ef077b6d12cd9482df3358fb6680a54dd1ffc8802dd5af775a0210e0e,22.067
663,100,458c4f9eb077b6d16cf95829b3310fb6680a54dd3ffc8802555af7f5a2210e0e,22.100
664,100,458ccfaeb077b6d17ed94829a3e18fb6500a74dd2ff80802555af7f5a2290e0e,22.133
665,100,450ccfaed0f7a6d16ed9d02da3218fb6500e74dd2ef80802555ef7f5a2290e1e,22.167
666,100,450ccfaed0f726d16ed9d069a3218fb6410e75ddaef808025556f7f5a2290e1e,22.200
667,100,450cdf2ef0f726d16ad9d069a321dfb6400ef4ddaef818025556b7f1a2290e1e,22.233
668,100,450cdf2eb2f7a6d16ad9d069a3215ff4500ee4d9aef818025556b7f1a2a90e1e,22.267
669,100,450cdf2eb2f7a6d16ad9d069a321dff6504ee499aef810025556b7f1a2a90c1e,22.300
670,100,450cdf2eb2f7a6d16ad9d069a3219ff6500ee499eff810025556b7f1a2a90c1e,22.333
671,100,450cdf2e92f7a6d37ed95069a3219ff4504ee489eff850025556a7f1a2a90c1e,22.367
672,100,450cdf2692f7a6d37ed95069a3219ff4510ea48deff850025556a7f1a2a91c1e,22.400
673,100,450cdf2ed3e7a6d36ed91069a321dfb4410ea48ffff850025556aee1a2a91c1e,22.433
