0,0,e271017837246aaccddea259648fb7d62f435c89d9e99b2497763e216c8d055c,0
1,1,c0f11178372c6aaccddea259648fbfd62f434c89c9e99b249772be216c8d055c,0.0319
2,2,c0f10b78372c6aacc5dea25b748fb7d22f434c89c9a9db249772b6216c8d855c,0.0638
3,3,c0f00b7837247aaccddea25b128fb7d22f434c894da9cb349776b621668dc55c,0.0957
4,4,c0700b78372e7aaccddea15b128f97c22f434c896da9cb349772f621668dc55c,0.128
5,5,e03e0b1c372e7ea4c8dea35b1a8f97c22f4344896da9cb34df327221668dc55c,0.16
6,6,e03e0b1c1f2efea4c8cea15b1acf97c2a743248965b94b34db327aa3628dc55c,0.191
7,7,e03e0b9c1f0ebea4488eb55a5acf97c3a74324a965b949b459323aa3728de55c,0.223
8,8,653e0b9e1f0ebe864886355a4acb93c38743a4a964b969b41d323ba3728df55e,0.255
9,9,643c8f9e5f0eb6866886255a4a4bdbe38343b4e924b969b41d321ba33a85f55e,0.287
10,10,74398d9e5f0eb626ea8635426a495be3c343b2e9b4b928b40db21ba33a85d55e,0.319
11,11,70b9a59e4b8ff726ea963446286b4be3c363d269b4b924b40db20f930aa5d556,0.351
12,12,3239059e0b8f5726fe96b606a46a4beb4963d269f4b9a4b48db20f930aa5d556,0.383
13,13,b03906b88b9b572efe969296a44a69e96963da69f239e4b48d928f930aa55556,0.415
14,14,a93956b9899e538f5ec6da96b44220e96d637b697239e6dc859285930aa53556,0.447
15,15,a93dd6a9899e538b5f46da96944625e96da379617229e2dcc59285930aa57556,0.479
16,16,a93cd7a9859e6b8f5d46da96945225e86da339617239e2dcc792859302a57556,0.511
17,17,a93ac3b9958e2b8f7dee5a96945226e83da33963723962dcc792871302a17556,0.543
18,18,e15ac339958c2b9f6dee4a969256b6d09da33963703972fcc79a87520281b556,0.574
19,19,c07acb7895882b9d6dcbca9692d6a6d29da33963f07972f9c39887520a81b556,0.606
20,20,d032ca789588a79c6dcbc91e12b6aed69da3b923f079d2f98bb10f528a81b554,0.638
21,21,40b3ca789708b59c6d8f490f52b6bed69ce3f123e079d1e98ab91f520a89b554,0.67
22,22,64a74a70db49b51c658f490f52b7ded6bcc2f123e879d1e90ab91d520a89f154,0.702
23,23,64a74e70da58b71c658f490f5bb5ded6fcc2f1236271d1e91ab91d520a83c154,0.734
24,24,64a74e70da50371c25af490f5ba5ded6fcd6f1276271c1e91ab91d52380bc154,0.766
25,25,2ccf46f1da70b71c25bc490f5b25d6d6f8d6f123627101e91eb9fd52380b8154,0.798
26,26,2ccb66b3da70971c34bc4d0f6b29d6d6f8d6d1a3217101e99eb9fd123c0b8154,0.83
27,27,accb26834a709b5834bc6d0f6929ced6f8ded1a7216103e99eb9fd12fc0b8154,0.862
28,28,bdcb24874a709b5836bc24af69296ad6fcded1a7216301e99ab9fc12fc0b8154,0.894
29,29,dd8bb4876a71c968169c36ad6d2f6a36ce5ed0a701e301e9cbb9fc12f80b8154,0.926
30,30,df83b48f2ad34d68169c36bc6d2f6b36ce5ed08701a301e9cbb9fc12f80b8154,0.957
31,31,d987b4cf22d34d681e9c36bc6d2debb6ee5ed08701a301e9cba9fd12f8030154,0.989
32,32,5d87d6dfb2432d685e5c32bc242de996ea5edcc701a301e9cba9fd12f80b0154,1.02
33,33,6d9752db924b25684e4d1ab074aded92e75eccc741b301e14be9ff1af80b0154,1.05
34,34,2d965ad3da4bb5602e7c1b5076bde492e54eeec748b301e12be1ff1a780b0154,1.09
35,35,ac963ad3da4b95e1267c0b5012bdf49bf54ee64748d381a12de17f1a7a0b8554,1.12
36,36,849e2ec36b4bd5a116748f521bbd769fb54ae64e28d381a125e17f1a7a0b8554,1.15
37,37,40fe9ed2ab4bd80912e48d7a8bbd729ff5caf36ea0c3c0a104e57f1a3e0b8454,1.18
38,38,42fed6d6af4be80952a507728db8fa9df4caf12ea6c382b104e57d1a3e0b8454,1.21
39,39,02b456debd4b6d295aa51772cdb8fa1df0ced12ea64b82e106e53d1b7e0b8054,1.24
40,40,a8b652d6ff4aa5490ae517645d38ea1df0ded126a64b83e106e57d1bfc0b8451,1.28
41,41,a1bd62f65ad2b50b08ed1a645d30eb1df05fd12ea74e83e102e57c9bf80b9451,1.31
42,42,a52da1f45ad6f51a24c91ae57f326938e05bd1bed74e87c102e5f49bf80b8051,1.34
43,43,4409a5ad4af47f12a58b2ae57e667d306859d0bed34e07cb0be5749bf80bd051,1.37
44,44,4a4b95ad8be46b56151ba9cd7e667db0285940bedb2e374b1be56499f01bc041,1.4
45,45,6acf942983e46b56541ba9cd7a667cb0e95948fedb3e3f4b1ba14491e01bd041,1.44
46,46,6bc7142997246b56549bb9cdaa667cb3a15948fe5b3efe4bdfa10491801bd041,1.47
47,47,6b9330cd9724ab56761b918da96660b32d794bfe5b36f64bfea106f1003bc041,1.5
48,48,6b1f2acd162dab5674db9589216462b3e9794fc85b36f64ffa8506b1003bc151,1.53
49,49,e91bea9d166da90660da1499236c6ab2c979df48dab6b04ffa87deb100bb8151,1.56
50,50,4c3be89f76ed89662ed214993f4c6ef69971d949dab6004d8087dea125bb8151,1.6
51,51,543b8a9d76cd9f6629d256b9fd0c4e96d971934992b60459a0879ca52dbb9151,1.63
52,52,55a3291d06cdfd662b5656f9b92c4e8693f3b549b2b62458208f38a56dbb9151,1.66
53,53,95e069b1969cc066b97646d1992dcc869af331493eb664d82c8f79a76dbb8151,1.69
54,54,d1e76db0ba9c06c6b96e66d19129cc0c9ad3354926b666f82c8f49a76dbb8151,1.72
55,55,d3676da1aa989accd56e6ed113a99c0c8ad2354926b666f82589c9a76fbb8151,1.76
56,56,964fc5e52c3012cc8d6ee2931fe1b13c0e9635496e875cf86d89d9274fbb8151,1.79
57,57,704f97656930729ca94ec69b7ea1217c6896c54be887ddb0c9199327defb8150,1.82
58,58,40dabe4fc9f1769cab4e1c3add83e36c4a96954b088f9db0cb5932271eeb2054,1.85
59,59,45da304f5b61c6b0ab5e507abd83eb6c4fb6b54b1a8fb5a1035922277ceb2054,1.88
60,60,f49a224f5b25a4b02a5e55e8ab075a6d1db6a04b5aaf35612e596667e5ebc054,1.91
61,61,a49a524fbd256cb0525a85e92a0754eca9362a5b56afe561ea95ccee9dfb8014,1.95
62,62,6c9fb20d21675fb0a65a7ba9540f95e02bb6549bb52a0b411ab51dce3b7ba114,1.98
63,63,09bb768da961bfb04cde5329ac0f2d4452b4951ba97a5ac174a9b15ee3fbc014,2.01
64,64,bdaac4bd0b4776a79d72b549489d5a4cb6a42d5b5ad2b685e529635e4eb30404,2.04
65,65,696a94bc5a45c4a72b72655bd29da64c6da4db5296d66dad4b69c6569ca33044,2.07
66,66,eb4a35bca2450d27da52953b24bd4e4cdb24b4526da6db299249acf679abe144,2.11
67,67,8a4ecda062cdb1aeb6d26d634bb9bacd36ac4d52db2d324964991976d36b0154,2.14
68,68,324e9d28c6cd692e6e969343973968996cac9956366decd9c9b1b364b64b4d10,2.17
69,69,e64c3568ce8d8b26cc96364b6629c999d92c33566669999b9bb166e464cbdd11,2.2
70,70,86cc29291e9db366cc96664b6cb99bb9916c66d6cc6919b33321cec4cd9b9c11,2.23
71,71,1ecce92916bdb3661d96ec5bdcb933b9226cecd69cc9333366250cc4c19b3811,2.27
72,72,1ed8eb6954ada3665d96c85b9da93339666ccd9699e96333c62d19cc911b3011,2.3
73,73,1ed8eb694cad63667d96885b1ce963b9446c999619e96733ce2d19cc911b7051,2.33
74,74,16d88b6944ad63667996985b3c6967b9c46c999639ebe663ce2d39cc111b7051,2.36
75,75,16d8ab694cad63667996985b346966b9cc6c9996396be6638e6d31cc031bf051,2.39
76,76,96d92b694cede36679961853746946b9cc6c3196316bc6638c6d31cc271bf851,2.43
77,77,96cb2d6944cde3661996185b64e946bcd8ec31967b6bc6638cad31c4271bfc41,2.46
78,78,1e43ed68c4cff3261893184be6a9ce9c99cc3116736bce630cad31d4e713fc41,2.49
79,79,1a69c5acf28ff3321893406bc6adcb1c31cc3312e6eb8e6318ad73d4e713fc41,2.52
80,80,7378c5ac3a07353218d3c46bc6ad995c31863712e6eb8e6338ad73d4e713bc44,2.55
81,81,7378c48d3b4735b218d3c569c6bd995c31863712c6eb8e7b38ac31d4e7131c54,2.59
82,82,393cc6871b43b5b238dbe729c29cb95c11c63713e6eb8e1b38ac31d4e71b0c54,2.62
83,83,199cc6c79972f4b03c5b672d8a9c9d4c11c67713e6e9ce1b38bc31d4671b0c54,2.65
84,84,8d87c643b93236f83e4963ad9a9c9d6601c37753e6e9ce1b18fc11d6638b8454,2.68
85,85,c4e36a633538025b6709e1a59edc9d6601d3337be6e9cf1d98f411d6738b8454,2.71
86,86,16f33b721598024f65a9c0a58e5c95661153337be6adcf1d98f431d673abc454,2.74
87,87,12733b1a049dea4975adc8948e5e916313533379e6ad8f1d98f439d639abc454,2.78
88,88,331a850ed48d6b6175a5ce568f5ab0233b5b32b9e7ad8d0d987419c63babc454,2.81
89,89,290fe48d7ee1636444b5ce56957298b31bda32ade38dcc0dcc7499c61bb96514,2.84
90,90,6d4b76c9236071244697e75e9d33d8b399c83aad638dc44dcc749cc3cbb96114,2.87
91,91,a5a156f0b17619b46296655edc33dbf181cc3aad7385660d6670ccc3ebb93114,2.9
92,92,07b9fa7c19365c9562d2657eceb368f9cc4f1aa531c567056630ccc379b91114,2.94
93,93,723db81685877ed3215e75286eb178ecc60f9ab531c52714b71266e378b99914,2.97
94,94,0a46ed0724c3fa52916e7fa902f15e6dc32789b499c13314b55226ebfcb9cd94,3
95,95,cf46f48312e0fb4a912f3fa9c0732f656127ccb499c1931cb552366aec89c5d6,3.03
96,96,2562fcb18b78fd2ac1ad3ea9e23737a570874cd0ccc1999cd552937a268d6456,3.06
97,97,05f2feb8017c6d0ee4a53e99f3379da5309766d04c41c99c5d5ad33b264d3056,3.1
98,98,97d87edc817c3f8f40b59f991137cca59c173678244560cc6f5b592f324d9052,3.13
99,99,47d86a5cc1ac1787f2b5cb891833c6a59e07b37ca60524ccaf1b69af9b2d9053,3.16
100,100,42dc7e4cd1a7fe877a35c9c9681366a5ca06937c9605b4c4a71b2daf892f8453,3.19
101,101,e34c3c0ef0e73e870835e9c9bc1363e5490ed93cd7079444f79b84afc127c513,3.22
102,102,ab4c7c2750b38207883dfdc99e1133e54c0f493cd307de64f79b84af4127d513,3.26
103,103,836e3e2740b39b07e87d7fc99a1133e5640f49b45b835e64739bc4af61a55111,3.29
104,104,e3471e33d093df01ac7d37c9ca15b1e7640f6db47b814b6450dbc6a768a15911,3.32
105,105,c7c39e9378d34f51a47d17c9c81598e7b40facf03bc14b7c18cbd2272ca15d11,3.35
106,106,c7c3fe1348c94e57946d13c9ec149ce3b70eacf02bd3487c58cbd227ac81ed11,3.38
107,107,c3c31e5969c1661ed4e8ddc96f10dce3b78e84f0a1f3e07cc84bda07a481ed51,3.41
108,108,e3c10e49e1e1371cd4e0ffc86f30dce3178e84f1a1f3e47cea4b5a03b681a5d0,3.45
109,109,63e1ae4d31e0071cfae01fc82fb048e3138fe079b1d3f42c6e4b7b03f681b5f0,3.48
110,110,e331ae6d31f4671c7af087cc2f324863510ff039f09ab62c2f4b7b039681b5f0,3.51
111,111,730c8e6cb19e271e0a7c83dca7126847d80f72395c8f172c2feb2bc312c1d7f8,3.54
112,112,b384c26c9c9ea35e683c51cc97923467fd073a194ec6d3ac81eba1e34a7152fc,3.57
113,113,19c4622cdcc6f17cac3c78cc599216230d879f0def46e9a4f0ebf0eb6879087c,3.61
114,114,99a676074fc6593e96342ee04b93932347c7c38da76668e47a21fc2bac3d885c,3.64
115,115,9da633074de6511ed7b4be68e993d3a3e2c6518d35762cf43a215c29b51da01c,3.67
116,116,d9a7b04be4b6589c5274b7786993d0e3a0cd598d17f28efc0f214e29951ce51c,3.7
117,117,c9a7306fa6bce8dd4b3497693cc35823b04feca5d332c66c87a9e7095114754c,3.73
118,118,6d8fda0ba61caa176b305ee9ac936c27924e26f4fb12e2ade3a9f3894106154e,3.77
119,119,ad2df91e114c859aefb84a6996936d075a6632d839d672ad70b939c9a8479546,3.8
120,120,ad2d989cd06c449abfb86b63d68725a7d86694da1dd6988d98f988e5c447c466,3.83
121,121,450d08d8f261169ab528eb43d28785a6ed76ce5a8de68e09eef9c0e564477766,3.86
122,122,240ec878bb3b56b8b529bb43ca8784be6d7ec65ac4e64e09ee7c406536473326,3.89
123,123,845a4938bbbb7afc1d212d536a16969e256c7248e6a70709367cf87592439bb6,3.93
124,124,e15a4db8dbdb6af415a135536806d28e256c7368f2b58329bf3cf835814389b6,3.96
125,125,a5380db048ebacb415a3b543780652ae952c3b797295e3a9ff34ec31c953ccb6,3.99
126,126,b5388ef34a63b6b1d5a39d423b0ed3ac95ac19397291e1ad7fb46c1161536492,4.02
127,127,847aaaf39b63d391c9c31d46392edbbcd5bc0d3930d161ac6f942613645366d2,4.05
128,128,d0f2ebe35b27db9189cb1d06a92cebbcd4bc8d1938d131ec27d42613245336d2,4.09
129,129,c5f2ada74d0649858d6f1d26adace8fcd4b98d1138d135fca75a9611b41332d2,4.12
130,130,c7f28da70d8ceccc8d261e963cbc68dcd6b985119ad1b2fca35a9311b013b25b,4.15
131,131,e7e285a78d8cf4cc952e9a9634bc7958c6b987019a5393fcb35ad31190139a5b,4.18
132,132,c7e6cda4ad0cf0dc9f3e1a1e3438e958c2a1c7439a5393fcf35a530118339a5b,4.21
133,133,e7e6ccaca85cda599b1a1b1c3da9e978c2a1c743984353fcf35a43011833da6b,4.24
134,134,6fa44cac195c5a59db1b9b1c3ca9e978c3e1c143986359fef15a69011833cb6b,4.28
135,135,9fa4dc9c99585a79cb3b8b1834e9e170c3e1c943996359feb19a29011c334f6b,4.31
136,136,9e949c1999595b79c993abd434e9e550c343c943996b39beb19a28911c334f6b,4.34
137,137,8c919d59b95963b3a79322f474e1e552c3c3cd4b186e399eb59a20911c334f6b,4.37
138,138,8c83d549f36363a3a7d632e475e1e542cb039d4b186e379eb59e22111c334e6e,4.4
139,139,008d716973e367a7a74632e4746ccf42ca8b1c4b38fe379eb71e22111c334e6e,4.44
140,140,30ad756a62324736ad5678eccd69cb1b5aab185a38bcb79ca71820117c734e6e,4.47
141,141,5869eb724a368d1eb85c58e98d5b8a1b18a939fe32bcb79ca710603178734e6e,4.5
142,142,cb5bcb525f97b95c38ccd1a9891b1a9b31a931f667b4a794a611e02178634a6e,4.53
143,143,c77346123cac29dc74ad95a92e1372bb71abe3f6e6b487328e51c061c8635a4e,4.56
144,144,a77236b6b5ac20ccd4a927232e1676abe5b6e7f6c6b48c128c41d8e1d8435b4e,4.6
145,145,75b674aca1cc46c9d7ab6e136a16d6a9e576ced48e3c8c521841d8e1594a5b4e,4.63
146,146,7494b1adcbc946a19e236a53cab6c7e98f560ed41c3c3c5218c1d1c1dbca5bce,4.66
147,147,e09c2b8d1ec99ca3ba734a5686be8de80bd43cd43c78785372c193c1d3cad2ce,4.69
148,148,229d3e491cc3b823aa7352d615ac3d4c7ad470b4f17af053c3898383d3ced2de,4.72
149,149,52897c49b4d3a86342f292962d0c7b4472d4e1bce17bc2d38789970b975e96de,4.76
150,150,54c9f04ba0d74ae356d29596eb0deb44d194c1f8835386938609be0fb65e96de,4.79
151,151,f4c9a0c32af75ae397d2a71ceb0dc244c59405780b5306973e093e0fb61e36fe,4.82
152,152,a0cb22d74ae656f2b596ab1cca0d468405b40f6a1f533e153c09fc0f36de36fa,4.85
153,153,aacb4ac65ee69672ad144a1c5a0d15841d243f533ed37c157809f05fb4fe34f8,4.88
154,154,5bc35e66de66bc5a29144a1d120d15043d24fa53fe936035e01be05fe4fe65f8,4.91
155,155,5342dc66bc66a95a4a1c529d9508bd44ff44fa53f093e039c07b20db24fe67f8,4.95
156,156,d546b866a87b69585a3cd689b50aed44fb40fad3e0b740a9007b00da25fe6ff8,4.98
157,157,b066a876687b4978d27cd489a54ee944ea73f2d340b541a900fb04da25fe6ff8,5.01
158,158,a866687c4d385b78d62cb509a9466b6442f3029345bd01e905db25da6ff66ff8,5.04
159,159,092455b85518975cb48dad0b2b464a7552b3049345a905e924db2fde6ff66ff9,5.07
160,160,49bc55989718b244ac8d2b074a445af756b344b30d280f496cda6f966fb66fb9,5.11
161,161,cb999d18aa14a2842a854b075a8656a3749365b38d686f4b6cda6e966fb66eb9,5.14
162,162,8a99ad19aa0528854ba35b4252a794a3a4b36d22a9686f5b6cda6eb66fb66ea9,5.17
163,163,9499b409628548a75b23d24296a1b4a3a5bb6d682b486edb6cda6eb66fa66ea9,5.2
164,164,9483504740e75da3d0339452b4b3a593edbb29682a486ed26a926ab67fee6aab,5.23
165,165,654650674da79533b452a4d02db12d9b49396b5c6ad84e924ab44ab47fee6aab,5.27
166,166,61668aa7a933b073a4d22df869bb49194a7c5a5c52dc4c924ab459ac57ee4eab,5.3
167,167,ea64aab1a93324726cd46db949995b18d25c52dc569c54965db4552c57ee54ab,5.33
168,168,4ebc4ab921326e90499c49a9db99d21c96cc96dcb4b615b655ac956c376ee48b,5.36
169,169,46b953b844584a9cdb8cd3a9921cb69cb6cc248ca5b6ad369d2ca56caf6ea58b,5.39
170,170,77b9539245d8da8cdb8c92abb69eb4ec24cc259c2da7a926192c236c6f4ba90b,5.43
171,171,33b957d295cc9a8c93c9b6af36de24ec2cc46d86692759265b6c2b4c6e4b090b,5.46
172,172,17a3b5d6adccb28c354b26af64d66dcc4d8449274b275b665b6c4a4c4acb491b,5.49
173,173,f5432cc6298d242d654b6ca74df649cec9849b27d3669366f24ddaccd4cb9013,5.52
174,174,e1434996510d6c6d4c4bc8a7c9f6994e9b8493679266b646b6c99edcb5db9013,5.55
175,175,c546d994d30dcaedc84399ae9b46b34c32253667266e66ce64c9b49c2d9b2673,5.59
176,176,b546a31c9649daedb0c6356e3354664c66a5644e6cce4cdecd9969986b926473,5.62
177,177,a546a23ca44912ed31c6356e66d4665ce4adcccacccedd9e899969b9db324863,5.65
178,178,ed5e463da4c9328d63c6654ee684cc9cccedccce998e99961919d3319332d863,5.68
179,179,ca5c4ead29c9f18fc3d6cd4ecc849c9899ad99d6399e331673190331b636b047,5.71
180,180,929c9ca969dba78e93969d4e18a539983b8d339673be6330e6336631666620c7,5.74
181,181,2698f5a9535b670e9796195c38a5313873896316e73ec670c673ce61cce664c6,5.78
182,182,6cb96569975a4d1e2cb67058622de372e689c716ce7a8c701cf39ce199e68986,5.81
183,183,d9b14d49a612dd5e6866e4d8c2adc7728ebb9c361e7a1ce038f338e139c6218e,5.84
184,184,92e1dd4b6cb6b85eda6cc4d086a91e721c3b3c7638ea31c0f1e371c173ce430e,5.87
185,185,36e19b5bd9b6625e166c89900ea93c72383b707670dbe1c0e3c3c389c78e571e,5.9
186,186,c5e13213d1768ad4054c3bb478a978c6e06be1e6e1dbc7828787878b8f1ed43e,5.94
187,187,bdc3d613a3661abcad5c6ab5f509e8c6c5ea83e4079b0f060e071f0b3a1c947e,5.97
188,188,714384b30ee677bcabdc5625ab4b438605ca0fc41f323e163c0fbc1bf83cb07c,6
189,189,e25339b25ecca73c5b1c84650a4b17a6afd21e8c3d12fa14f00ff81bf07ce178,6.03
190,190,82137526bccc2b34d6bca9695a93bd2c6ad2fcacf852f035e00fe07ba0f881f8,6.06
191,191,8687eb466c9c5e34a4bc6bcbf6932b2c5a97f52cea56c0bd801e80f12bf807d0,6.1
192,192,af07ab5678ac9e3429fc5acba4b17a4cb6b7e96cc2f6802d805e02f10bf80fd0,6.13
193,193,8e47ea96dc2cbcb46bcc9283ed3d7a4db4b3eb5cc2b6202d005e02f10bf82fd0,6.16
194,194,8a43f8b4b42c2db44acdb2a3e93d72cfa5b3ca5cc2b7216d027e02f10bf82fd0,6.19
195,195,52d7e1b4b47c49f452cda4a3683df28769bbc2dc00b7096c02be02a11ff07ff4,6.22
196,196,70b6a92c3c764bf496c92d215a6df4874939d2de04a7016c02be57a11ff05ff4,6.26
197,197,6136b94e28765bdcb6836929524df4a3cb39d2be44a5007c02b652e157f85ff4,6.29
198,198,6936bf4ee976dad4b4a32d295a4df4a3e918d2b644a5004c40be50e157f857f4,6.32
199,199,2d0db70369765ad6b6932d295a4db4a37908f296e4a7c04d40bf50ad52f857f4,6.35
200,200,2d0d970b2d124a5696922d2c1a4f36937f487e96f4a5e00fd03f50ad50fc57fc,6.38
201,201,058d930b2d124a569692ad0c0a4f1e933f487e96fcadf90ff01f502d50fc57fc,6.41
202,202,058d930b2d125a5697922d2c0a431e933f487e92feadf90ff01f502d50fcd5fc,6.45
203,203,d509970b2c125a568792290c1a433e937f587e92fc29f80ff03fd02d94fc95fc,6.48
204,204,d109b4136c585a5ea5b0294c1a533c917f587e92fc29f80ef03fd02d94fc95fc,6.51
205,205,d1c9b5816c4c96d6a5b0094c12d30c915f587e92ff29f80ef01fd02d94fcb5fc,6.54
206,206,91c9a5034c4c96d2a5bc0b4c12d30d915f587e92ff29780ef01f942d94feb5fc,6.57
207,207,9183a5215c4e9592a52c434e12b30dd95f503e927f09780ef43fb429b4feb5fc,6.61
208,208,81836d21d64ea5b22d0c424e14b30f595fd07eb27f09781ef43fa029a4feb5f8,6.64
209,209,a1b369259646a5a6694c924604b30b591e967ea37f0af81ef43fa029a4feadf8,6.67
210,210,a1b3480d9686ad246b4c82c705b30b581e967fa37f4af81ef43fa029a4fe2df8,6.7
211,211,4ba1904fb587692c4b4c06a60db31b58be96fda3fe4af01ee03f206929fa6978,6.73
212,212,82a1b4cf25074b0d125a04a709e31658bfa6fd23fe5af01ee03f407b69fa6b78,6.77
213,213,90a3b4cf2c274b2d165a0ca60b6336d0fda6fd27f61af016c03f407b49fa4b78,6.8
214,214,1da3a4996d87da2f165a0c0e5b6636986d06f927b41ee016c03f407b4bfadb78,6.83
215,215,9d2024b969a7922f26984c9edb667e98ed04f827741e6036807ec05bd3fad3f8,6.86
216,216,b76025b84927926d24985cbe9b4efe99ed24f82f641e4036007e82db93fa93f8,6.89
217,217,977165b84927926d249858be9b46fe99ed24f827641e6036807e80db93fa93f8,6.93
218,218,9330249829a7d30d369a0c2e1b63369c6d067f27fe16e416c03f405bdbfadb78,6.96
219,219,9834b4ce2ca75b4d964e2526096f024c27a63fa7be42fc16f83f486b487e4b78,6.99
220,220,c21c94e7a4a7694dfb4ea4a6e10f824e87b607a31fc23e96bc07e80b687e6978,7.02
221,221,5a6452339487294f4bceb6b3f50fe046c2b681f303c20fc61f033f0fac1ead7c,7.05
222,222,6a275a13d407a56f09ee12933d257806f2f3d0f3e1e2c3c20783970fb70eb53c,7.09
223,223,2b134a13542fa56f099b1b831d273d5278f370faf162e3c2c383878f978ed42c,7.12
224,224,2b534a0754aff4ae89da4fa417863d52385b787e3062f1c3c3c1d38d578e568c,7.15
225,225,a1432aa55e27d4aeedcac2a4c7c28d5a8e5a1e3c1c7239e378e171e553ae538c,7.18
226,226,c14baba50a27768f744862c4c3e2c75a8f5a8e1e9c321c6b38e138e57bee4b8e,7.21
227,227,710ba1238a973287346b32f460f3730bc71ac71ece328c6b3cf138e13aeeea8e,7.24
228,228,540b1583e9938a87162b30d738f331c3714be31fc732c67b8e790c613aeeeac6,7.28
229,229,1f091469e985ea97870f9a8738f730c3314b738f6396473b2e790e613ee628c6,7.31
230,230,4b1c3448b568ea95c30f870fb8f438f73143718b6396473b26792e713ee62ac6,7.34
231,231,cab4565cb548eb14c385870faaa538e531c2334f6396c73a667b2e712ae62ae6,7.37
232,232,0ab456bcbd58e958d3a48f1a0aad18a531e223c76316e712e6732ef16ae66ae6,7.4
233,233,4ab316b6b5fa6958d1a4871a0e1d18a5316463c56396e716e7736ae16ae66aa6,7.44
234,234,6ad3162735b269d8d1e0875a8e191cad396473c16395e716a7326af17ae652a6,7.47
235,235,ead312a315277adbd1e185528e1a1e2d396473c1639de716a71262f172e652ae,7.5
236,236,6b53528595277ad3d1f1a5428e1a9e3d396c79c1639de316a712627172e252ae,7.53
237,237,e9d9d295a5275a93d1e1e1428e1a9e391d6878d1739de31ea712623172e352ae,7.56
238,238,ebd9d28da5275a9350f3e1c28a1a9e399d6878d1738de31ea312623172e352ae,7.6
239,239,4ad8929d2d2f5893f1a3e1428a139e39396871d1f3ade71e6612627152e357ae,7.63
240,240,da98929d2d2f5893f1a3c1429a131d3939787191e3ade71c6612e261d2e3d7ae,7.66
241,241,d29ca095292f50b2f1a3c3429e131d3b39783191e3adc71e6632e261d2e7d7ae,7.69
242,242,929c27905a4d783ee1a3c34216b33c3b387831b1e729c61c4e36c261d7e7d7ae,7.72
243,243,92dc25b05a4df81ee1af83471796383b3a7a71a1a7290e1c4e36c661c7e3a5ae,7.76
244,244,b2de2d305b89f05ce1ae834d1f96393370fa63f067290e1c5e36466187e3a52e,7.79
245,245,b0ce2d325f11f29ce12c830d1f86793370fa63d067290e3d1c341e638fe3ad6e,7.82
246,246,b0db2d721b31b299e13c83693f84792770fa63d247294e395c341e630f632d6e,7.85
247,247,b2c325f21f33b699e1bc83690f047b2770f2e39247296e397c341e630f630d4e,7.88
248,248,b24b20de1b23b699e1fc83690f8c3b27f0fae39247236e397c3414730f630d4e,7.91
249,249,b26d60de1b62b499e0bc83680f8c3b25f0fae3b6c72b6e397c3414710e634d4e,7.95
250,250,b269419e1b623499e0bc83f80f9c3b25f0fae3b2c7236e39707494711e634f4e,7.98
251,251,b2e9419e1b623491e0b083f80f9c3a2df0fae3b0c7636e39f07c94711e435f4e,8.01
252,252,b29941da1a623491e1b883f80f9c3a2df0f2e3b0c76bee39f07494711e435f4e,8.04
253,253,269941fa3a627491a1b007f83f9c722de0f2c7b0c66bce79f074b4e11e435e4e,8.07
254,254,26990bba32e2749307b007f87f1c722de1f2c7b0ce4bcc79c0f4b4e13c435a5e,8.11
255,255,269949ba3ae27493a1b007f83f98722de0f2c7b0c64bce79e074b4e13c435e5e,8.14
256,256,b6c945981be63c93e19007fa0f983a0cf0fae3b0c703ce39e07cb4f11e435f4e,8.17
257,257,b64445991bc63a83e99207fa0f9a3a0c70fae3b2c702ce3be07ca4f13e435e5e,8.2
258,258,b24605990bc63ac7f99283f20f9a3b0c70dae3b2c782ce3be07ca4f03cc35e5e,8.23
259,259,b24625890b863ac7f99283f20f9a3b0c70dae3b2c786ce1be07ca4f0bcc35e5e,8.27
260,260,9b0664898b863ac7f99381e20fda3b0c30cfe1b2c786ce1be47ca4f03ec31e5e,8.3
261,261,9906e405c98e1a47f997a1e605da1b8c308fe1b6c786ce1be03ca4f0bee35e5e,8.33
262,262,9966b405c98c1a66f907e1e605da1b8c380fe1b6c386cf1be23ca4f0bce39e5e,8.36
263,263,9966b605c98c1a667987f0e605da1b8c380fe1b6c386c71be43ca4f0bce39e5e,8.39
264,264,9926b405c98c1a667987f0e681da1b8c3a0fe1b6e386479be43cb4f09ee31e5e,8.43
265,265,c926b605498c9b663c87f8a6c1da0f841a0f7096e3a6679b763cb47096e35f4e,8.46
266,266,4d269b05618cc9660c8778a7e0fa8d849f073896f1e663db763c367096734f4e,8.49
267,267,69269b256085c9660c871c87f0eacdc48f27b89671e663cb333c3632d6734f6e,8.52
268,268,64068b25240d69260f072c077863e5c68f279c9ef9e673cb33bc3630d6734f6e,8.55
269,269,24064b25300d69268f070c077863e5c6cf279c9eb9f673eb33bc363056734f6e,8.59
270,270,340e4b25320d6926c7070c077873e4c4cfa69c96b8f671eb3bbc163652734f6e,8.62
271,271,b41e4935120d6924c30705077873e4c6cda68c9eb8f679eb3b9e1e3652724f6e,8.65
272,272,bc1ecd30920d692ce12705073c3364c4c5a6ce0e98f679eb3b9e1e3652726f6e,8.68
273,273,bc1ced30da0d2d2ce90585870c2364c4e5a5ce0e9cf639e3399e1e365a726f6e,8.71
274,274,9e0c6d30dacc3d24e10785870c3324e4e5a7c60e1cf639eb199e1e365b726f6e,8.74
275,275,be0e6d30dbcc2d24e10785870c3324e465a7c60e1cf639eb199e1e165b726f6e,8.78
276,276,be0e6d30db0c2d24e10785870c3324e665a7c64e1cf639eb199e1e165b726f6e,8.81
277,277,b406c9219e0c2d24e50784870c3b24e6e5a7ce5e1cf639eb199e1e365b726f6e,8.84
278,278,b506c921960c2d26e50704071c3b64e6e5a7ced61cf639eb199e1e325b726f6e,8.87
279,279,b506c921960c6d24e50705073c3b64e6e1a7ced61cf639ea199e1e345b726f6e,8.9
280,280,bc1ecb39968c6924e10705073c7b64c4c5a7cc0e18f639eb399e1e3652726f6e,8.94
281,281,bc5ccb389699792ce90d05051c3b64c4c5a5cc8e18f679eb399c1e34d2726f6e,8.97
282,282,34dad9389699793ce90c0d05183964ccc9258c0f98f6f9eb399c1e34d6f24f6e,9
283,283,34d8c93a96993898f3788715183964d8c125cc0d9c96f9cb399c3c3cd6f24f7e,9.03
284,284,24d96cf296d93498f17887991a397459c1258c0d9c9479c3299c3cbcd6f2cf5e,9.06
285,285,06e36cf296f334d9f078a5991e3174594161ce098c94f9c1299c38bc96f2cf7e,9.1
286,286,12e360e786f334d9f078e4d9163134596179ce098c94c9c1699c38bc96f2df7e,9.13
287,287,926568e7c2633493f07be4d9163134596179c6098c1cd9c1699c38bc96f2df7e,9.16
288,288,936568e7c26324d370fbe4d9971134596171c6098c1dc8c1699d38bc96b2df7e,9.19
289,289,936568c7ca6724d3707bf4d99711345b6171c6098c1dc8c1699d38bc94b2df5e,9.22
290,290,936568c7ca6724d3307bf4db9701361b6179c609cc1d48c1699d38bc94b2df5e,9.26
291,291,9b257cc7ca6724d3307bf4da9701361b6171c609cc1d48c1299d3cbc94b2df5e,9.29
292,292,9b257cc7ca6724c3327bf4db9701361b7171c609cc1548c1299d1cbc96b0df5e,9.32
293,293,9b257c07ea6724c33a7bf4db9301361b7131e709cc1568c129dd1cbc96b05b5e,9.35
294,294,93257c47ea6724c33a7bf4db9301361b7171e609cc1568c1299d1cbc96b05f5e,9.38
295,295,93657c07ea6724c3327bf4da9701361b7171c609cc1578c1299d1cbc96b0df5e,9.41
296,296,93656827ea6334d3327bf4db9701361b7161c609cc1568c1299d1cbc96b2df5e,9.45
297,297,b3e56827e26334d33a7bf4db931136197161c609cc1578c1299d1cbc96b25b5e,9.48
298,298,f3e56867e26334d3327be4d9931136197161c609cc1578c1299d1cbc96b25b7e,9.51
299,299,f6e56867e26334d3327be4d997113e196161c609cc1578c1299d1cbc96b25b5e,9.54
300,300,f6e56867e26334d330fbe4d9961334196161c609cc1578c1299d1cbc96b2df5e,9.57
301,301,b6c56867e26334d330fbe4d9963134196169c609cc1578c1299d3cbc96b2df5e,9.61
302,302,b6c5686786e334d330fbe4d9963134196169c609cc1578c3299c3cbc96b2df5e,9.64
303,303,b6c5686786e334d330fbe4d9963134196169c609cc1578c3299c3cbc96b2df5e,9.67
304,304,b6c56867e26334d3307be4d9961334196169c609cc1578c3299d3cbc96b2df5e,9.7
305,305,f7c56867e26334d3307be4d9971336196161c609cc1578c1299d1cbc96b2db5e,9.73
306,306,b3c57827ee6324c3327bf4da9703361b7161c609cc1578c1299d1cbc96b0db5e,9.77
307,307,9b057c46ea6724c3327bf4da9303361b7171e609cc1578c1299d1cbc96b0df5e,9.8
308,308,9b457d86eb67a4c33a6bf4ca9303361b7171e609cc1578c129cd1c9c94b0db5e,9.83
309,309,93457d84eb67a4c33a63f4ca9707361b7171e709cc1578c129c91c9c94b0df5e,9.86
310,310,9b457d84fb67a6c33a63f4ca9307361b3171e709cc1578c128c91c9c94b0df5e,9.89
311,311,9b457d84fb67a6c33a6774ca9307361b3171e709cc1578c128c91c9c94b0df5e,9.93
312,312,9bc57d84eb67a4c33a63f4ca9307361b3371e709cc1578c128cd1c9c94b05f5e,9.96
313,313,9bc57dc6eb67a4c33a6b74ca93033e1b3171e709cc1578c128cd1c9c94b05b5e,9.99
314,314,93c57f66eb67a4833a6b74ca93033e1b3171e709cc1578c128cd1c9c96b05b5e,10
315,315,93c57f66eb67a4c33a7b34ca93033e1b3171e709cc1578c1288d1c9c96b05b5e,10.1
316,316,9bc57f66eb67a4c33a6b34ca93033e1b3171e709c41578c128cd1c9c96b05b5e,10.1
317,317,9bc57f64fb67a6c31a6b34ca93031e1b3371e709c41578c128cd1c9c96b05b5e,10.1
318,318,9bc53fe4fb67a6c31a6334ca93031e1b3371e709c615784128cd1c9c96b05f5e,10.1
319,319,dbc43de4fb67a6c31a6334ca93071e1b3371e709c615784128cd1c9c16b15f5e,10.2
320,320,dbe43de4fb67a6c31a6334ca83071e1b3371e309c615784128cd1c9c16b95f5e,10.2
321,321,dbe03f84fb66a6c31a6330ea83a71e1b3371e309c6157c4128cd1c9c1e995f5e,10.2
322,322,dbe03f84fb66a6c31a6332ea83a71e1b3271e309c6157c4128cd1c9c1e995f5e,10.3
323,323,dbe03f84eb66a6c31a6332ea83a79e1b3a71f309c6057c4128c91c9c1e995f5e,10.3
324,324,dbe03fc46b66e6c31a6232ea83a79e1b3b71f309c6056c4128cd1c1c1e995f5e,10.3
325,325,cbe03fc46b66e6c21a6232eec3a79e1b3b71f309c6057c4128cd1c1c1e195f5e,10.4
326,326,cbe02fc46b66e6c21a6232eec3a79e5b3b71f309c6057c4128cd0c1c1e197f5e,10.4
327,327,cbe80fc46b66e7c21a6232eac3a79e5b3b71f309c6057c4128cd0c1c1e197f5e,10.4
328,328,c3880fcc6b66e7c29a6232eec3e79e5b1bf1f309c6057c4128c98c1c16197f5e,10.5
329,329,c1880fcc6926e7c2df6632eac3e79a5b1bf1f309c6057c4128c98c1c1e197f5e,10.5
330,330,c19805cc6926e7c2df663aeac1e79a5b9bf1b309e6057c412cc98c1c96195f5e,10.5
331,331,419c81cc6926e7c2cfe67aeac1e68b5b9af0b309e6057c41acc98c1c9e195f5e,10.6
332,332,419c81cc6926e3c6cfe67aeac1e68b5b9af0b309c7057e41acc98c1c9e195b5e,10.6
333,333,419c81cc6926e3c6cfe67aeec1e68b5b9af0b309c7057641acc98c1c9e195b5e,10.6
334,334,c19c81cc6926e3c6cfe67aeec1e68b5b9af0b309c7055641acc98c1c9e195b5e,10.7
335,335,c19c81cc6926e3c6cfe67aeec1e68b5b9bf2b309c70556412cc98c1c96195b5e,10.7
336,336,c19881cc6926e3c6cfe67aeec1e68b5b9bf2b309c7055641acc98c1c96195b5e,10.7
337,337,419981cc6926e3c6cfe67aeee1e6835b9af03309e7055e41acc98c1c96195f5e,10.8
338,338,419d01cc6926e1c2cfe67aeee1e6825b9af03309e7057e41acc98e1cd6196f5e,10.8
339,339,419c81cc6926e1c6cfe67aeee1e6c25b9af03349e7057641acc98c1c96196f5e,10.8
340,340,419dc0cc6926e1c4cfe67e6e61e6c25b9af23369e7057641acc98c1c96194f5e,10.9
341,341,419cc0cc6926e1c4efe67e6e61e6c35b9af21369e3057641ac498e1cd6194f5e,10.9
342,342,419dc0cc692671c4efe67e6661e6c35b9af21369e3057641ac49861cde194f5e,10.9
343,343,419dc0cc29a671c6efe67e6661e6c35b98f21369e3057641ac49861cda196f5e,10.9
344,344,419dc0cc29a671c6efe67ee661e6c25b98f21369e3057641ac49861cda196f5e,11
345,345,419dc0cc6926f1c6efe67ee661e6c25b98f21369e3057641ac49861cd6194f5e,11
346,346,c19d00cc6926f1c6cfe67ee661e6c25b9bf03349e7057641ac49861cd6196b5e,11
347,347,c199018c6966e5c2df627ee6c1e6825b9bf03349e7057e41accd8e1c96194f5e,11.1
348,348,c199018c6966e7c0df6272e6c1e7825b99f1b309e7057e41accd8e1c96195f5e,11.1
349,349,c1d9098c6966e7c0df6270e6c3e7925b99f1b309e6057c41accd8c1c96195f5e,11.1
350,350,c1d9098c6966e7c4df6270e6c3e7925b9bf1b309c6057c412ccd8c1c96195f5e,11.2
351,351,c1d9098c6b66e7c6db6270e6c3e6925b9bf1b309c6057c412ccd8c1c96195f5e,11.2
352,352,c1d9018c6966e5c6db6674e6c3e6925b9bf1b349c6057e412ccd8c1c96195b5e,11.2
353,353,c1d9018c6966e5c6db667ce6c1e6925b9bf0b349c705f6412ccd8c1c96195b5e,11.3
354,354,c1d9418c6966e5c4df667ce6c1e6825b99f2b349c705f641acc98c1c96195b5e,11.3
355,355,c1d9018c6926e5c6df667ce6e1e6825b99f2b349c705f641acc98c1c96195b5e,11.3
356,356,c1d9418c6926e5c4dfe67ce6c1e6825b99f2b349c705f641acc98c1c96195b5e,11.4
357,357,c199418c6926e5c6df667ce6c1e682db9bf2b349c705f641a8c98c1c96195b5e,11.4
358,358,c119018c692ce5c6dfe67ce6c1e682db9bf2b349c705f641a8c98c1d96195b5e,11.4
359,359,c119818c492ce5c6dbe67ce6c1e692db9bf2b349c705f64128c98c1d96195f5e,11.5
360,360,c119849c492ce5c4cbe67ceec1e692db9bf2b349c705f64128c98c1d96195f5e,11.5
361,361,c11b849d492ce5c4cbe67ceec1e692d39bf2b361c705d64128c98c1d96195f5e,11.5
362,362,c11b849d4b2ce1c4cba67ceee1e692e71bf2b361c705d64128c98c1d96195f5e,11.6
363,363,c01b8099492ce1c6eba67eeee1e683e79af2b361e705d64128c98c1d96195f5e,11.6
364,364,c01b8099492ce1c6efa67eeee1e683e69af2b361e705d64128c98c1d96195f5e,11.6
365,365,c01b8499492ce1c6eda67eeee1e683e69af2b361e701f64128c98c1d96195f5e,11.6
366,366,c01b8099492ce1c6eda47e6ee1e6c3e69ef2b361e701f64128c98c9d96195f5e,11.7
367,367,c01b8099492ce1c7eda47e6e61e6c3e69ef2b361e701f64128c98c9d96195f5e,11.7
368,368,601a8699490de307e1845f6ee1e6c3e69ef6b361e701d64338c98c9d96195f5e,11.7
369,369,64368799091deb07e9855b6ee1e6c3e61ff633618701864378c91c9d9499d75a,11.8
370,370,64b687930d1dcb07c9851b6ec9e683a61ff63363a703864370c91c9db4b1d75a,11.8
371,371,64d687b31d19db27c9851b6fc9e683a63ff63362a6038447e0cb188d34b1975a,11.8
372,372,6dd687331c19db2789851a6fc9ee83a63ff6336226038c47e0cb389d34b1965a,11.9
373,373,6dd687331819da6709851a6fcbec9fa63ff6734226038c47e0cb389c2cb1b45a,11.9
374,374,6dd60773383992670f851a6fcbec9f263dd6774226030c47e0c9719c28b1f55a,11.9
375,375,6d960f73383192670b05ba6c9bec9f267d9e67432e130c47c0c971bc68b1d55a,12
376,376,6d160c7338b192651f05ba6c9bcc1f267c9ee7426e131c47c2c9f1bc68b1d55a,12
377,377,cd160c6378b1b2251b05b26d9bcc1f2e7c7ee6c66c131c47c3c9e1bc68b1555a,12
378,378,c9160ce37ab1f2251b01b26d93cc1f2e7c7ee6c64c171c4787c9e19d68b1555a,12.1
379,379,c9160ce67ca3f2251f013269b3ec1f067c7ee7c64c171c4687c9e19d60b1f55a,12.1
380,380,c91ecce61db3f2271f233a69b2ec9b063c1e63c666170c4686c9e18d68b1f55a,12.1
381,381,c91eccce1cf37a360f231e29ba6c9b073f1673c666070c4682c9e98d68b1f55a,12.2
382,382,c95ecccec8f27a364f231f213e6ddb07bf0671c666064c06c0c9a98d68b1f55a,12.2
383,383,8956e4dec0f278b667231f211e69db079f0639c66616c606f2c3a98d68b1f55a,12.2
384,384,0356c59ef0d27896e1231f211e69db879f0e39c67606c606f2c3a98d78b1f55a,12.3
385,385,83538f8ef0d3489661370ee31e69db059f0638c67606c606f6c3a9cd78b1f55a,12.3
386,386,a3720f1cb4d1c096e03fcce31e69db219f1339c67206c606b6e3e9cd58b1f552,12.3
387,387,f25a0f3cb7d18996e19ec0e33e695b219f133dc67206c606a6c3e1cd50b1f552,12.4
388,388,f25e0e5c36f99991c39ec1a33ee97b219f1bbdc23206c606a6c3c1cd51a1e552,12.4
389,389,f352da5c36583e99039cc1eb04ad7869df19bfd03056ee16264353cdd1a9a552,12.4
390,390,13d3cb467e4c3e19131cc3e984ed786dd3199fd839d0fe06264352cdd169a552,12.4
391,391,41b3c9e3cd667c651f1c4bfcc1ed486d43099f9939f07b06260772cdd129a552,12.5
392,392,36b9c9f3c9e76ce33e161b3cc1e0ccec432dc3991df83b062607324dd129b552,12.5
393,393,368d9ab9e8f324f33e028b16e9f2ece4f12d638d9cf81b06a706b34d5029b552,12.5
394,394,37cd9b99f85a347336f38f160dd2e4e4f827718d8c780986a786bbc550299552,12.6
395,395,13cc938df98cfc7916f387169dd264767823798dc43c09c6a3c6bbe558219552,12.6
396,396,976c938ddbccfc39167387168fd22672782379c9c4398986a3c6b3e55821b552,12.6
397,397,356693c5dbccfcb936e3831787daa630582338ebe439c896a3c6a3e55029b552,12.7
398,398,256793c7d9cc7cb93665831787dae630586338ebf439c816a3c6a3e1d029b552,12.7
399,399,256393c7dbcc7cb93665831385dae730586338ebf439c81683c6abe1d129b552,12.7
400,400,273313c7dbcc7ce93e658a1785daef30546330abec19c896a3c643e1d529a552,12.8
401,401,2b3393cefbccdce93a6582970dd0ee30556374abe85988a4a3d657c195492d52,12.8
402,402,273393cedb9cf4e92a4586970f54ee32556274a9e85888a52bd657e1b5492956,12.8
403,403,0533b3ced398f4e92a25849f0b94fc32156275a9f8588aa52bd657e9b5496956,12.9
404,404,053382ced198f5e97aa5141f0ab4ee325572752bf8588aa54bd457cbb5496956,12.9
405,405,4d33028ed198f1e976a5151e4ab4ae319572756bf858aaa54b94d7cba5496956,12.9
406,406,4d330286f19af1c976e5144e4ab4ae349572756bf858aaa54b9697cba54b6856,13
407,407,6d334286b59af1c976ef144e4ab4ae349572756bf858aaa54a9495cba54b4856,13
408,408,cd334286959ae9c9f4cf144e4ab4ee341572756bf458aaa54ab495cba54b4a56,13
409,409,0c334ea7951ae9c9e4cf144e4abcaeb40c72757bf558aaa552b495cb254b4a56,13.1
410,410,8c334aa7959ae1c8f74f144e4abcaeb48872757bf558aaa542b495eba5494856,13.1
411,411,2d334ab7d19ab96876e794464a9caeb48832352b7d58a8a54a96d7e9a5496956,13.1
412,412,6533ea17c19b796836e59447ca942f9cc833152b5d58a8a56ad657e9b5492956,13.1
413,413,7731e317c09b5c683ee19447ead42b9ce71295ab1d58cc25aad652e19549ad56,13.2
414,414,77b1e317e09b5ce83fe11467e854a39cc71294ab1d584e25a8d652e19569ad56,13.2
415,415,15b0a312e99b5ce93fe15663e854a39ce71294ab1f584e27a8d672e19569a556,13.2
416,416,15b8e332e39b5cf91de05663ec44a3dc6312d4ab1f584627a8d66ae1d569a552,13.3
417,417,15b8f332e19b7cb91de15263ec44a3cc2312d0bb9f584627ad56eae1d161b552,13.3
418,418,94b8f332e19b7cb91fe15a63e44673cc2112d2bb875846a7bd56aae151619552,13.3
419,419,86d8f33271db7cb99ee14a63f5467bcca1125abb875842073556bae159219552,13.4
420,420,84d8f3b271db7c899ef14a63b5467bcc31525abb875822177456b8f159219552,13.4
421,421,86f8f39271db3cc98eb1ca23b566fbcc31527a9bd7d822175456b87049219552,13.4
422,422,86d8fb9271cb3ec98eb1cb233566fbcc31525a9bd7c8a2173456b8704921d552,13.5
423,423,86d8fb9271cb3ea98eb1cb233766fbcc31925a9bd7c8a217345638704921d552,13.5
424,424,86d87b9270cb3ea98eb1eb233746fbcc51935a9bd7c8a21734d638704921d552,13.5
425,425,86d8739274cbbea9ceb1e9233746fbcc51136a99d7c8a21734d678704921d552,13.6
426,426,82d8719234cbbe2dceb1e9233746fbcc51937a89d7c8a21734f659704921d556,13.6
427,427,8ad9719230cbbe29ceb3e9233744e9cc51937a89d7c8a21734f679714921d556,13.6
428,428,cad9719330cbbe29ce33e1233744e9cc519b3a89d7c8a21734f679616921d556,13.7
429,429,cad97992304b9e3dcb3361233744e9cc519b2a89d7e8a21734f679696921d556,13.7
430,430,cad9799330499e3dcf33e1333744e9cc519b0e89c7e8a21734f6796949219556,13.7
431,431,c6d87192304b3ebdce33e5337746e9cc519b1c89c7e8a21734f6796849219556,13.8
432,432,c4d87192324b3eadce3385337746ebccd19b1c8bcfe8861734f6796949210556,13.8
433,433,84d87392724b3ead0c7309737304efccd19b1c8bcee8863734f679e949212756,13.8
434,434,84d8e392f34b3ca91c714172ab14e7ccd19b348b8ee8863774b6f9e9c9612556,13.9
435,435,84fcc592e7cb34a95d61c172ab14e6ccd19b348b1ee88e376496f9e9c9610556,13.9
436,436,967c8d92e78b74ad1d71d872ab44e6ccc19a348b3ee88e352496f9e9c9610556,13.9
437,437,b67c0d92e78b708d1d619a728a4466cce59a349b3ee89e350616f9e9cb651556,13.9
438,438,3cbc4d92c78bf0cd5960ba769a040f8ce59a359b3ee85e340606fbe9cb651554,14
439,439,7cbc4d9ac70be46b79e2b2661e8d2e9ce59b619b7c681c340706cbe9d2451554,14
440,440,e8bc099b970be479f3e6b2e63e8d3f1ec99a619bf0683c240706c3e992453554,14
441,441,e9b09b1b3e0ba8e9d3e624c67cad3a1e893ac39be2e8f4240d469fe982857554,14.1
442,442,c3b0bf1b7c0b0bc5a7c664c4f8adfa1e9b321f1be3c9e0647c463e892685c154,14.1
443,443,9330f61b74db1bc52fc6cd8cc03d52723b321c1b0fc9a8e5f54e3e896c859554,14.1
444,444,3732e41bd0db3f855d86d90c8079f6763272553b8fc90ae5d54eeea94c811554,14.2
445,445,3730601bc0db7f855d86d90c80e9e4f67272f53a9bc91ac5d55eeaa9cc891554,14.2
446,446,3730641bc0db7f857d8e9948836984f67672f53a9b891ac5c55eeaa9cc891554,14.2
447,447,37b0641bc05b3f857dc699488129c4f67772f53a9b891ac5d55eeaa9cc891554,14.3
448,448,1fb06c1ac05b3b857dc659488129c4fe6372d53a9f991bc5d54eeaa9cc8d1554,14.3
449,449,17b0ec1bc05b33857dc65948c129c47e3372553a9f990ac5d54eeea9ec8d155c,14.3
450,450,13b0ec1ae05bb3857ec65949c029d47e3372553a1fd98ae5f44e6ea96c85155c,14.4
451,451,83b0be1af41bb2a51fc64dc0d82dd67e33325f1a0fc988e5f4466ea16c85955c,14.4
452,452,83b0bf1a7c1bd2a507c64dc5f92df25e11321f9bcfc9c86474463ea32685915c,14.4
453,453,c1fc979a3e1b58a187e624e57cadfa5e91320f9bcec9c8643c463ea12685c15c,14.5
454,454,e9dc839a3e1b78a183e2a4e56cad3b5ed93a039beec9ec641d6617a10685c554,14.5
455,455,69dcc3da1e0b5aa1c3e2e4652ead1b5edc9a039b6ee9ec64172697a19285c554,14.5
456,456,68dcc3da1f0b5aa1c362a4652ead1b5edc9a01db6ee9fc64952697a19285e554,14.6
457,457,68d8c3ca1e0b7ae1c362e4252ead1b56fc9e01db6ee9fc64972697a18285e554,14.6
458,458,e0da874b1e0b5af1c366a42d2aad1b52fc9e01db6ee9fc74132797a18285e554,14.6
459,459,e0d8834b1f0bebf1e362e4ad0bac1b5efc9a81cb6ee97c34812793a19285e554,14.6
460,460,70dac34b1f0be9f1f162b62d0bac1f5a7c9a80cb6ee97d34812793b19205e554,14.7
461,461,78dcc34b8f0b69f1f172b68d0b8c0b567c9a80cb36e97d34c123dbb1d205e554,14.7
462,462,78dec34b8f0b69b1f170b6ad098c0f523e92f04b3ee92f30c133dbb9d225a544,14.7
463,463,3c4e734bc70b69b1f970b6ada4ac4d521e92f04f32e92f10c113dbf9d925a544,14.8
464,464,3e4e794fc78ba9f17970968ca08c69d21e92f84fb2e9a710e113dbf959258544,14.8
465,465,1e6e796bc38b29f07930928ce48ca1529f52f86f9aeda710e5936bb979258544,14.8
466,466,1f6e796fe3892c305d30d38ca4ac81538fd23c6f9beca7d0e0936bb869259544,14.9
467,467,8f6271ebe3990c305c31d3ccb48fc953cfd21c2fcbeca7d0749369b869259144,14.9
468,468,8f6231abe3990c305cb5d3ccb43fcb53c7c20c2debe8a7d0f49369b82d259146,14.9
469,469,1f62308be3990c305bb4f3ccb41ffbd243c28c2debf885d07c9369b82d25d546,15
470,470,0f62728bedd80c305ba4f3ccb41ffbd203c68c2debf885d07c9369bc0d259546,15
471,471,2fe36289edd81c30fb8ce3cc801bdbd207468c2debf8e5927c9369bc49259546,15
472,472,3fe36299cdb01c30f38ca7cc101bdbd2174e9c2debf8e5927c8349bc49259546,15.1
473,473,7eebe299cdf01530f78ca6cc1013dbd2164e182dcbf8c512f8a35bbc49259556,15.1
474,474,7ce3c2998df03571f68d269c3037d3d2344e186d9bf88512e9a3dbf859258554,15.1
475,475,fde3c2999bb07170a60d2e9c3036d7c63d4e786d9fd88d12e923dbf858250514,15.2
476,476,f542c69b1bf1f170a40d4f9970b697d67d46706d3ed90d12c92393e9f8253414,15.2
477,477,f5c286bb1bf1f16015095f99793687967d46f0e93ed90d12c92393e9b0657414,15.2
478,478,f5c6953b1bb1f16015495d19f1768786ed46f0e93e991d528323b3e9b2617414,15.3
479,479,b5ce153b3bf1e1601549d939e1760f86cd5ee0e97e991956132326e9b261d514,15.3
480,480,8dce353b3771c3411559d939e1f62f06dd5ee0d96e995956132326e9a261d114,15.3
481,481,8dce353b3671c3411559d939e1f62d06d95ec1d9eeb9b956122326e9a269d114,15.4
482,482,e9ce1d3b76a1e34105599919f1762d06dd56c1dbef99b956122326e9a249d154,15.4
483,483,e9ce153f36a1e36105499d19f1f60f06dd56c1cbee99b956132326e9a269d114,15.4
484,484,e9c6158f36a5e3611559dd19f1760f06dd56c1cb6e99d956132326e9a269d114,15.4
485,485,e9ce153f36a5e3611549dd19f1760f06dd46c1cbee999952132326e9e269d114,15.5
486,486,e9ce153f36a5e3611559d919f1760f06dd46c1eb6f999952122326e9e269d114,15.5
487,487,c9ce353b3771e3411559d939e9760f06dd4ec0d96eb99956122326e9e269d114,15.5
488,488,cd4e343b3771e3511559f179e1660f06d95ec1d97e999956122326e9e269d114,15.6
489,489,9d4a353977e1c5511559f178e5660f06cd5ec1b97f99b952122326e9e269d114,15.6
490,490,954a37397771e1519559f938ed660f06dd4ee0b97f999952122326e9e069d114,15.6
491,491,f54b3739bb60e1519d19f938a5660fc6dd4ee0b97f991912122326e9f069d114,15.7
492,492,d54a1739ff70e1719519f978a5660fc6dd4ee0b97f991912122326e9f061d114,15.7
493,493,f54a173df760e1719519d978b5660fc6dd4ee0997f991912122326e9f261d114,15.7
494,494,e54e173df760e1519519d979b1660f46dd4ee0b97f99191212a326e9f261d114,15.8
495,495,f54a1739f360e5519519f978a5660fc6dd4ee0b97f99191212a326e9f261d114,15.8
496,496,f55a3739f370e1599519f978a5660fc6dd4ee0b97f91191212a326e9e061d114,15.8
497,497,f55a3639f370e159dd19f978a5260f86d94ee0b97f90191312ab26e9f061d114,15.9
498,498,f54a3639f370e159dd19f978a5660fc6d94ee0b97f90191312a326e9f061d114,15.9
499,499,f54e17397770e159d519d978a5660fc6cd4ee0b97f98191312a326e9e261d114,15.9
500,500,f54e173f7f706151d519d939a1660fc6cd4ee0b96f98191212a326e9f269d114,16
501,501,edce162f3f706171d559d979b0760fc6cd4ee0996f981912122326e9f269d114,16
502,502,edce142f3f606171d559d979b0768fc6cd4ee08b6f981912122326e9f269f114,16
503,503,edce142f3f606171d559d979b0768fc6cd4ee0ab6f981912122326e9e269f114,16.1
504,504,edce04af3f6661f18559d97931768fc6cd46e0bb6f981912122326e9e269d114,16.1
505,505,edc6c0af1fa661f28559d959b07b8f46cd46e04fefb89912122326e96269f114,16.1
506,506,edc6c0af1ea663f284c9dd59307987c60d46e06feff89916903326e96269f114,16.1
507,507,efc6c8af9ea662e6a4c1ddd93079a7460d46f04fe6d81d16903322e9b269f114,16.2
508,508,eee4c08f9eae6ae6a4c1ddd93079a7760f46e04ee6f81d16901326e93269f114,16.2
509,509,eae4c08f9eae6be666c7d7d93079a7960f46c04ee5b89d14901326e96269f114,16.2
510,510,fae4c0af9eaf7aa666c7d7d93079a7960f46c04ee5989954901326e96269d114,16.3
511,511,dee0c0af1eaf7ae666c7d7d9307927960f46c04ee7b89954901326e96269d114,16.3
512,512,dbc0d8af1eae7ae644c5d7d9307927869f46c14eefb89954901326e96269d114,16.3
513,513,dbc494af1e2e76e644c5d5d9b0792ea61f46c14eefb89956111326e960e9d114,16.4
514,514,d9c6992f762ee5e60d819559e0792ea69d46815febb8995611132ee944e9d154,16.4
515,515,93ce1d2f772ec5e60dc1b75962790e86995683dfcbb95152a0172ee944c99154,16.4
516,516,838e352ed52ec1a70d99b15962f13e86ba56039f5bb8f552aa974ee954c98154,16.5
517,517,132e752ed566cd811f11a2794ae5fa86225603bb55b8b156aab75fe95549a154,16.5
518,518,172efd6e85e25d812b11a2f14ef67a06225e0bbb95f0a0566aa75de9d549a154,16.5
519,519,392efd6e8dc31f81aa5162f15ea63a4622d60bb99d70a2564aaf5de99549a154,16.6
520,520,792ef562c5e31b912a5162f95ea6ba56225e43a9b570a2564aab5de9d549a154,16.6
521,521,792ef562c5e319812a59e2f94ea6ba56225e43a9f570a2564aab5de9d549a154,16.6
522,522,792ef562c5c19981aa5962794ea6ba56225e43a9fd70a2574abf55e9d549a054,16.7
523,523,7d2ef562c1e19991aa5922794e26ba56a256c3b9f550a2574abd55e9d549b054,16.7
524,524,3d2ef563c1e10d91aa5922794f26ba56a05ec3b9fd50a0574abd55e9d549b054,16.7
525,525,1d2ef562c0e14d99bb59207b5f26bb56e056c9a97d50a0172abd56e9d549b114,16.8
526,526,1d2e6563c0e1cd91bb59225d4fa6b956e85649b97dd0b0172abd46e95549b514,16.8
527,527,1f2e35b360e14c81bb59a0594fa69d56e85669a95dd8b817aabd46e954499d1c,16.8
528,528,1fae15b370e14c919959b25d6fa68d56e85669a915d8b113aabd66e954499d14,16.9
529,529,8fa7303370f14f999059b24f4fa68d56f9566ca915d89513aafd62e954499514,16.9
530,530,87a730337cf14fd99159b20f4fa68d56b9566cb915d89503aabd22e954499d14,16.9
531,531,87a730337ef10fd99859b34f43b68556fd462eb9055cdd02aafc22e97409c514,16.9
532,532,c7a710333ef167d9d919fb0f43b6c5567d422cb9045cdf02aa7e22e97601c514,17
533,533,c3a718333ef126f9d909fb0da3b6c5561d4224bdc05cdf022b7e2279ff01c514,17
534,534,e3a798b73ef126f94d09df09a3f7c5561d42a4adc05cdf02015e223dbf01c554,17
535,535,63c6d8b71e73a6f9480d5f09a1b7e5561d42b4ade05c5fc2011e823dbf21e554,17.1
536,536,63e6e8971a33b2f1481d5f09b9b9f1161d4294abe45c4fd2011e903dbf61e5d4,17.1
537,537,65e6f9871a33b2f1e05d5f09b8b9f0160d4296abe05c4fd2015e903dbfe165c4,17.1
538,538,25e671878a33b6f1e05d5f0d99b970960d4296abf05c4fd2015e903dbfe165c4,17.2
539,539,25e671878a33b2f1e05d5f0d99b970960d4296abf05c4fd2015eb03dbfe165c4,17.2
540,540,25e6f1861a33b2f1e25d5f0d19b9f0b60d4296abe05c4fd2015e903dbfe165c4,17.2
541,541,65c6f1861a33b6f1605d5f0d3bb9e0365d4296abe05c4fc2015e903dbf61e5c4,17.3
542,542,65c6c1871a33a6f148595f09bbbde1b65d42b4abe05cdfc2015ea03dbf21e544,17.3
543,543,6fc6c1879a3326f14819df093bf9e1365d4624afe05cdf42015ea23dbf21c554,17.3
544,544,6dc6c1879a3326f14819df092af9e1365d46a4afe0dcdf42015ea23dbf61c554,17.4
545,545,6fc6c1879a3326f14819de093ab9e1365d46a4afe0dcdf42015ea23dbf61c554,17.4
546,546,6dc6c1879a3326f14859de093ab9e1365d46a4afe0dcdf42015ea23dbf61c554,17.4
547,547,6dc6c1869a3326f14a59de093bb9e1365d46a4abe05cdf42015ea23dbf61e554,17.5
548,548,6fc4c1861a3326f14a59de093bb9e1b65d46a4abe0dcdf42015e223dff61c554,17.5
549,549,efc4c1861a3326f148d9de093ab9c1b65d46acaf80dcdf42895e223d7f61c554,17.5
550,550,efc4c1861a232ef14cd9de093ab9c1b65d462caf80dcdf42895e223d7f41d554,17.6
551,551,efc4c18638272ef148d9de093ba9c1b65d462cab00dcdd42ab5e22f97f41d554,17.6
552,552,6fc4c1a6b82726f104f9dc097ba9c1a6fd462cab00dcdd42ab5e22f97741d554,17.6
553,553,6fccc126b82766b344f9980973a9c1a4fd462caf40dcdd42ab5e22f97749d514,17.6
554,554,efccc106b0276eb34cf9bc0972a9c1a4fd4628af04dcdd42ab5e22f97549d514,17.7
555,555,ebccc126b0276eb34cf9b84972a981b4fd5628ab04fcdd42ab9622f97549d514,17.7
556,556,ebcc8326b0276eb34cf9b04973a985a4fd5668ab04fc9d42ab9622f97549d514,17.7
557,557,ebcc8326b0276eb34cf9b04973a983a4fd5668ab04fc9d42ab9622f97549d514,17.8
558,558,ebcc8326b0276eb34cf9b00973a983a4fd566cab05fc9d42aa9622f97549d514,17.8
559,559,ebcc8326b0276ea34cf9b00973a983a4fd566cab05fc9d52aa9622f97549d514,17.8
560,560,ebcc8b06b0266ea34cf9b81973a983a4fd466cab05fc9d52aa9662f975499514,17.9
561,561,ebcc8b06b0266ea34cf9b85972a983a4f9466caf05fc9d52aa9662f975499514,17.9
562,562,ebcc8b06b0266ea34cf9b85972a983a4f9466caf05fc9d52aa9662f975499514,17.9
563,563,ebcc8b06b0266ea34cf9b85972a983a4f94669af05fc9d52aa9662f975499514,18
