0,0,d6a596dd25384b697961001fbfd20493e5867d7d0129d7c89697a4b4fef4480e,0
1,1,d6a596dd25384b697961000fbfd20493e5867d7d0169d7c896b7a4b4feb4480e,0.0327
2,2,d6a596fd25384b697961001fbfd20c13e5067d7d0169d7c896b7a4b0feb4480e,0.0654
3,3,d6a596fd25384b697961001fbed20c93e5067d7d0169d7c896b7a4b0feb4480e,0.0981
4,4,96a596fd25384b697961011fbed20c93e5067d7d0169d7c896b7a4b0feb4480e,0.131
5,5,d6a596fd25384b697961011fbed20c93e5067d7d0169d7c896b7a4a0feb4480e,0.163
6,6,96a596fd25384b69f961011fbed20c93e5067d7d0169d7c816b7a5a0feb4480e,0.196
7,7,d6a596fd24384b69f961011fbed20c93e5067d7d0169d7c896b7a4a0feb4480e,0.229
8,8,d6a596fd24384b697971001fbed20c13e7067d7d0169d7c896b7a4b0feb4480e,0.262
9,9,d6a596fd24384b697971001fbed20c13e7067d7d0169d7c896b7a4b0feb4480e,0.294
10,10,d6a596fd24384b697971001fbfd20c03e7067d7d0169d7c896b7a4b0feb4480e,0.327
11,11,d6a596fd24384b697971001fbfd20c03e7067d7d0169d7c896b7a4b0feb4480e,0.36
12,12,d6a596fd24384b697971001fbfd20c03e7067d7d0169dfc816b7a4b0feb4480e,0.392
13,13,d6a596fd24184b69f9f1001fbed20c03e7067d7d0169dfc816b7a5a0feb4480e,0.425
14,14,d6a596fd24384b69f971001fbed20c03e7067d7d0169dfc816b7a5a0feb4480e,0.458
15,15,c6a596fd24384b69f9f1009fbed20c03e7067d7d0149dfc816b7a5a0feb4480e,0.49
16,16,86a596fd24384b69f9f1009fbed20c13e7067d7d0149d7c816b7a5a0feb4484e,0.523
17,17,96a596fd2d384b69f9f1009f3ed20c13e706797d0149d7c814b7a5a0feb4484e,0.556
18,18,96a586fd2d384b69f9f1009f3ed20c93e506797d0149d7c814b7a5a4feb4484e,0.588
19,19,96a586fd2d384b69f9e1011f3ed20e93e506797d0149d7c814b7a5a4feb4484e,0.621
20,20,96a586fd2d384b69f9e1011f3ed20e93e506797d0149d7c814b7a5a4feb4484e,0.654
21,21,96a5a6fd2d384b69f9e1011f3ed20e93e506797d014997c814b7a5a4feb4484e,0.686
22,22,96a5a6f92d384b69f9e1001f3ed20d93e506797d0169d7c814b7a5a4feb4484e,0.719
23,23,96a5a6f92d384b69f9e1001f3ed20d93e506797d0169d7c814b7a5a4feb4484e,0.752
24,24,96a5a6f92d384b69f9e1001f3ed20d93e506797d0169d7c814b7a5a4feb4484e,0.785
25,25,96a5a6f92d384b69f9e1001f3ed20d93e506797d0169d7c814b7a5a4feb4484e,0.817
26,26,96a5a6f92d38cb69f9e1001f3ed20d93e506797d0149d7c814b7a5a4feb4484e,0.85
27,27,86a5a6f92d38cb69f9e9001f3ed20913e50679fd0149d7c814b7a5a4fef4484e,0.883
28,28,c6a5b6f92d38cb69f9f9001f3ed20103e506797d0149d7c814b7a5a4fef4484e,0.915
29,29,d6a5b6f92d384b69f9f1001fbed20103e506797d0149d7c814b7a5a4fef4484e,0.948
30,30,d6a5b6d90d384b69f9f9801fbed20103e586797d0149d7c814b7a5a4fef4480e,0.981
31,31,d6e5b6d90d384b69f9f9801fbed20103e586797d0049d7c814b7a5a4fef4480e,1.01
32,32,d6e5b6d90d384b6979f9801fbfd20103e586797d0049d7c814b7a5a4fef4480e,1.05
33,33,d6e5b6d90d384b6978f9801fbfd20103e586797d0049d7c814b7a5b4fef4480e,1.08
34,34,d6e5b6d90d384b6978f9801fbfd20103e586797d0049d7c814b7a5b4fef4480e,1.11
35,35,d6e5b6d90d384b69f8f9801fbed20103e586797d0049d7c814b7a5b4fef4480e,1.14
36,36,c6e5b6d90d384b69f9f9809fbed20103e506797d0049dfc814b7a5a4fef4480e,1.18
37,37,c6a5b6d92d38cb69f9f9009fbed20103e506797d0049d7c814b7a5a4fef4484e,1.21
38,38,86a5b6f92d38cb69f9f9009f3ed20107e506797d0049d7c814b7a5a4fef4484e,1.24
39,39,86a5b6d92d38cb69f9f9009f3ed20107e50679fd0049d7c814b7a5a4fef4484e,1.27
40,40,86a5b6d92d38cb69f9f9009f3ed20907e50679fd004997c834b7a5a4fef4404e,1.31
41,41,86a5a6d92d38cb69f9f9001f3ed20d07e50679fd004997c834b7a5a4fef4405e,1.34
42,42,86a5a6d92d38cb69f9f9001f3ed20d07e50679fd004997c834b7a5a4fef4405e,1.37
43,43,86a5a6d10d38cb69f9f9219f3ed20f07c50679fd804996c834b7a5a4feb4405e,1.41
44,44,86e5a6d10d38cb69f9f9211f3ed20f07c50679fd804996c834b7a5a4feb4405e,1.44
45,45,84e5a6d10d38cb69f9f9211f3ed20f07c50679fd80499ec834b7a5a4feb4405e,1.47
46,46,84e5a6d14d38cb69f1f9211f3ed20f07c50679fd80499ec834b7a5a4feb4405e,1.5
47,47,84e5a6d14d38cb69f1f9211f3ed20f07c50679fd80499ec834b7a5a4feb4405e,1.54
48,48,84e5a6d14d38cb69f1f9219f3ed20f06c50679fd80499ec834b7a5a4feb4405e,1.57
49,49,84e5a6d14d38cb69f1f9211f3ed20f07c50679fd80499ec834b7a5a4feb4405e,1.6
50,50,84e5b6d14d38cb69f1f9211f3ed20f06c50679fd814996c834b7a5a4feb4405e,1.63
51,51,84e5b6d14d18cb69f9f9211f3ed20f06c50679fd814996c834b7a5a4feb4405e,1.67
52,52,86e5b6d10d38cb69f9f9201f3ed20f06c50679fd814996c834b7a5a4feb4405e,1.7
53,53,86e5b6d10d38cb69f9f9201f3ed20d06e50679fd814996c834b7a5a4feb4405e,1.73
54,54,86e5b6d10d18cb69f9fb201f3ed20d06e50679fd814996c834b7a5a4feb4405e,1.77
55,55,86e5b6d10d38cb69f97b201f3ed20d06e50679fd814996c834b7a5a4feb4405e,1.8
56,56,86e5b6d14d38db69f1fb201f3ed20106e50679fd814996c834b7a5a4feb4405e,1.83
57,57,86edb6d14938db69f1fb201f3ed20106e50679fd814996c834b7a5a4feb4405e,1.86
58,58,86ed36f94938db69f1fb201f3ed20107e504797d814996d834b7a5a4feb4404e,1.9
59,59,86ed36f94938cb69f1fb209f3ed20107e504797d814996d814b7a5a4feb4484e,1.93
60,60,86ed36f90938cb69f1fb209f3ed20107e506797d814996d814b7a5a4feb4484e,1.96
61,61,86ed36f90938cb61f0f3209f3ed20107e704797d8149d7d814b7a5b4feb4484e,1.99
62,62,866d36f90d38cb61f0f3809f3ed20107e704797d8149d7d814b7a5b4feb4484e,2.03
63,63,866d36f90d28cb61f0f3819e3ed20107ef24797d8149d7d814b7a5b4feb4480e,2.06
64,64,866d36f90d28db6170f3a19e3ed20107ef24797d8148d7d814b7a5b4feb4480e,2.09
65,65,866d36790d28db6370f3a19e3ed20107ef24797d8148d7d814b7a5b4feb4480e,2.12
66,66,866d36790d28cb6370f3a19e3ed20107ef24797d8148d7d894b7a5b4feb4480e,2.16
67,67,866d36f90d28cb6170f3a19e3ed20107ef24797d8148d7d894b7a5b4feb4480e,2.19
68,68,866d36f90d28cb6170f3a19f3ed20107e724797d8148d7d894b7a5b4feb4480e,2.22
69,69,866db6f90d28cb6170f3a11f3fd20007e784797d8148d7d894b7a5b4feb4480e,2.26
70,70,866db6d90d38cb6170f3a11f3fd20007e784797d8148d7d894b7a5b4feb4480e,2.29
71,71,866db6f90d38cb6170f3811f3fd20107e704797d8148d7d894b7a5b4feb4480e,2.32
72,72,866db6f90d28cb6170f3819f3fd20107e704797d8148d7d894b7a5b4feb4480e,2.35
73,73,866df6f90d28cb61f0f3819e3ed20107e704797d8148d7d894b7a5b4feb4480e,2.39
74,74,866df6f90d28cb61f0f3819e3ed20107e704797d0148dfd894b7a5b4feb4480e,2.42
75,75,866df6f90928cb61f1f3811e3ed20107e504797d0149dfd894b7a5b4feb4484e,2.45
76,76,866d76f94928cb61f9fb011e3ed20187e504797d01499ed894b7a5b4feb4484e,2.48
77,77,86edb6f94928cb61f973011e3ed20387e504797d01499ec834b7a5a4feb4585e,2.52
78,78,86edb6f94d38da61f1f7011e3e520797c10479fd01499ec834b7a5a4f8b4505e,2.55
79,79,86f976d94f79da61f1f7271e38520f96c10479fd01499e8024b7a5a4f8b4505e,2.58
80,80,a6f924d1df78d263f167271e78124f96c104f9fd81499e8024b72da4f8b4d05e,2.62
81,81,acf924d1db79d263e167271e78124fbe8b04f1fda1491e8024b72da4e0b4d25e,2.65
82,82,acf924d1df7992e3a1672f5e70124f360b0cf1fda1493e802cb72da4c0b4d25e,2.68
83,83,acf924d19b7892e3a3672f7e70124f160b0cf1f9a1493c906db76da481b492de,2.71
84,84,2cf924d19f7892c3a3672f7e70920f360b0ce1f9e1493c906db76da481b492de,2.75
85,85,2cf924d19f7892c3a36f6f5e70920f360b0ce1f9e1493c906db76d2481b492de,2.78
86,86,2cd924d19f7892c3c36f7f5ef0920f360f0ce1f9e1493c106db74d2481b492de,2.81
87,87,2cd924d1bf3892c2c36f7f5ef0920f360f0ce1f9e1493c106db74d2581e492de,2.84
88,88,2cd924d19f3892e2434f7f5ef0920f360f2ce1f9f1493c106db74d2581e492de,2.88
89,89,2cd925d19b30b6e2036f7f5ee0924f161f0ce1f9f1497c126db7492581a492de,2.91
90,90,6ce12d91bf30b6a203e77d5ea2929e161f0e83e9e1497c126db7492581a4b2fe,2.94
91,91,6ca16d91bd30b6a203ef7c5ea2829f161e0e83e9e9497c126db74b218ba4a2fe,2.97
92,92,4ca16db1b530b6a207ef785ca2c29e161e0c83e9f94974b26db74b210be5a2fe,3.01
93,93,4da16d91f430b1a217ef785c86c29e16180c23e9f94974b2edb75b210be5a2fe,3.04
94,94,41a16db1f431b1a21eef705c06c29e16904e07e9f049f4b2edb7db210b65a6fe,3.07
95,95,45a16db1f03027a21eeff05c4fc29e06906e27e9b049e0b2edb7db210b6526fe,3.11
96,96,85e16db1f01127a21eede05c4fc29e06907e2fe93059e0b2c9b7db211b6526fe,3.14
97,97,85e14db1e03127823eede0dc4fc29e06927e2fe93059e0b2c937db211b6526fe,3.17
98,98,0fe159b1a03137063eeca2dc4f421626b3fe7f893059e0b2d937da211b6526fc,3.2
99,99,0fe1d9b1e0b13f0636eca2dccb429626a3fe7f096019e0b2c937da219b6524fc,3.24
100,100,1fc1d931e0b13f2434aa06ddcb5a964e27feff09205961b2c9379a219b6524fc,3.27
101,101,3fc1d921c1b13f0434aa06fdca5e925e27feff09609961b2d9239a21ba6524fc,3.3
102,102,7fc1d121c1b13e0437ea06f8c25e925e27fefb09649941b2d922da25ba6d24fc,3.33
103,103,7fc1812189b17c14356e0ff8825e165e3ffef2096c9949b2c9229a25f64d64fc,3.37
104,104,fe0181e10bb1fc24656e8ff8025e16deffaa6209699149b691269a25f64d65fc,3.4
105,105,f40103e99b31f4346dee0ff802de37deff826009e981d9769226b225744d6dd8,3.43
106,106,d04303e9bb31f5146dce0fb812deafdefd036009e9a9d1769a22b025744d6dd8,3.47
107,107,d5430fe9bb21f5146dc81fb816dfeede75036809c9a191769a62b025644d6dd8,3.5
108,108,05513fe9fa25e574cdc81f9816dfeede75036889c98191749a62302564cd6fd8,3.53
109,109,0571bfe9fa24e4744dfa17f8b6dfee1675036889498199749a22102564cd6fd8,3.56
110,110,0771bfe8f224e5144cda17f9b6dffa167503688949a1d9749a22102564cd6fda,3.6
111,111,07f1bfe8f234e5944d9a1779b6dfd2027503688949a1d9749a22902564cd7fda,3.63
112,112,47f1bff8f234e5940d9a1779b2dfd20275036c894921d9749a22922564cd3fda,3.66
113,113,4ff1bf38f23465d40d9e177baadfd20275432c894da1c9749a22922524cd2fda,3.69
114,114,0ff0bf38f23660d40d9e577baadfd20235432c896da14974db229225e64d0fda,3.73
115,115,47f0bd38f23e60540dde577bfacffa0237432c8964a14934db22d205e64d0fca,3.76
116,116,47f0fd38fa2e60540cde577bfacfda02b7432e8924a16d34cb32c205e64d06ce,3.79
117,117,47f2fd38fa2e40542cde576bfb4fda029743368924a16d34e932e207e24d06ce,3.82
118,118,07fafd1cf82e505428de576a694ddb029743b6c926b16db4e932f207e24506ce,3.86
119,119,26ba7d1cb82e5056a8de326a694dcb83df4396c926b965b4f9b2fb03624502ce,3.89
120,120,26b85d1ca82e525688d626ea6d4d4b83df6392e916f965f4f9b27903724502ee,3.92
121,121,a2b9559ea90e523680d622ea256d69834f6392e992f935f43db27913fa45c0ee,3.96
122,122,a2bd569aed0dc2268056b2ea35692d874f23cb6992f916d43d923d13f945c0ee,3.99
123,123,b2bd169a5d1d6a26c056925e94ea2d856d23cb6982f956d41d923d13bd45e0ee,4.02
124,124,913dae9c559d6a2e44569a5696eaa5c565a3c969c2f946d41c921c13bf45e0ee,4.05
125,125,513daa9d159eab8d40464a5696eab7c565a3e161e27946d41e921e93bf4560ee,4.09
126,126,553d8a9d1d9eab8d68464a56d2eab7c5e5a3e161637946d00e921e933e45e0ae,4.12
127,127,55388abd9f9ea78d68864956daeab6c0f4a3b121e37906540e921f933e45e52e,4.15
128,128,552a8bbdde8cb51d20ae69565a6ab6c0f4a3b123e379a35c0e9a1f131e45e12e,4.18
129,129,653a4f395a8cb51524ae69565a72d64adca7b1a3e179a35c0f9a1f121e45b12e,4.22
130,130,677a4d78da88971524af6d56da56d64ad8a7f1a3817923dd0f903e121e15116e,4.25
131,131,2af26d78daa8969c658f6d1efa56d64ad8a391a301698be95f11be121e15116e,4.28
132,132,2af36d78db28169c648f6d3fea56dc4ad8a381a301618be9df11fc3a1c155166,4.32
133,133,26d76f704968169c668d6d2feb76da4ad8c201a705710be9df11f83afc150366,4.35
134,134,26d76e7009681638e69d6d2feb35ca5ed0c203a725610be9fa11f83af81f03e6,4.38
135,135,24d76e7009683638f69ded2fe935ca5ec0c203a745610fe9fa11f83af81b07e4,4.41
136,136,b4df2e7109605238f6bced0fe935ca5ec0ca03a765616fe9d811e81af01b0fd4,4.45
137,137,b4cf2e5309601b18f6bced8fed358a5640de03a777e13fe9d811c01ad01b1f54,4.48
138,138,94c936d72d60196872bcfcafed358a5600de03a777e3ffe9d8118012803b5f54,4.51
139,139,908936d7ad60196872b8f6ade5bda756005e03a777e37fe1d811803a80bb5f54,4.54
140,140,c88992df25630d687a1cf6bdf5bda556044e08877fa37fe1cd11c03a009b5f54,4.58
141,141,498792dfb743ad683a1cf27cf4bda5120c4e08877fa37fe1cd11803a009b7d74,4.61
142,142,4997d2df3753ad68b8dc7274f4bda512044e08c73fa37fa1cd11803a009b7f70,4.64
143,143,2d974add134bf5a0a85c7274f6bd0592056e08cf3f93ffa1cd11c03a00db7d38,4.67
144,144,ac976a511b4bf6a0ac7cbb50f2bd459a056a2ccf2f93bfa1ed01c03a005b7d98,4.71
145,145,b497ab41496b56a0f47cb950f23d449a072a244f3fd3bfa17581c03ae05b7f98,4.74
146,146,d4deb143296b5aa176749d10ba3502df13aa864e3dd39fa17581e01ae05b3f9c,4.77
147,147,56ded443a56b0aa17a74dc2af915a25f92aa866e95c39fb137c1e01ae05b169c,4.81
148,148,6ade5a4a552b28ad3af4542add15a25d828a832e97c38ff13ec5f01af01b16fc,4.84
149,149,afd47a5a552b24adab457e2add10815d028a832e964b1ff13ec5f01af01b5ef8,4.87
150,150,bfd6aa5a540b24adab557e224c98015d02ce8ba6d64b5fd13ec5b01bd01b5ef8,4.9
151,151,95f6aa52480a54a9b9d5fa266cb0415d02de8ba6d64bdfc13ed5b09bc03b5ad8,4.94
152,152,57b5ab56a84254abbdcdb9646cb04519034a0bb6566edfc17fc5209b003b7ad9,4.97
153,153,56bdd7f4a95202ab74edb965e822653001590bb60b6eff41ffc5229b003b6ac9,5
154,154,2ead56b5af54281a76abbd45a222603025790bfe0b2efe4bff4522db003b6ac9,5.03
155,155,a94f16ad1d44ad5276abd5cda06620b035792ffe0b3e7e4bfb0526d9003b6249,5.07
156,156,ad4f1aad5f24ed56aabbd58d816620b045796fde0b3e320bf9052ed101fb4849,5.1
157,157,ed5f32ed5f24f556aabb518d816620b355686ddaeb36000bc805eed107fb4149,5.13
158,158,751bb2cd5a24d556a25b518d956626f37529edc8e936000f4005fed13ffb0b49,5.16
159,159,651fb64d3a254502a2db1a8d37e627d345a9ed086936024f0007fed1fffb4b49,5.2
160,160,451f015fbae55536a6dafa9977242ed24da948084936126f0047c8d1fffb5b49,5.23
161,161,2cb3455fa2e55d26a4d2ead9752c66524921c969895672ed10d78895b6bbdb49,5.26
162,162,2ab35d5da2cd4d2625d2aad9412c6c5649619b699b56f6e996df9895249bd121,5.3
163,163,aaa0d519aacc4166fd3a2ad1512cec56db5393699356b6e8f4df3097249b9123,5.33
164,164,aaa465b19a5c4be6512aaed1d92dccd69a5333a9925626e8949f219764bbd523,5.36
165,165,cba564b19058ae4e41aea651dbad8c1e9b53b229365626f834df21b764bb5523,5.39
166,166,4b27e4b195189a4c49aea651fba198bc9f52b22936562ef8748d49b766ab5523,5.43
167,167,8a2fcfa534303bcc5d2e865bfa2111bc3c5632a964576cf06589c9b7ec2b5163,5.46
168,168,a26fde2565b0e2dc556e8e5b2881773ce0d6662b44d7c8b0c5999b37886b9562,5.49
169,169,2fda182f4da1a29c554eb8fa0883476caf96402bbdd798a08f19333738ebb746,5.52
170,170,6e9ab26f69218e90554ea8ead08717648e9650ebb95f1aa13f19736762eb2646,5.56
171,171,469a334f89275690515aaaa8550faa6538b6574bab1772a1f459e666c6cbccd6,5.59
172,172,d68a2b4d50a7a4d0eb4a5da9955faae055b6f54baa3785a104558cee1c8b59d6,5.62
173,173,249f535db5a7aa90565a81092a6f56a0b556aadb52aa7d413bd5788e712be316,5.66
174,174,7dbda25d55275012acda2ba954cdb5242b5452bb956ae955e295d1aac7538634,5.69
175,175,d1a84edd9d4fa2175db252a9ad5d6b6c5294b5aba94212d505a5275a2e533c74,5.72
176,176,252a9ad46b4d86b7b562a4ab4bddd66ca4a4497a52d6a4b52d294e5ad895f0e4,5.75
177,177,4d2eb694d35d3ca76b52dcabb69d6d4c4924965aa496492dda499cf221a703cc,5.79
178,178,196eeda0224dd0ae965225ab6db5d04db2246cd2c925b26986d979f64b2bff88,5.82
179,179,f36c1928cedd25ae64d6db2b9a3925d964a49952332d64d94d91d366926bec18,5.85
180,180,964c37298edd7d26ccd6376b26b14d99c9ac3346e66d999bdb35274424cb0811,5.88
181,181,3e4cf5291e9dd3260cd6666b6eb19b991bec6656cce93993b3356cc4c48b1011,5.92
182,182,3ac8c5293a9593663c96c44b9cb1b331376cc4d698e973336635fcc48d9b7071,5.95
183,183,fac8c529aad537667896cd4b98a133316e6c8c9618a9e7334e65f9c4199b7071,5.98
184,184,b8c8c529aed507666896894bb8a16731eeec9d9639a9e6330e65f9c41b9b6071,6.01
185,185,9ad8d52baed56766e096994b30a16731ceec199631a9c623ce65f1c43b3b6071,6.05
186,186,8ad95d2b2ec56766e096194b72e1e631ccec199671a9c6639c657384373be071,6.08
187,187,9ad97d2b2ec5c7668896394b66e1e6118cec119671abce639ced7384373b4051,6.11
188,188,9a4b7d212ecdc726b892396b66e1ee1d89ec319a612bce639cfd7384363b4041,6.15
189,189,3e4775a0cecdc3263893796bcea5ce5c19ec3312e3638e63bcfd7384063b4041,6.18
190,190,7b61c7acca5fc33239d3e56bceb58d7c338c7312c6e19c6338fd6384063b4040,6.21
191,191,c3688e9cf35f333239d3ce69ce95997c3386f312c6e19c6b31fc6384063b7040,6.24
192,192,c1388e9df1473ab239dbc629ce9591fc3386f21ac6e19c7b31dc7384063bf840,6.28
193,193,f1b88e87792312b070cbc62dcf9491ac3b86f21bc6e18c7b31d47386c73bfc40,6.31
194,194,f99c8e47192202f0704be72ddfdc98ac3b86621bc6e58c3b31d43386e71bfc44,6.34
195,195,9c878e4701b272d87469e7a598dc98a63bc3623bc6e58c3f39d43b82e38b1e64,6.37
196,196,ce83c36331b87a5d672dc3959c5c98a63bc3733bc665cc1d19d43982638b0e74,6.41
197,197,fa4331623ab83f4f67adcbd59c5a99a63b537379c625cc1d18d43182238b0674,6.44
198,198,3b73313a3a9d054de3a5ccd6dc4a93a7315b7339c6258c1d98f4b18a318bc674,6.47
199,199,133a1d9e00dde545e295cc569c6a93b3310b73b9c7159c1d98f4b98ab989e674,6.51
200,200,f58f048d626177256e97cc6a9aaa99b3390873f5c715cc4dccf019cab8a96634,6.54
201,201,65af2245376023a46e56c76ad8b389931d8871f5630dce6dcc701ccb8fb9233e,6.57
202,202,d6a1be501130f8946252672a48b3c9d19d8c39f56385666d6672cccbc7b9b33e,6.6
203,203,ffb1817035b62899275a67aa4c93c5c08ced39753385662d2672cec361b9b91e,6.64
204,204,e37c993e3e9fa04a37ea62286ed1e0ecce2d9955b387333c1232664321d95996,6.67
205,205,fd4e8497b6c3814a33aee2213ff1686ccf27ddd49987b33c9252366308d90c96,6.7
206,206,cd06c2837b40d16a3bbfb61105737c2567b7ccd0c9c39b1cd0523263ccddcec6,6.73
207,207,77a208d11f60c82a8fb5f011867f3325619764d0ccc1599cda6a9b6bfe4de6c6,6.77
208,208,3ea28850ffa8642ec6d57619c33798a5b0df26406ce54d9c696acb3f364d33c2,6.8
209,209,9e80685817bc360762d51b097bb3cea5985fb260346da5cc242be9bfb36db162,6.83
210,210,6e40245c83bc3e0702d58f0929bb4ed5585fd368966ff4cc942b65bf992d9863,6.86
211,211,af4cc04cc3e68207e1758d8920fb66554c4e5b78122752ccd62b34bfdd2fdc63,6.9
212,212,874c700e43e7fa077dfdc589903327456d2e69bc0a075a4c46891cff4da74e2b,6.93
213,213,576c00276af3df1715f5c0899033b3452dbe29bcca070a6442899edf6da74b3b,6.96
214,214,1f26a0376bd3091704f46201db11b3c7a4bf2db4eb07a8646b898edf21b72b3b,7
215,215,8707b85303d3491714fc7601cd3b9be7a6bfa494e103ad642bd9ca77a195292b,7.03
216,216,de03185361db6c0bb6fd3b894dff19c7921f94807103ad6439c94a77b095ad23,7.06
217,217,4f03a85badc97c5e9eed3b89441658e2d21edcc07d039dec39cb4a7794958581,7.09
218,218,cf03f879adc9763e8ae089892410c8e3da0edef01d93c5fc894f4b57d4d5d481,7.13
219,219,c703fc7da7e1763ecae08080a410e8e37a0e5ef157b346fca44f295752d5d681,7.16
220,220,7f011c6df1e07e3e48e0be80b632ede37b8f46f151fb427ca40ba91752555680,7.19
221,221,6731d46df1f03f3e6860dfc8b732adef2bdf02f941da523cb409a9035a515280,7.22
222,222,2314de64d1beb71e7d705f88141225ef899fa279e8defa2cf401fd03fa410a90,7.26
223,223,93044f6c489e972aa5f46bccda92d06fc00f3039ac4e2b1c5fe157c3af61abf0,7.29
224,224,f984a67e688e41ba94b4a1cceb9b7a277c8f5d1d1446819402e143eba579bd78,7.32
225,225,1986a23facc669be5634b4602d1b1a272e87cf8dd726e1c4e07140e3d4bd9d7c,7.36
226,226,5c96730faee6aa9e4a34946025938b2787c7eb8d72a2f4d4f031a87154bd157c,7.39
227,227,2d8713cfc6f2a89c6b74d269a583cbf713cd298d3ab25cc43c11ac315abe451c,7.42
228,228,a98779ef563c845d2b347a69b0c329f7d36e84c58b320e6c1f110611eb9ee70c,7.45
229,229,848f8b7d765c555ead302a69d4d3243fca6ef6d4c112836dc7914301a99e3b8e,7.49
230,230,552d893cbbac5c9a95302d695e57348f296672d8719a33dd23d1b98115ce98ae,7.52
231,231,54add9d88bec669ad5a0256b2a57b68709761ad83d8a195518d1fdc5c4c7c666,7.55
232,232,64bd6dd883612a98d7a185638b57deb685368e489ceedc55c4416fe566476226,7.58
233,233,b69c6d7853312ad873a1d5030d57debee42cce680ee6ec4d666023e532673326,7.62
234,234,9ee8adb05b1903d078a1550325567ede742ce36886d7fe0db27081f59b639936,7.65
235,235,0778adb059d9b5d43aa17403a15e2a5e76acf168c2575f0dd034c077c963dd96,7.68
236,236,54b9bc90edc996f03aa3720ba16e2b6c3aacf169f357478d483044334df34dd2,7.71
237,237,56b89dd1bd63d2918b83780af12e8b3c1abc3939635767856c10743365f366d2,7.75
238,238,5ef295d3d923ca938d8b792ed12e8bd40abc3d3971d7a7842e10361324f326d2,7.78
239,239,cbf25563e926c9939d8b3826d5bc81dc8abc1ca931d3b384b618361bb6f33252,7.81
240,240,8fc25487ad06ec8f9da73836d4bcc1d88ab91ca9b1c3b3c4971a9a1b92f3925a,7.85
241,241,e6c25c87ad8cc4cc8ca6b81670bcc5d88a199eab9943d3c4971a9b1bd27b935b,7.88
242,242,c7425e87fd8cc2ccdcb6181670bce1d88e119e2b19435bc0170a8b1bfa7bd96b,7.91
243,243,ce260e84d5dcc0dc583e395e70b8c5e88f110e2b59637bc8070aab19f97bd96b,7.94
244,244,c6264c94dd5ce879493a395c78a9c5e88f410f2b19636bc8870aab19f97bc96b,7.98
245,245,e624ac9c7d5ce9794d39191878a9e5e0cf410f2b196b2988878ab519f83bcd6b,8.01
246,246,dc142c9c7968e9790d391d1832a1c5e0cf418d2b196bb98c978af51d783bed6b,8.04
247,247,98149c995969a9390d93155072e1c7e2cf438dab19eab99c938ad517787b6c6b,8.07
248,248,9c911ca95169a3b31713175462e1c7628f030dab39e6b39e939ad417787bec6a,8.11
249,249,1c8f0fa94363a793170633c662e4c7228f0718ab39e6b29cd39af41778736c6e,8.14
250,250,3e8d23a96343261757067244e2e4cd0a8d0f38ab39dcb29cd39a7255787bec6e,8.17
251,251,22dd6368e7522e36554ee0eccca98d1b881d39fa71d4d29cd61ad055e0736c6e,8.21
252,252,68edc16aac525c3ed14ca8ed8cab1d1b389971faf3d4d298d63ac07560632c6e,8.24
253,253,4d698d6a2816d19c91cc8aa91d1b391f739d7392c694d610d63bc4f5e1636d6e,8.27
254,254,0f63ae127094b5dca2851aa135137215e3b5c7d68614de329c73cce74de3696e,8.3
255,255,1632b29650b497cc2aa57633f412e2b5c7a2c7568e349c3a9c63c9e749eb694e,8.34
256,256,e2b6f29c57acaec94aa1f43be45acaa587a28e569c341c7ab84b09c529eb294e,8.37
257,257,e294d39d9f4dae81dc23e57b8e560ea51d463c5438f0786a39cd4bc5494a694e,8.4
258,258,079c978dba4958a3517329521ed43e8d3d4678d4f0f8e1cb63cd5b074b4a4b4e,8.43
259,259,779db849784350e311732b527e8cf50cf146e0d4c1eac3dbcb0ddf0f4b0a4b4c,8.47
260,260,aa9de04950c25577ab52ead2f40ce10ce3d683b007eb0f5bde0dde0fda0a5a5c,8.5
261,261,aa8942cb55d7ad77ead2d29ac50d010e0b960fa81f6b1e5f9e1d980f9a5a9a58,8.53
262,262,42c957cb9557ab43fa925518050d0b4e0f943fa87f4bfe17b01d907f925a92d8,8.56
263,263,55cb9747af56aa425292151c0d5d2e1e7e847d2afc43f017b03d907f925ab2d8,8.6
264,264,954baf462a265a0254122d5c6b5dfa8efca4f90bf053a0f580fd80ff92dab2d8,8.63
265,265,ab4baa064a6650fab57ce95deafdfaaef420c143805320f500f902ff06dab6d8,8.66
266,266,aa4a48665076d5faad7ceb7ddaacd4ae4120014300d724f527f937fb36d226c8,8.7
267,267,42665576d57ab5f8a97c4aed52aa052e0120015326d72ff52ff937da36d236c0,8.73
268,268,55665574a5f8a9b82a6c5aa914ae0526056303532ef52ff9bfe937d8b6d23680,8.76
269,269,15f4a5f4aeb82b284aac56a9152e05362f53bad3eeb57fa1fec976d824903480,8.79
270,270,b9b4aab82ab85a28528d958da546ad57ea53fad3eea5ffa1f6c974d024906401,8.83
271,271,adb46ab85b18534cd5ddb517ad56ab57fad3e6936ca07ca9f4ca249024946411,8.86
272,272,6d595c19555dd744b515ad57ab56ead3f29366b37da8644b24da249664946411,8.89
273,273,5f595519974db5c5ad3729666a77daa3569364ab5528644b64da24966cb424d1,8.92
274,274,ded9928fa747afaf29236b625af35683549b75aa5568644b24da249665a424d1,8.96
275,275,92cbaae7afc768a34aa35ae252b3548b55bb75287548645b25d26d966da424d1,8.99
276,276,a4e66ae76d8758b35253d6d09491b59b2d39ed68a1482cdaadd4edb42b242699,9.02
277,277,65664de755b3d3f39452b490a591ad19a97cab48aa5caed2ae94aab42aa42e99,9.05
278,278,4566dd9595b39473b5d0a5b12d9969596b5c2a4cead56e92aa94aaa42aac6a99,9.09
279,279,cc75adb1b5faa4502d9c6db949594b585a4c52cc52977c96cab452ac76ac468b,9.12
280,280,aa99ab312fd86c5c690c4b0d5b5cd25c52ccd6dc5497d5b69ba4572c542c54ab,9.15
281,281,22996b1a6ec8489c4b0cdb0d925e92c496ccb49cb5b795b6b9a4356cb46fd58b,9.19
282,282,73996a0a5ecc580cdbad920f92deb6c4b4cca496a5b7a926a92ca56c254badab,9.22
283,283,72a3d64a948c928c92abb6c726d6248c6d9c6db7a927a9266b6c6d4c29cba93b,9.25
284,284,c62394ceb18db6ad26ab24d76c966dae49944927ab265b6e426d484ccacb497b,9.28
285,285,85432d9e238d64ed646b6ce74d8249ae99149b275b66526e824ddacc52cbd373,9.32
286,286,0a4e499c4b2dcd4dcd4b99a69906930eb335b267566e864ea6c992d8b59b9673,9.35
287,287,528ed71cce69894d914e33ae3346374c667566eee4ce6cca4c996598ad126663,9.38
288,288,d64e973c96c93bcd334632ae6656665c46e5cccacccecc9add99619109126c63,9.41
289,289,854e2e7514c972cd6746662ec654ccdccce58cca999e999ab919cb315b32c867,9.45
290,290,0d5a6e753589c38dcf46cd2e8cd498d8998d998a319eb31a2339bb31d2729367,9.48
291,291,5358d8b5e58b878e8b169d6e189539b8318d339a631c673246736671a6e636c7,9.51
292,292,f6d880a1eb1b262e1a16394a31b573b8630de71ec73cc672ce73cc610ce6ecc6,9.55
293,293,a4b136a9525a6c3e7436e348e335c732c61dce368e789c62bce318e5d9c6858e,9.58
294,294,49f1eca9965ac93ee57686d88f650f321c3d1c76386838e270c371c5b18e359e,9.61
295,295,9b61ed8b64f2917e89642ed81e653c6238b978f670e8f1c2c183e385630eaf1e,9.64
296,296,a261190ba9b2077e1b6c5d90fccd7042f1f1e1f6e1c1c3828787878dcf0eea3e,9.68
297,297,ce83735b0ba2cdd4feecf510a0a9e0c6c3ebc7e607c30f8a1f071e0f1c1c8a3c,9.71
298,298,118baa535766bbd4d48ca75542a905d60eea1f442f133c0ebc07fc1f707c38fc,9.74
299,299,a10b5ed2be44729415582a2555692f967eaabd44fe2af01ef00fd03bc07cf1f8,9.77
300,300,475bf5b22a4c5734a9585ce5bd5bfaaed50af804702ac05ec0bf017b02f8c7e8,9.81
301,301,ce53e3a650ccbd346a58d5edeb5b542cad52c08c417a007501ff03fb57f01fc8,9.84
302,302,96974506b4dc287056d4ad4f4293b52c285304ac05560af51ffe5ff1ffe07fc0,9.87
303,303,14071156a0d4587095d42b4b96b5a16c1297052c07565efd5ffebfd1ffc07f40,9.9
304,304,0c4e015448f4d0f0a54c5b4384b5215d1293056c0bd657fd7ffebfd1bfc0ff10,9.94
305,305,984b01d450e4b4f0294d5213853d025d04930d7c0ed6f5fcfffeafd5bfc0f510,9.97
306,306,804341b4d0e42dd06b4d96b3a57d02d705b10b5cbed6b5ecbfdcefc5bf00ac10,10
307,307,82f6d1ac94762dc05a4db4b1297d02d72d390b5caeb5bdecbfd4ea85ba80aa10,10
308,308,01b6d12eb5722b40d2d1a5b92b6d02970d380ad6aeb5bfecaff66be5aa80aa90,10.1
309,309,65be502e85722944d2d3b5b96a4d029301280ad626b5bffcaff6ebe5afc0aa90,10.1
310,310,749f552f8572694652d3b539684d9293a128025602b50f7d2bffabf5abf0aa90,10.1
311,311,3c8d5f0ff472ad4e5a52d5bdf96ff293a008a05600b5012d02ff2bf52bf0aad0,10.2
312,312,3e8d5a0ff41a2d4e5e52d5bcfd6ffe93f408e0520015002f02ff2af52af8aad0,10.2
313,313,2e8d5a0bf41aa94e5e52f5bcfd6ffe53f408e0528015002f02ff2af52af82af0,10.2
314,314,6ead5a1bb47aa95ede92b52cf953f093f008e052803d012f02ff2af57af84ab0,10.3
315,315,4badd29ba47a7b5ad690b52cfb53f493e908e012802d012f02ff4afd5af85ab0,10.3
316,316,4badd69ba46c5a5ad690bd2cfb53fc93f908e812802d802e40ff4afd5af852b0,10.3
317,317,5badd6bb286e5a5297b0bd6cfa53fc99e908e012802de02e40ff42fd52f852b0,10.4
318,318,538b54b3282e529295acaf6efad3fc99e808f012e02de07e40ff52fd52f852a8,10.4
319,319,57b324a7082e569295ac6b4efed3fd09e812f013e029c05e40ff50fd56f8d6a8,10.4
320,320,97b3252f1a2e95a6a52c5b46fed3fd09e812c013a029c05e40ff54fdd4f8d5a8,10.5
321,321,97b36d2f120695a4252c5ec7feb3fd48fa12f003e008c05e40ff94fd94f8d5a8,10.5
322,322,ad33586f9687252c2f4cfef7fdb3fb48d2164007000a005e80ff95e9b5f8a5a8,10.5
323,323,d971d2cfb4876d2d7b48b686fda3fa58d0160027004a02de85ffa5e9a5f8a568,10.6
324,324,d3b3d2cfb4a7693d5a58f4e6ed23f25880160027005a02fe05ffadeb2df82968,10.6
325,325,98a396d924a7c92fda58fccee926f25884060027005e06fe0dff6feb69f84b68,10.6
326,326,da2396d125a7db6df6586cdec926e2580416002780df24be0ffe4beb4b784b68,10.7
327,327,d22036b06da79b6db6d868fcdb4e00190036012f24de25be7ffe5bcb5b605b48,10.7
328,328,9a2025b06da79b6db6d86cfed966c0590026002720de25be5ffe5beb5b685b48,10.7
329,329,9b3094d8a5a74b2d92587caef927fa5ce4060027801e04be05ff6bfb4bfa4b68,10.8
330,330,4934d2ce94a7690d0a4e34a63defff4cf696f407d00a801e00ff21fb2dfaa968,10.8
331,331,08545af7d6b7ad0d030e16b605af1f6e1e96fe057802f01e903f803fa5faa5e8,10.8
332,332,89742a7352d7b5ade90ec293c0af817e0bd61fb13f023f025817d42fd43e94b8,10.9
333,333,a137a85342df55affd067a13f0a7e14e83d383f007e20f023e035e0d563e56bc,10.9
334,334,f53ba9532aaf56a73d1b390378a6f04ae153e1f2c3e287c28f810e8d5a0e4abc,10.9
335,335,753bad47aae500b61dcb2c843e867c6a715bf0f8f1e2c3cbcb818b85aa0eaa1c,11
336,336,152b9547aa77caeec5ca8f548e821c2a1c7a387c38e271e3e1c1e3c5ab8eab1c,11
337,337,c7ab5507b857e2efe4e9c7d48fc3862b1c3a1c3c1c7238e171c171c5a1c68d1c,11
338,338,e0ab55a74d17321772ab73d6e3c3e38bc62b8e1e8e328ceb386130e5d1c64546,11
339,339,a8ab72ab451713173aaf315771d3738b638bc71fce328e2b5c611c6154c645c6,11.1
340,340,b809b8a9459785179e2f1a17315671c3738b638f671aa63b5e713c6154e655c6,11.1
341,341,af1ca2e8d0a8c5178e2f1e0d115431d7738b638fe31e663b76713c6174e65546,11.1
342,342,9f54aa28f4e8c5148f161e2d1d5531d67382730fe71e463a6671746175e67546,11.2
343,343,bf54aa3455e8c5488bb41c283d1539e473a2734fe71ec73a467374616566e546,11.2
344,344,a953ba3654eac5488ba41c2a1c1d3ab571a6e35fe71ec73a4673e461e166a346,11.2
345,345,81533ab752b2e148cba01f2a1c1938b531a4e3d5e71d473e573ae671e366ab46,11.3
346,346,855b2a1772b7a15bc3a1970a1c1838bd31a4a3c5e31d473ed73ae671e366ab06,11.3
347,347,855b2b175ab7e1dbc3c1978a1c5a383d38a0a1c1e31d473e973ae671e366aa06,11.3
348,348,85590b5d56a7e91beb81c7a29d5a183938a821c1a39d473e973ae771e367aa06,11.4
349,349,85590b5d14a7e91bebd1c7828d5a1c3918a839c1e39d473e973ae371e367aa06,11.4
350,350,a9581bd93427e89bc3a387821d5b183931e873d1439d073e8772a661ebe7ea86,11.4
351,351,8b581addb52fe89bc3a78f821853383931687391439d073ea6728761cae7caae,11.5
352,352,0b58179dbd2fea93c3a58f021a5338393168739147bd073ea6728761cae7ca8e,11.5
353,353,5b5c1690a96df0be97a50f063a53383971687391473d0e3cae728f6146e74aae,11.5
354,354,1bccb690e94dc0fe87b51f0f3e92303b71686381173d3e3c2c728e6306a756ae,11.6
355,355,13c834b0690dc35c85b41f0d3e167133e3fae78267217e7c38762e631ea716ae,11.6
356,356,13ca34b26911c2dc05b41f0d3c166133e3fae782e721fc7978762e633e2794ae,11.6
357,357,934b34a27931d2d803b41f2d3c166137e3f2c782e721ec79e8747a633c27b42e,11.7
358,358,934b34827923d2d903b41f2d3c1e7137e3f2c792e721e479e0746a633c23bc2e,11.7
359,359,934b24de7922d25903f41f293c1c7137c3f2c792e721e479e0f46a633c23bc2e,11.7
360,360,937527de7922d05903f81f683c1c7135c3f2c792c721e479e0f46a637c23ac2e,11.8
361,361,92492fdaf962b0d907f01f683c1c7135c3f2c792cf21e479e0f442e37c632c2e,11.8
362,362,92592fd8f962b0d907d01f683c1c7135c3f2c790cf21e479c2f452e37c632c6e,11.8
363,363,12d92fd8f962b0db07d01f687c1c7135c3f2c790ce23c479c2f452e378632c6e,11.9
364,364,16d96f98f362209b17903f487c1ce37d87f28f108e238c79c2f0d2e3f86b686a,11.9
365,365,36d9ff98f34220933f907e48e018e37d87d28f108e6b8879c7f0d2e3f04b686a,11.9
366,366,36d96f98f342209317903fc87c18e37d87d08f908e6b8c79c6f0d2e3f84b686a,12
367,367,92592f98fb46b0d307903fc87d98f13dc3d28790ce03ce79c2f0d2e37843686e,12
368,368,924f2f99fb06b0d305923fc27e98f03cc3da87928e028e79c6f0d6e3f843686a,12
369,369,9167269dff86f14781921fc23f98711ce3db87928e028e7986f0d6e3f043686a,12.1
370,370,9166369ddd86f14781931fc23f9a711ce3df87928e068e5986f0d6e2d0c3686a,12.1
371,371,9926069d5d8ef147819317c23f9a791cf3df07928f068e1986f0d6f2f843686a,12.1
372,372,d926068d4d8ef947c19717c63f8a791c71df07928f068e1b86f0d6f2d843686a,12.2
373,373,d926922d4dbcf966e19783c73f8a791c716f079207068e1b86f0d6f0d0c3786a,12.2
374,374,d926922d4d9cf967e19783c73f8a791c716f079207068e1b86f0d6f0d0c3786a,12.2
375,375,d92692054d9ef967e09783c71fca3d1c706f839207068e1bc6f4c2f2dac3786a,12.3
376,376,4d26d2256d9e1967fc97c1f78fca3d84382f43d287868709c274d2f25a436c6a,12.3
377,377,6da6db25e58f0d26fc87e8f787ca1d84180750dac386e709f23472725a632d2e,12.3
378,378,25b65b25e78d0d267c87f897c1e38d861d2750dec386c701f33c72724a632d2e,12.4
379,379,24be6d25f69da5261c077c17e1e387869d2798dec1c6c381f31472726a632d2e,12.4
380,380,24be6d25f20da5a61c077c97e1e386c68d0798ded1c6c381f31c7a726a632d2e,12.4
381,381,907e2d35f20da5a60d277c97e0e3c6c68d8698ded1c6c381f31c7a726a632d2a,12.5
382,382,907e2d317a0da5a607273e977073c6c48fa6dc5ed0d6c181719c7a722b732d2a,12.5
383,383,907e2d301a0db5b485273e977077e6c6cfa6cc5ed8d6c181719c78722b72a52a,12.5
384,384,d05c05b00a4db4b485271e973c37f6e6c7a7cc5ed8d6f1c1719c78322b72a52a,12.6
385,385,d81e05b0080cb4b4c5271e973c3772e6c7a7ce5efcd6f1c1799c38322b72a52a,12.6
386,386,d01e85b00a0cb4b4c5a716973c3376e6e7a7ce5efcd671c1799c38322972a52a,12.6
387,387,d00e25b11a0cb4b4872716973c3372e6e7a7ce5efcd671c1799c38322b72a52a,12.7
388,388,903e0db1180cb4b6870716973c73e6e6c7a7ce5ef8d671c1799c38322b72a52a,12.7
389,389,903e0d31180cb5b687073e97387be6c6c7a7ce5ef8c671c1799c38322b72a52a,12.7
390,390,903e0d31181ca5b687073e97787be6c6c7a7ce5ef8c671c1799c38302b72a52a,12.7
391,391,903e0d391a0ca5a487073c97787be6c6c7a7cc5ef8c6f1c1719c78722b72a52a,12.8
392,392,90d80d381a19a13c852d3c17787be6cccfa5cc5ef8d6f1c1719c78706b72ad2a,12.8
393,393,b2d809385ad9e1bc852c3c1f787be4cc8fa5cc5ed8d6c1c1f19c78706a722d2a,12.8
394,394,b2d80dfa5a19f1b883283e1d7839e4f88fa58c7dd8d6c1c1f19c78f04a722d2a,12.9
395,395,f6d9a4f21a59f2d883781e19783962f98fa58c3dd8d6c1c1f19c78b04a722d2a,12.9
396,396,f6c3a4f21a53f2d983f81699783962f927a10c39dcdec1c1e59c70b05af24d2a,12.9
397,397,f365a4c60ee3f2d1c3f80699383172f967a10e39dcdcc1c1e598f0b05af24f2a,13
398,398,da65a4c70f6372d3c2e086d93a31727927a10e39dcfec1c1e598f0b45af04f2a,13
399,399,5b27a4c7896736d3e2e186c93a31727927a10e394cfec1c3e59cf0b45ad04f2a,13
400,400,5b25a4c78d6736d3e2e382c91a11727967a10e294cffc1c3e59df0bc5ad04b2a,13.1
401,401,5b25a0c7816736d3f0e382c91a13727967a10e294cffe1c3f59d70fc5af0492a,13.1
402,402,4b25a0c7856736d3f06382c91a13327b23b106294cffe1c3f5dd78fc5af0692a,13.1
403,403,5925a047856716d3f06382c91a17307b23b10629ccffe1cbf5dd78fc5af0692a,13.2
404,404,4b25b007c56716c3f073c2c91a13307b23a18629ccffe1cbf5dd78fc5ad0692a,13.2
405,405,1b25a087c16736c3f07382c91a13327b23a18629ccffe1cbf5dd78fc5ad0692a,13.2
406,406,1b05a0c7c06736d3f06382c91a13327b23a10629ccffe1cbf5dd78fc5af06b2a,13.3
407,407,1b05a0e7816736d3f06382c91a13327b23a10639ccffe1cbf5dd78fc5ad0692a,13.3
408,408,0305a0e7836736d3f06b82d91a13307923218639ecffe1cbf5dd78fc5ad0692a,13.3
409,409,0205a0e7836736d3f06b82d91a33307923218639ecffe1cbf5dd78fc5ad0692a,13.4
410,410,0205a0e7876336d3f0e986d91a33305923218639ccffe1cbf5dd78fc5ad06b2a,13.4
411,411,1205a1e7866332d3f2e986c91a33305927218e39ccffe1cbf59c78fc5ad06b2a,13.4
412,412,1205a167866332d3f2e986c91a33707927210e39ccffe1cbf59c78fc5af04b2a,13.5
413,413,1205a167964372d3f2e986c91a33707927210e394cffe1cbf59c78fc5af04b2a,13.5
414,414,1205a167964336d3f2e986c91a33707927210e394cffe1cbf59c78fc5af04b2a,13.5
415,415,1205a167866336d3f2e986c91a33705927210e39ccffe1cbf59c78fc5af04b2a,13.6
416,416,0205a167876736d3f0eb86c91a33305923210639ccffe1cbf5dd78fc5ad06b2a,13.6
417,417,1305e067806736d3f26b86c91a13325b23210639ccffe1cbf5dd78fc5ad06b2a,13.6
418,418,1b05a006856736c7f26382c91b07327b23a10629ccffe1cbf5dd78fc5af06b2a,13.7
419,419,5b05a006c16716c7f06382ca9b07325b23218629cc7fe1ebf5dd78fc5af16b2a,13.7
420,420,5b05a006c12716c7f06782ca9b07325b33610629cc7fe1ebf5cd78fc5af16b2a,13.7
421,421,5b05a004c12716c7f067c2ca9b07325b33610629cc7fe1ebf5cd78fc5af16b2a,13.8
422,422,5b05a004c12716c7f067c2ca9b07325b33218629cc7fe1ebf5cd78fc5af16b2a,13.8
423,423,5b05a006c12716c7f063c2ca9b07325b33218629cc7fe1ebf5cd78fc5af16b2a,13.8
424,424,5b05a006c12716c7f063c2ca9b07325b33218629cc7fe1ebf5dd78fc5af06b2a,13.9
425,425,5b05a006c12716c7f863d2ca9b07325b33218629cc7fe0ebf5dd78fc5af0692a,13.9
426,426,1b05b406c52716c7f863d2ca9b07325b33218629cc7fe0ebf5dd78dc5ad0692a,13.9
427,427,5b05b006c52716c7f863d2ca9b07325b33218629cc7fe0ebf5dd78dc5ad0692a,14
428,428,5b05b006c12716c7f863d2ca9b073a5b332186298e7fe0ebf5dd78dc5ad0692a,14
429,429,4b05b006c12716c7f863f2ca9b073a5b332186298e7fe0ebf5cd78dc7a51692a,14
430,430,4b05b004c12716c77863f2ce9b073a5b332187298e7fe0ebf5cd78dc7a51692a,14.1
431,431,4b04b004c12716477863f2cadb073a5b336187298e7fe0ebf5cd78dc7a59692a,14.1
432,432,4b04b404c12616477867f2cedf073a5b336183298e5fe0ebf5cd78dc7a59292a,14.1
433,433,4b04b404c52616477867f2cedf073a5b316183298e5fe0ebf5cd78dc7a59292a,14.2
434,434,4b043404e52616477967f3cedf071a5b31618329ce1fe0ebf4cd78dc7a59292a,14.2
435,435,4b043c04e52616477967f3cecf071a5b316183298e1fe0ebf4cd3cdc7a59a92a,14.2
436,436,4b043c84e52616477866f3cecf071a5bb16183298e1fe0ebf4cd3cdc7a59a92a,14.3
437,437,4f043c84e52606c37862f3eacf071a5bb16183298e1fe0ebf4cd3cdc7a59ad2a,14.3
438,438,4f043d84e52606c27962f3eacf871a5bb16183298e1fe0eb74cd1cdc7a59ad2a,14.3
439,439,4f893f84e52606823866faeecf871a5bb94183298e1fe06b34cd1cdc7a59ad2a,14.4
440,440,4fad3f8ce526060208267a6ecfc7db5bb9418329861f606b74cd1cdc7a59ad2a,14.4
441,441,4fbdffcce52607820c267a62cf875b7b99418329861f606354cd1cdc3a59ad2a,14.4
442,442,6fb8dfcce5a687860d266362cf865f7b9941c329861d606354cd1c5c3a59ad2a,14.4
443,443,efb8dfcce5a687860d266162c7865f7b9941d329861d606354cd1c5c3a59ad2a,14.5
444,444,efb8dfcce5a687860d266162c7c65f7b9941d329861d606314cd1c5c3a59ad2a,14.5
445,445,efb8dfcce5a687860d266166c7c65f7b9941d329861d606314cd1c5c1a59ad2a,14.5
446,446,efb8dfcce5a687860d266066cfc65f5b99c0d329861d606354cd1c5c1a59ad2a,14.6
447,447,efb8dfcce5a687860d266066c7c65f5b99c1d329861d686314cd1c5c1a59ad2a,14.6
448,448,efbddfcce5a687860d226062c7865f7b9961f329861d606314cd1c5c2a59ad2a,14.6
449,449,efbdffcce5a6c7820d22606247c64f5b9960f329c61d606314cd1e5c2a59ad2a,14.7
450,450,efbddfcce5a6c7860d26606245c64f5b99c0f329c61d626314cd1e5c0a59ad2a,14.7
451,451,efbdcfcce5a6c7860c06606265c64f5b99e2db29c70d626314cd1e5c0a59ad2a,14.7
452,452,efbdcfcce5a6c7860d06206665c64f5b99e2db29c30d626314cd1e5c0a59ad2a,14.8
453,453,efbdcfccf5a6c7860c06206665c64f5b99e2db29c30d226314ed1e5c0a59ad2a,14.8
454,454,efbdcfccf5a6c3c60c26206265c64f5b99e2db29c30d226314ed1e5c0a59ad2a,14.8
455,455,efbdcfccf5a6c3c60c26206265c64f5b99e2db29c30d226314ed1e5c0a59ad2a,14.9
456,456,effdcfcce5a6c3860c26206665c64f5b99e2db29c30f226314cd1e5c0a59ad2a,14.9
457,457,ef9defcce5a6c3860d26206265e64f5b99e0d329c71f226314cd1e5c0a59ad2a,14.9
458,458,ef99bf8ce5a6c7820922606647e6cf5b99e1f329c61f606114cd1e5c2a59ad2a,15
459,459,cf99bf8ce5a68782092262e6cfa6df5b99e1d329861d606314cd1c5c3a59ad2a,15
460,460,cf99bd8ce5268786092262e6cfa7df5b99e1d329861f606314cd1c5c1a59ad2a,15
461,461,cf993dace5260686092262e6cfe7db5b99e1d329861f606b14cd1c5c5a59ad2a,15.1
462,462,cf993d8ced260786092662c6cfe79b5b19e1d329c61f606b34cd1c5c5a59a92a,15.1
463,463,cf993f8ced268786092662e6cfa7db5b19c1d309c61f606334cd1c5c5a59a92a,15.1
464,464,cfddbf8ceda68786092660e6cfa65b5b99c0d309c61f606314cd1c5c5a59a92a,15.2
465,465,cbddbfcce5a68786092660e6cfa65b5b99e0d309c61f626314cd1c5c1a59a92a,15.2
466,466,cbddbfcce5a68786092660e6c7c65f5b99e0d329c61f426314cd1c5c1a59a92a,15.2
467,467,cbddafcce5a68786092660e6c7c65f5b99e2d329c61f426314cd1c5c1a59a92a,15.3
468,468,cbd9bfcceda68786092660e6cf865f5b99c2d309c61f426314cd1c5c5a59a92a,15.3
469,469,cbd9bfdcedac8786092660c6cfc6df5b99c2d309461f406314cd1c5c5a592b2a,15.3
470,470,cbf99fdced2c8786092660e6c7c6df5b19c2d329861f406314cd1cdc5a592b2a,15.4
471,471,cbf91fdced2c8586092660e6c7c6df4b19c293218e0f4263b4cd1cdd5a596b2a,15.4
472,472,cfbb1fdded2c85860d2660e6c7c6df4319c29321860f4263b4cd1cdc5a596b2a,15.4
473,473,cf3b1fdded2c87860d2660e6c7c6db4719c29321860f4263b4cd1cdc5a596b2a,15.5
474,474,cffb9fd9ed2c8786050660e6c7c6db4619c29321860f4263b1cd1cdd5a596b2a,15.5
475,475,cbfbdfd9ed3c878605866066c7c6db4619c29321060f4263b1cd1cdd5a596b2a,15.5
476,476,cbfbdfd96d3cc58605866066c7c6cf4619c29321860f4263b1cd1cdd5a596b2a,15.6
477,477,cffbdfd96d3cc58605866064c7c6cf6619c29321860f4263f0cd1cdd5a59692a,15.6
478,478,e3fbdfd92d3cc58705862864e7c6cf6618c29b21860f4263f0cd1cdd5a59692a,15.6
479,479,e2fadfd92d3cc50705862964e7c6cf661ac29321060f4267f1cd1cdd5a596b2a,15.7
480,480,e6fa9f993d3c852705876924c7c6cf0618c23301160fce67e1cf38dd5ad94a6a,15.7
481,481,e6fa1e1b3c3d01270d877924cdc6df26b8823303160b9e67e1cfb89d52f14a6a,15.7
482,482,e4f61e13383909370d977966cdc49f06b0823302162b9e67c3cff89df0f14a7a,15.8
483,483,e4961e33783949271d97796dcd849f06b0827302162b9c67c3cff09cf0f1ca7a,15.8
484,484,64861633783949673d97f96ccd849f06b0866302363b9c6783cff1bcb0f1c27a,15.8
485,485,64963e237931cb773d17d96d8d849e0630866302363b3c6783cde1bcb4f182fa,15.9
486,486,649e3c23f071db777d17d96c898c1a263086e202347b3ce703c9e1bca5f18afa,15.9
487,487,649efc23f051da657d1fd06c998c3826609ec642247b3ce70fc941bca5f1aaea,15.9
488,488,4c9efc63e011d267780dd26d9b0c382e60bec646247f38ef0f8941bca5f1aaea,16
489,489,4d9e7cc3e011c2777837d26d930c382660fec646647f38ee1f8945bc25f1a2aa,16
490,490,4d1e5cc6e093c2777827d06d920c382e603ec7466c7f78ee1fc9459d25f1a2aa,16
491,491,0d3e0cc6f893c2777c27f06d924c1926303ec3c6267f3cee1fc9459ca1f1a2aa,16.1
492,492,0d9e0cce7dd2e2767c27f829d06c9906303ee3c6267e3c6e07c9559da1f182aa,16.1
493,493,0d7e04ce4fd2f076ed33f821f8658907983e71c6263e2c6e06c9559da1f1a2ea,16.1
494,494,3d7e84de0ed260d6e7337821f865c907983e71c6263e0e7e82c1559da1f1a2ea,16.1
495,495,3f7a8e9e02d261dee7337821f865c907981ef1c6223e0e2e82c355cda1f1b2ea,16.2
496,496,3f7a1e1c02d361dee7b77c23f861c907981ef0c6223e0e3e02c355cda1f1a2ea,16.2
497,497,17723e1c12d12ddec7bfcce37a61c901981bf8c6223e0e3e12c345cda9f1a2ea,16.2
498,498,037a3e3c92813f96c7feccc3727de9219a1bb0c2e2260e7e16c381cd2bb144fa,16.3
499,499,c17a5e7cb2013f914f9ecfc372fde1219a1b9002f2460e7e16438bcd2ba145fa,16.3
500,500,c30a487cf26838117f1ccf8b3efde06dda199000f142447eb66babcd4ba155fa,16.3
501,501,bb834d46e06c30503b1ccf891ecd68edcf399808f082c41eb66fabcd4ba955fa,16.4
502,502,3f934d83cda6e020383c4d000f856cedef3ddc19f080f11eb66fa24d8ba955fa,16.4
503,503,329909f3cde7f4e3b0163d3887800ce46b2dcf19f8e0f916360eb24d8ba954fa,16.4
504,504,920d19d9c5f3f4e3f6023d3ec5d284e4212de78ddcf8790616069a0dabad54ba,16.5
505,505,3a0c9b19c1fbf4f3f2439d1a7dd2c6e40127238d4ef87d8617069b05aba542ba,16.5
506,506,3b0c9b0d418ce0f17a639f1a1c9ae6f2a1e7218d4ef83d9e5706d705a9a562ba,16.5
507,507,3a249b0d490c40f93a63df3a1e9af672e1e3a1854ef91dde1706d705a9a552ba,16.6
508,508,36a69b05c98cc0d93a63df3f1e9a3670e8f3b1c542390dde1706d705aaa552ba,16.6
509,509,36a79b07c98cc0993267df1f1e9a1630e8e3f1c542390dd657869705aaad56ba,16.6
510,510,36a71bcfc98cc0b93067df1b1eda0630e8e3f1e140390dd65f8697458aad54ba,16.7
511,511,37333b8ec90ce0e93067dd5f1e9a4430eae3f2a944790dd65786ab458aa9553a,16.7
512,512,35331b8ec90cc8a93067de5f3d5a4430aae3e2a945790dd65746aa05daab757a,16.7
513,513,37331b8e891ce2e93547de1f3d50c830aae362a9817859d57754aa8552abf572,16.8
514,514,7fb3130e8b8840e934559e9f3d50c032fbe262a981785dd5bf54aa8552abe572,16.8
515,515,6eb3174e8b8840e9f245be9f3d50c431fae2e2a981785d55af542a89562be572,16.8
516,516,7ca31f5e8b88c1e8e245be9e3d54d4307ae2e2a981785555af542a89556be572,16.9
517,517,7cb33b569b88c1c8a245bece3d54d4307ae2e2ab01785555af543a8b156be572,16.9
518,518,6cb32a5693a8c1c8a265bace2d54d4547be2e2ab40f8d555af541a8b156bed72,16.9
519,519,ec332a569ba8c1c862edbace295484547ff2e2ab40f89555ab545a8b156be972,17
520,520,fc332a569bbac1c9c28fb2ce295484547cf2e6ab40e89555ab545e8b154be972,17
521,521,7c332a579bbac1c8c227b2ce2f5494543d72e6ab40ea9555ab545a89156be972,17
522,522,74332f578b99d1e8e2659aee2d5454141d72f2abe02a5555af542a81556be572,17.1
523,523,76338757cb9961e8f265daee0d5457148d73b2abe8285455a556aac1522b3572,17.1
524,524,22338757c79968e8fa255a6f855c771487331aa9b8286c755556abc55aab153a,17.1
525,525,22318717c7d968e978a57a6785547714c7321ab9b8286c375556abc5daab153a,17.2
526,526,3eb09712c5db68e978a16a67855c5714c7329ab9bc286e375556a3c5caa9153a,17.2
527,527,3e989732c5db28f978a16a67846e5754e7128abb3e286e37555683c5caa9143a,17.2
528,528,3e988332c55b20f938e12a67c46e37d477128abb3e282e3755ded145eaa914ba,17.3
529,529,1ed8c31257db20f938e12b67c46ea3cc7712ca991e282e17d4eed161aba516ba,17.3
530,530,9ed8c31261dba0f918e12f675466a3cc779acad91e282e17f0ee516129a59aba,17.3
531,531,9ed8c31273cbb0d91cf12d675426a3c4739aea591e283657b2ee51e169259a9a,17.4
532,532,9ed8cb1273cab05d1cf18d67722691c473baea590e283757baee51e069258a9a,17.4
533,533,9ed8e31273cab05d1cf18d67f226d1c4339aea590e281757baee51e06d258a9a,17.4
534,534,9ed8e11273cbb07d1cf18d27f22681c4739a68d90aa81757faee71e06d258a9a,17.5
535,535,9ed8619271cb907d1cf18527f22ec1c4739b68d90ea81757f2ee71e06d258a9a,17.5
536,536,9fd8639270cb947d0cf10537f22ec1c42b9b68590ea81757faee69e06d258a9a,17.5
537,537,dfd8619272cb94758cf10537f22ec1c42b9b68590e281757fae669e16d258a9a,17.6
538,538,dfd9619272cd94758c718533f22ec1cc2b9b68590e281757f2e669e16d258a9a,17.6
539,539,ddd9619230cd90758d73a723f20ec5cc2b9b78590e281757f2e669e16d258a9a,17.6
540,540,cfd9619230cd98750d33a733f20ec5ccab9b5c590e289717f2f669e165258a1a,17.7
541,541,cfd9619230cd98750d352733f20e45ccab9b5c590e089717f2f6e9e165a5aa1a,17.7
542,542,4fd86192734db8750c710533f20e45ccab9b78d90e089737f2d6e1e16da5ae1a,17.7
543,543,4ed86392734dd0750c713533e30e45ccab9b78d90e489637f2d6e1e16da5361a,17.8
544,544,5ed86392e34d90f53ce13d23e30e45ccab9b78990e489e37f2d6e1e16925261a,17.8
545,545,5ed8e792864fb0fd38e16d229716064ccb9bf2991c489e37f2d6c1e16925261e,17.8
546,546,1efccf92870fb0dd68a16d629516064c8b9bf29b3c481c37e6d6c1e16925761e,17.8
547,547,127c4d92870fa2dd79a12d62d556864c0f9af29b70489c37bed641e14965fe4e,17.9
548,548,127c7c9a870fa2dd79a119629d54264c0f9af29bf0683834bef641e14965be6e,17.9
549,549,30dc7d9a8f0d02cd69a2d9629a543e4c479af39bf0e83834be7641e14965b8ee,17.9
550,550,d0dc6d9a8f0d40ed69e29366ba543c1c459ae79bf0e838343f1e4b414b45b8ee,18
551,551,40f87d9b9e0d04f9c3e6b346ba5d743c4d9a879bc06870b4be068f41db4570ae,18
552,552,c5f0d91bb20d15f9cbc636c660bdf03e8dba0f1b07c8c0e4fe2e9a41964561ae,18
553,553,cfb0d03b607fffc7164666c440bd817af9323e1b07c9c5e4606e3201b645cdae,18.1
554,554,9b12007be0fbfb053c06cd8c05fd2a727332fabbafc915e582ae740564d58b2c,18.1
555,555,321204fbc8fbf3052c8e8dac8ff902f2f372eabb7d413d4582ae4455649dba28,18.1
556,556,323024fbc9fbb205688ed9ac9fe966f2a272c2bb5d013bc58aea4455cc9dba28,18.2
557,557,323024fb0dfbb205688ed9a89fe97ef2a27282ba5d093bc58aea4555c89dba38,18.2
558,558,3a1024fb0ffbb205688ed9a89fa94ef2a77282ba5d093b458aea4555cc9dba38,18.2
559,559,ba10247b0bfbd205608ee9889bad0efea772aaba5d193945aaea4455cc9dba38,18.3
560,560,bb10047b02fbd3056406e9888bad2efef372aabafd897d4582ea4455649dba38,18.3
561,561,fb10047a00fbf3057c06ed888bad0afef372aaba7d893d45a2ea4445649dbb38,18.3
562,562,df10103a00fbdb453e066d8d09bd227ef332e83b7f891dc5a2ee6405641dbb3c,18.4
563,563,df90921ae0fbcbc53e462cadc1bd027efbb2f81b2d890de4a06ef00176151d3c,18.4
564,564,0f90da1af07b69d51e4634e5e0bdc15e59ba7f1b0dc985e4f06ef20136050dbc,18.4
565,565,05d8df9af81b29d59f6216e5e4bdf11e09ba3f9b84c9c4e4f82e3a0116450dac,18.5
566,566,25d84f9af81b39558f6296e5f49df91e08ba3fdb84c9c064fb261a019b45a58c,18.5
567,567,25d84f8af80b39758f6296e5fcb5f90e089a3fdba4c9c064fb261b019b45a58c,18.5
568,568,25d84f0eb82b69e18f6296e5fcb5f92a089a3fdba4c9c064fb2e5b019b45848e,18.6
569,569,25da5f0bf83b09f1876296adfd1df91a009a3fcba4c9c074fb2e5b019b45848c,18.6
570,570,a1d85f0b782b49f183e296fd7d9cf91a00da1fc9a4c1e0365f375b019b45a48e,18.6
571,571,e1c84f0b3c2b61f1c3e296bd3d9c6d1a20da97c9f641e4325f371b119b45a48e,18.7
572,572,e0c84f0b1e3b65f1c3e2923c3d9c7d0aa05a97c9d665e4320fb71b11cb45e68e,18.7
573,573,f0c80f2b1e1b25f1c1e2d21c3ddc3d0ab05a81eff665f4300fb70b11cb45f68e,18.7
574,574,f04e632f0f0ba5d1e1a2d21c17dc2d8af85ac1efd265f4100fb70b914965f68e,18.8
575,575,f86e212f0f0b95f169b0da0496dc27aaba1ac0efdb6d561007bf09916925d6ce,18.8
576,576,786ea12f8f9bd5f060b0da1c86dca7aa1a0af0ef5b655600869ba9d169a5d64e,18.8
577,577,7d66a1af879974f068b04b0c96fc9fcb1f0af0ef5d645600829ba1d06db5524e,18.9
578,578,3c22a3afc7997cf038b04b0cd2ff8dc30f0a78ef4d60d688a29ba5f035b5530e,18.9
579,579,3c22f3cfc7993cf038b44b0cd2ff8d430f0a7c7d4560d69ae093a5f03cb5430e,18.9
580,580,3c22f3cfc5997cf02894434cd6ff8902bf0a5c7d4560f79ae093a5f03cb5430e,19
581,581,bc23f3dfc5907cf06814c30cdeff0902bf4a5c7d4560d79aa093adf03cb5420e,19
582,582,bca3e3d944d07ef04a04c74cbeff09027f6e1c7d4548c79aa093adf02db5c20e,19
583,583,bee3e7994c907cb0430cd64cbcfb09027f6e3c6dcf48c69aa0936db02db5920e,19.1
584,584,aea3c79d4db0f8b0c20c965cb8fb4b02fa6fb86dcf4086ba009369b46db5960e,19.1
585,585,60a3cf9d1db0f0b1820db65c33ff4b02f26eb8ed9f409eba01b349b06935961e,19.1
586,586,60eb0f991db1e1a0960d3c1c73f6db02f26ef1ed9b483cba05b34b61e925341e,19.2
587,587,40e20e9f3931c1a09ead2c9963f6de06e4aee1ed3a493c3a0db7db61d925341e,19.2
588,588,c0ea9e9b393181a03aa9689941f69e06a4ae63ed72597c3a1fb79b61d165649e,19.2
589,589,82ca9ebbf93103e03aa968b9c1b6be1604aec3e9725178329b379761936560fe,19.3
590,590,8d8ebabbf12107607aa9c8b9c5f63c060caec3c96411f932bb27b6619365c0fe,19.3
591,591,9d8ebabbf22107617aa9c9b987e63c060dae07c94491f932fb2336411365c1fe,19.3
592,592,0d8ebabbf2210f437aa9c1b987e63c1609ae87c98491d172fb6736411765c1fc,19.4
593,593,0d8eb8bbf2310f437ea9d8b983e63c160cae0fe9c491d132fb2336411765c1fc,19.4
594,594,858eb8bff23507633ea9c8b9c3e23c1608ae87e9c691d932fb3336410365c1fc,19.4
595,595,858ebabff27507623ea9c8b9c3e23c06082e87e94691f932fb3336411365c1fc,19.5
596,596,8d8ebebff27507623ea9c8b9c1e23c06082e87e9c691d932fb3336410365c1fc,19.5
597,597,0d8ebebff21107633ea9c9b9c3e63c0608ae87e9c491d9327b7336410365c1fc,19.5
598,598,0d8ebabbf26107607ae9c9b981f63c0608ae87f9e491f9327b6736410365c1fc,19.5
599,599,0d8ab2bbf26107617aa9c1b985e63c160dae87d9e491f9327b6336410365c9fe,19.6
600,600,9daab2b9e2410761faa9c9b887e63c060dee87d9e491d9327b6336410365c1fe,19.6
601,601,1daaf239f34107697ab9c9b885e63c0609ee87d9e411f9327b6336410365c1fe,19.6
602,602,96aaba39f16007e958b9c9b896e63c060dee87d9e411f9323b6336618365c1be,19.7
603,603,8aaaba39616007e91ab9c9b897e63e060ceec7d9f41179323b63b7618365c0be,19.7
604,604,84aababd614007e91ab9c9b897e63e060ceec7d9e411f9323b6337618365c1be,19.7
605,605,84aaba3d734027e91ab9c9b897e63c060ceec7d9e411f9323b6336618365c1be,19.8
606,606,85aaba39f34027e91ab9c9b897e63c060cee87d9e411f9323b6336618365c1be,19.8
607,607,8faaba39b36027e91aa9c9b894e63c060dee87d9e411f9323b6736418365c1be,19.8
608,608,8fabba31a36027e958a9c1b896f63c060dee87d9e41079333b6736618365c1be,19.9
609,609,8baaba31e36027e918a9c1b896f63c064dee87d9f41079333b6736618365c1be,19.9
610,610,8aaaba39a36027e90aa9e9b897f63c064dee83d9f41079323b6337618365c1be,19.9
611,611,84aeba3f634037e91a29e9b9d7f63c060dae83d9e41079323b6336618365c1be,20
612,612,85aebabf334037e90a09e9b9d3f63c060dae83d9e41079323b6336619365c1be,20
613,613,858ebabf320037e90a89e9a9d3f63c060dae83f9e69079323b6337619365c0be,20
614,614,858ebabf320037e90a89c9a9f3f61c060dae83f9e49079323b7337619365c1be,20.1
615,615,448e3abf200227e31ec9c9b9f3f63c060c2e83ffe490793a3b7336618365c1be,20.1
616,616,c4c69abf3a1667e21ec9c9a9d3fa3e062d2e83ef869059323bb336410365c1bc,20.1
617,617,44c68ebf181667e206c949a9f3f91e063c2e83ff8698693a1bf336619365c1bc,20.2
618,618,c5c68c9f3816e3e206c90809f3f916063c2ec3efc6d87dba1bb337619365c0bc,20.2
619,619,4440cfbf1a16f5c616cd0989f3f916063d26c1ee86d8ed9a19bb37619365c0bc,20.2
620,620,c440cfbf1a17e54636c70a89f3f916163c26c3ee8698dd1a59bb3661a365c0bc,20.3
621,621,c440cfbf9a17e74626c70a89f3f936163c2603ee8798d91a5bb336612365c1bc,20.3
622,622,cc408bbfb817e3e626c70a89f3f936167c2607ee8798d91a5bb336412265c1bc,20.3
623,623,88408abfb836ebe62ec74a89f3f936167c2e07ee8590d9325bbb36c1266181bc,20.4
624,624,89009abfba36e2c62ec5ca89d3f97456782e07ee0590d9327bbb36c126e981bc,20.4
625,625,898638bef0bec7c63c898a2993717456386e17fe05108932fbbb764126e983fc,20.4
626,626,198e70bee23e0e867c89d33987716c06194e17df0d10aa3ad5777c412ee983fc,20.5
627,627,1b0e70bec2a60f87fc891369a771e016514e3f5faa90a2a2d557ecc12ae913fc,20.5
628,628,3b2ee0ae8aa28e85f81917512fd5c006735ebf1b2ab05372d557e881aaa917fc,20.5
629,629,b92ec02e1e82aa8191111751eed6c056f75ebf115ab05776ad57a889caa9577c,20.6
630,630,e13e40ae1e83ab8115512751e8f6d156f75e3f3151b05756a855aa895aa9577c,20.6
631,631,e13ec4628f83fb9115590751e8f6d156375e2fb140b05576ad55aa894aa9177c,20.6
632,632,e03ec4a28f83f99195592779e866d156375e2fb140b05576ad55aa894aa9177c,20.7
633,633,e0be56a38f83f99195592779ec261156175e2fb144b05557ad55aa894aa9157c,20.7
634,634,f0bec2a38fc1fd91955937f9ac261156175e2fb140b05557ad55aa894aa9117c,20.7
635,635,78be46a34fc1fd9191593779ac261156155e8fb140905557fd55aaa92aa9517c,20.8
636,636,782e46a30bc1fc915159b77dac065156155e8fb1e0985557fd55aaa12aa9d17c,20.8
637,637,782ee6a363c1ec91d159977fac065156855ea991e09851777555aee12aa9d13c,20.8
638,638,383ef6a363c16c81d179937d2d06dd56c17ea099e898517755552ee1aaa9d03c,20.9
639,639,381efab322c12c81d979937d2706dd56c17ea491fa98517355552ee1aaa9d83c,20.9
640,640,1e06f2f322d12c81d979136fad06dd7ed15ea491faa85833555526e1aaa9d81e,20.9
641,641,1e36f3f320d16c99d969022eaf065d6e514ee499bab818235555b6e1aaad5c1e,21
642,642,1e97b2f320d13cd95969932faf965cae500a74ddbef80802555cb775a22d0c1e,21
643,643,0e17bbf3b05136c94929112fbfb62eae600a75dd3ff80802555cf775a22d0c1e,21
644,644,0f9799f3b051b6d1492dc12dc7960eae382a76dd0fd88802f57ef77580250e1e,21.1
645,645,87861bb7f871b6d12c2dc80dd7d406a6bc2a16fd07dcc802fffa93f590050e0e,21.1
646,646,e7860997f87396512c2de82dd7f107a63c0a12dd06dcec02fffe937d9005460e,21.1
647,647,e7860197f8739251257de82df1f10296bc021aed06fcec02ffba93fd9001e70e,21.2
648,648,e7c6219778739251847d682d59f102f63c021ae702fcef02ffba137d5801e78e,21.2
649,649,f7c620975c739251867d6c0d59f141b63c021acb82fcef02ffbe017d5801e78e,21.2
650,650,f7c620877c739251867d6c0d59f141b67c021ac982fcef02ffba117d5801e78e,21.2
651,651,e7c6219678739251167d682dd9f103f63c021ae902fcef02ffba137dd001e70e,21.3
652,652,e7c6019678739251057d682df1f143f6ac023a8b06fcee02ffba93fd9001e70e,21.3
653,653,e7862197787396512c79e82dd1f147f6a82212af06fcec02efba93fd9001c70e,21.3
654,654,e7860b97d87796512c79c829d1d507b6a82a16d707fcc802fdfa97fd9005460e,21.4
655,655,e7860b97d87796512c79c829d1d507b6a82a16d707fcc802fdfad7f59005460e,21.4
656,656,c7860f97d87796512c794829d1d507b6a82a56d707fcc802fdfad7f59005460e,21.4
657,657,65864f9ed87796512c794829d1d507b6a82a56c707fcc802fffad7f59005460e,21.5
658,658,65844f96d87796512c796829d1f507b6a82a56cf07fcc802efbad7f59005c60e,21.5
659,659,45844f96d877b6512c79482df1f507b6a82a74dd07fcc802fdfad7f59005060e,21.5
660,660,45844f96d877b6512ed9482df3558fb6a82a74dd07dc8802fd7af7f580210e0e,21.6
661,661,45844f96f877b6d12ed9482df3558fb6e80a54dd0fdc8802dd5af775a0210e0e,21.6
662,662,45044f96f877b6d13ed9482df3358fb6680a54dd0ffc8802d55af7f5a0210e0e,21.6
663,663,45044fa6d877b6d17dd95829e3718fb6600a74d52ffc8802555af7f5a2290e0e,21.7
664,664,450ccfaed0f7b6d17fd9d069a3218fb6400e74d52ef80802555ef7f5a2290e0e,21.7
665,665,650ccfaed0f726d16ed9d069a3218fb4410e75d72ef80802555ef7f5a2290e1e,21.7
666,666,450ccfaed1f726d36cd9d069a3218fb4410ef5c7bef808025556f7f1a2290e1e,21.8
667,667,450cdf2ed2f7a6d36cd9d069a3219ff4400ef487bef818025556b7f1a2290e1e,21.8
668,668,450cdf2ed2f7a6d36ed9d069a3619ff4400ee487aef818025556b7f1a2290e1e,21.8
669,669,450cdf2ed2f7a6d36ed9d069a3219ff4400ee487aef818025556b7f1a2a90e1e,21.9
670,670,450c5f2e92f7a6d36ed9d069a3219ff4414ee487eef818025556b7f1a2a90c1e,21.9
671,671,450cdf2e93f6a6d36ed91079a3019ff4414ea487fff858025556a7f1a2a90c1e,21.9
672,672,450cdd2e93f6a6d7eed11079a3019fb4414ea487fff850025556aff1a2a91c1e,22
