0,100,e2f1017837246bacc5dea21b648fbfd62f435c89db299a2497667e216c8d055c,0.000
1,100,c0f113783f2468acc1de825b448fbfd66f434c89cb699a249776fe216c8d855c,0.033
2,100,c0f10f783f2c78acc1dea25b748f3fd22f414d89c9a19b249776f621648d855c,0.067
3,100,c0f00b783d2678acc1dea25b568fb7d22f434c89c9a9db249776f621668d855c,0.100
4,100,e03c8b38372e7aace9dea25b168f37c22f4344894da9cb349772f621668d855c,0.133
5,100,e03e0b1c372e7ea4e0dea25b1a8f97c22f414c896da9cb34df727621668d855c,0.167
6,100,e03e0b1c1f2efea4c8dea05b1acb97c2274364a965b94b34df367a23628d855c,0.200
7,100,e03e0b9e1f0efea4488ea15b5acb97c3a74324a965b949b459327a23728de55c,0.233
8,100,653e0b9e1f0ebe86488ea55a5acb93c38743a4a964b949b41d323ba3728df55c,0.267
9,100,653e0f9e1f0eb6864886255a4ac9dbe38743a4e924b969b41d321ba3728df55e,0.300
10,100,643c8d9e5f0eb626ea9625424a495be3c343b2e9a4b928b41db21ba33aa5f55e,0.333
11,100,30bd859e5b8ff726ea963442286b4be3c363d269b4b92cb40db20f830aa5f556,0.367
12,100,32b9059e0b8f5726fa96b406246b4bebc963d269f4b9a4b48d920f930aa5f556,0.400
13,100,b03904bc0b9b572efed69296a46a69e96963da69f039e4b48d928f930aa53556,0.433
14,100,b93956a9a99e538ffec69296a46220e96d637a697239e6dc859285930aa53556,0.467
15,100,a93dd6a90b9e538f5dc6d296b44225e96d6379617239e2dc859285930aa57556,0.500
16,100,a93cd7a9099e6b8f7d46da96945225e96da379617239c2dcc792851302a57556,0.533
17,100,a938d3b9958e6b8f7dce5a96945226e83da33961723962dcc792871306a17556,0.567
18,100,e17a833d958c2b8f6dce4a969256b6d0bda33963703972fcc79a87520281b556,0.600
19,100,c17acb79958c2a9d6d4bca9692d6a6d29da33963f07952fd879087520a89b554,0.633
20,100,c032ca78b588a79c6dcbcb1e12b6aed6bda3b923f079d2f983b00f520a89b554,0.667
21,100,40b3ca78b708a59c6d8f491f52b6bed6bca3f123e079d1f98ab11f520a89b154,0.700
22,100,44b3ca70db48351c658f490f52b7bed6bce2f1236279d1e91ab99d520a89f154,0.733
23,100,64a74e70da48351c658f490f5ab4ded6fcc2f1236271d1e91eb99d521a8be154,0.767
24,100,64a74e70da58371c65af490f5ba5ded6f8d6e127627181e91eb99d52380b8154,0.800
25,100,6ccf4ef1da50371c25ae490f5b25ded6f8d6d123627101e91eb9fd52380b8154,0.833
26,100,2ccb46b1da70b71c24bc4d0f6b2dd6d6f8d6d1a3237103e99eb9fd12380b8154,0.867
27,100,accb66a3ca709b5834bc4d0f6929c6d6f8ded1a7216103e99eb9fd12f80b8154,0.900
28,100,bccb24874a70995836bc648f6929cad6fcded1a7016303e99eb9fc52fc0b8154,0.933
29,100,dd8b24876a70c968369c26af6d2f6a76ce5ed1a7016301e9dbb9fc12f80b8154,0.967
30,100,df83b4cf2a534968169c763c6d2f6b36ce5ed08701a301e9dbb9fc12f80b8154,1.000
31,100,df87b4cf22534d681e9c363c6d2debb6ce5ed08701a301e9cbb9fc12f80b0154,1.033
32,100,5d87d6dbb2432d685e9d32bc652de992ea5ed8c701a301e9cba9fd12f80b0154,1.067
33,100,6d97d6db924b25684e5d1ab4f4aded92e35e48c701b301e14be9ff12f80b0154,1.100
34,100,2d965ad3924bb5606e7c1b7076ade492e54e6ec708b301e16fe9ff1a780b0154,1.133
35,100,ac977ac3da4b95e1267c0b5012bde49bf54ee64748f381a12de1ff1a780b8154,1.167
36,100,a49e3ec36b4bd5a136748f521abd769fb54ae64608d381a125e17f1a7a0b8554,1.200
37,100,04debec2ab4bd80912e4ad7a9bbd729ff5cab36ea0c380a105e17f1a7e0b8454,1.233
38,100,42fe96d6ad4b482d12a587728bb8f29df4caf36ea6c382b104e57d1a7e0b8454,1.267
39,100,02f656debd4b68295aa51772cdb8fa1df0ce912ea6c382e106e57d1b7e0b8054,1.300
40,100,28b652d6fd0ba5690ae51764dd38ea1df0ded326a64b83e106e57d1bfc0b8051,1.333
41,100,a1bd52f65ed2a50b08ed1a645d30eb1df0dfd126a74f07e106e57c1bf80b8451,1.367
42,100,a52da1f45ad6f51b24c91ae57f32e938e05bd1be974e07c102e5f49bf80b8051,1.400
43,100,4429a5ad4af47f12a58b2ae57e667d306859d0bed34e07c90be5f49bf00bd051,1.433
44,100,4a4b85ad8be46a56159ba9cd7e667d30685940bedb2e374b1fa56499f01bc051,1.467
45,100,4ac7952983e46b56549ba9cd7a667cb0295948fedb3e3f4b5ba14499e01bc051,1.500
46,100,6bc7142997246b56549bb9cdea667cb321594afe1b3efe4bdfa10491801bd041,1.533
47,100,6b9330cd9724eb56749bb1cd216660b30d794bfe5b36f64bfea104f1003bc051,1.567
48,100,6b1f22cd9627eb5674db9589216442b3c9795fc85b36f64bfaa516b1003b8151,1.600
49,100,e91bea9d166dab1660db1489236c4ab2c979df48dab6b04ffa87deb100bb8051,1.633
50,100,cc3be89d766d89666ed214993f4c6eb699719949dab6004da087fea125bb8151,1.667
51,100,543f8a9d76cd9b6668d256b9fd0c4e969971934992b6045920879da56dbb9151,1.700
52,100,55a32a1d56cdf9662b5656b9bb2c4e9693f3b549b2b62458208738a56dbb8151,1.733
53,100,95e069b1969cc166b93646d1992dcc8692f335493eb664d82c8f79a76dbb8151,1.767
54,100,d1e56db09a9c06c6b96e66d1912dcc0e9ad3354926b666f82c8f49a76dbb8151,1.800
55,100,d3676db1aa989eced16e6e9111a99c0c8ad2354926b666f8258d49a76fbb8151,1.833
56,100,d64fc5e12e3012cc8d6ee29317a9b13c0e9635496e875cf86d89d9274fbb8151,1.867
57,100,504f8fe569b0729ca94ec6937fa1217c6896854bc887ddf0c9199327defb8051,1.900
58,100,405abe4fc9f0769cab4e1c3bdd83eb6cc096b54b08af9db0c35932271eeb2054,1.933
59,100,55da304f5b21c4b0ab5e50fab583eb6ccfb6b44b1aafb5e10b19226774eb0054,1.967
60,100,b4da224fdb21a4b02a5e55e8aa075a6c1db6a04b5aaf35616e59666fe5fb8054,2.000
61,100,a48a524fbd2568b0d25a8de92a0fd4eca9360a5b56afe541ea95ccee9dfb8014,2.033
62,100,6c9fb20d25675fb0a45a7ba9540fb5e06ab6549bb52a0b411ab51dce3b5ba114,2.067
63,100,09bf668da961bfb04cda5329ac4f2f4452b4b51ba97a5a8174adb15ee2f3c014,2.100
64,100,bdaac49d2b4776b79d7ab549489d524cb6a4295b5ad2b685e529635e4eb30404,2.133
65,100,696a94bc5a45c4a72b726d1bd29da64c6da4d352b6966dad4b69c656bca33044,2.167
66,100,eb4e35bcb2451d27d252953b24bd4a4cdb24a4526da6db29b249acb679abe144,2.200
67,100,8a4ecda062cdb1aeb6d269634bb9bacd36ae4d52db2d364964991976c36b0154,2.233
68,100,324e9f28c6cd69266c96934b973968994cae9b56366decd9c9b1b364364b4d10,2.267
69,100,a24c3529ce8ddb26cc96324b66b9c999992e37566669999b13b166e464cbdd11,2.300
70,100,06cc2529129db366cc96664bccb99bb9116e66d6cce939b33325cec4cd9b9c11,2.333
71,100,1ecce92916bdb3661d96cc5b9db933b9226cccd69ce9333366258dc4819b3811,2.367
72,100,1ed8eb6956ade3665996c85b9da97339466ccd9619e96333c62d19cc911b3011,2.400
73,100,16d8eb6b44ad63667996885b3ce96739446c999639e96733ce2d39cc111b7051,2.433
74,100,16d88b6944ad63667996985b34e967b9c46c999639e9e663ce2d39cc131b7051,2.467
75,100,16d80b694cade3667996985b74e966b9cc6c9996396bc6638e6d31cc031bf051,2.500
76,100,96d92b6944ede3667996185b646946b9c8ec3196716bc6630ced31cc271bf851,2.533
77,100,96db2d69c4cde3661992185b64e9c6bcd8cc31167b6bc6638cad31c4271bf851,2.567
78,100,1a4bed6cc6cff3361893184be6a9ce1c91cc3116726bce6318ad71d4e713f841,2.600
79,100,1a68c5acf287f7321893c06bceadcb1c318c3312eeeb8e6318ad73d4e713f841,2.633
80,100,e378c5ad3a07353218d3c469c6bd995c31863712ceeb8e6338ac73d4e713bc44,2.667
81,100,7378c48d3b4735b218d3c769c6bc995c31863713c6eb8e1b38ac33d4e7131c54,2.700
82,100,393cc6871b43f5b238dbe729c29cb94c11867713e6eb8e1b38ac31d4e71b0c54,2.733
83,100,198ccec7b972f4b0684be72d8a9c9d4c11c67713e6e9ce1b38bc31d4671b0c54,2.767
84,100,8d83c643b93a36d86f4963ad989c9d6601d37753e6e9ce1b18fc11d6638b8454,2.800
85,100,c6e36a733538025f6709c1a59cdc9d6601d3737be6e98e1d98f411d6738b8454,2.833
86,100,16f33b721598024f65a9c0a58e5c91661353737be6ad8f1d98f431d673abc454,2.867
87,100,3273391a049dea4965adc8948e5a9163335333f9e7ad8f1d98f431d639abc454,2.900
88,100,331a858f548d6b6175a5ce568f52b0233b5b72a9e7ad8c0d98f419c63babc454,2.933
89,100,290fe48d7ee1636444b5ce56957298b33bda32ade38d8c0d8c7499c61fb96514,2.967
90,100,6d4b76c1236075244696ef5e9d33d8b399c83aad638dcc4dcc749cc3cbb92114,3.000
91,100,a7a156f0a17619b46296655adcb3dbf181cc3aad7385e60d6670ccc3e3b93114,3.033
92,100,07b9fa7c09365e976252c57aceb3e8e9cc4f1aa533c566056670ccc379b91114,3.067
93,100,523eb81605877ed3215e7d294eb178ecc60f9ab531c52714b75266e378b99914,3.100
94,100,0a46ed0726c1fa52916e7fa902f15e6dc32799b499c13314b55266ebfcb98d14,3.133
95,100,cf46f48312e8fb4a012f7fa9c0732f656127ccf499c1931cb452366aec89c5d6,3.167
96,100,2562fcb19b68fd2ac1ad7eb9e2373fa560974cd0d8c1999c9652937a068d2456,3.200
97,100,05f2feb8017c7d0fe0a53e19f2379da5309766d04c45c99c5b52d33b664d3056,3.233
98,100,97d87edc817c3f8700b59f9911378ca59c1736782c4560cc7f5b592f324db052,3.267
99,100,47d86a5cc1ae1687f2b5db895033c6a59a0fb37c260524ccaf1b69af9b2d9053,3.300
100,100,02dcfa0cc1a7fe875a35c9c9681366a5ca4e937c960734cca71b2daf8b2f8453,3.333
101,100,ea4c7c06f0e73e87083de9c9bc1363e5490ed93cd7079444f79b04afc1278553,3.367
102,100,0f4c7c2750b30207887dfdc99e3133e5480f593cd707de64f79b84af4127d113,3.400
103,100,836f7c2700b39a07e8fd7fc9921133e5641f49b4d3835e64739bc4af61a55111,3.433
104,100,e7c31e33d093df01ac7d37c98a15b1e7641f6db47b814a6450dbc6a768a15911,3.467
105,100,87c3de9378db4f55047d17c9c815b8e7b40f2df07bc34b7c18cbd22728a11911,3.500
106,100,c7c37c1b49c94e5f94ed13c9cc1499e3b70e8cf02bd3487c58cbd227ac81ed11,3.533
107,100,c7c11e5961c1661cd4e8ffc97f109de3b78e84f021f3e07cc84bda07a481ed51,3.567
108,100,e3c10e49e1e1371cd4e0ffc86f30dce3178e84f1a1f3e47cea4b5a03b481a5f0,3.600
109,100,e721ae4df1e0171cfae01fc86f304863138fc079b193f42c7e4b5b03f681b5f0,3.633
110,100,e731ae4c31f4461c5af087dc2f324847110ff039f19ab62c7fcb7b039681b5f0,3.667
111,100,730c8e6cb19e071e4af483dca712684fd80f72395c8e372c2feb2bc312c1d5f8,3.700
112,100,f384c06c989ea35e687c51ccb7923447fd0f3a194e86d3ac81eba1e34a7152fc,3.733
113,100,19c4662edcc6f17cac3c78cc5b9316230d879f09ee46e9a4f0ebb0eb6871087c,3.767
114,100,99a666074fc6593ca6342ee04b93972347c7c30da76678e47a21fc6ba83d8a5c,3.800
115,100,9d26330f4de6511cd7b4ae78e993d3a362c6518d35763cf43a315c29b51da01c,3.833
116,100,d9a7b0cb64be589d5274b6796983d2e320cd598d17728cfc0f294e29951ce15c,3.867
117,100,d9a7306fa6bc68dc5b349f693cc35827b04eeca5d332c66c87a9e7095114654c,3.900
118,100,4d0fd25ba71ca8164b305ee9acb3ec0f924e66f4fb12e2ade3a9f3894106154e,3.933
119,100,e92df81e154c8d9aefb84a6996876d075a6630d839d672ad71a939c9a8479546,3.967
120,100,ad2d989cd06ce4babff86a43968725a6da669cda1dd6188d18f988e5c447c466,4.000
121,100,450d88d8f27116b8b769eb43d28785a6c97686da8de68e09ecf940e564477766,4.033
122,100,241ec878bb3b56b8b529eb43ca8784be6d7ec65ac4e64e096e7c406536473326,4.067
123,100,845a4938bbbb6abc1d21ad536216869e2d6cf258e6a50f09367cf87592439bb6,4.100
124,100,e17a49b0dbdb6ef41d2335536006d68e256c7268f2b58329ff34f835814389b6,4.133
125,100,a5380db05aebacb415a3b5427806d2ac952c3b797295c3a9ff34ec31c953ccb6,4.167
126,100,a5388af35a63b6b1d183b5463b0ed3ac95ac19397291e1ad7fb46c1369536492,4.200
127,100,85f2aaf39b63d391d9c31d46392edbbc95bc093930d161ac6f942613645366d2,4.233
128,100,c4f2ebe35b26d99389cb1d06a92cebbcd5bc0d1930d135ec2fd42613245336d2,4.267
129,100,c5f2ada74d06c9858d6f1d26e9ace8fcd4b99d1130d135eca7529611b45332d2,4.300
130,100,c7d28da7098ceccc8d261e963cbc69d8d6b995119ad1b3fca75a9211b013b25b,4.333
131,100,e7e28da70d8cf4cc9d2e1a1634bcf958c6a987519a5393fca35ad31190139a5b,4.367
132,100,c7e6cdaca90cf0dc9f3e1a1e3539e958c2a187439a5393fce35a530118339a5b,4.400
133,100,e7e4cdac385cda599b3a1b1c35e9e958c2a1cf43984353fce35a43011833da6b,4.433
134,100,efa44cac185c5a598b1b1b1c7de9e970c3e1c943986359fee15a4b011833db6b,4.467
135,100,9ea4dc9d99585a79cb3b2b9834e9e170c3e1c943996359feb19a28011c334f6b,4.500
136,100,9e949c199959dbf98913a3f574e9e550c3c3c943986a399eb59a20911c334f6b,4.533
137,100,8c91d959b95b63b3a79222f474e1e552c3c3cd4b186e3b9ea59a20911c334f6e,4.567
138,100,988b9549f36343a3a7d632e475e1e742ca0b9d4b38ee379eb51e20111c334e6e,4.600
139,100,008d616963e367a6a75676e4756ccb46ca8b184b38fe379eb71e22111c334e6e,4.633
140,100,70adf17a62324e36ac5e58eccd69cb1b18ab185a38bcb79ca71820317c734e6e,4.667
141,100,5879eb524a369d1e385c58e9895b9a1b18a939fe32bca79ca711603178734e6e,4.700
142,100,cb5bcb525f97b95c30ccd1a9891b1a9b31ab31f6e7b4a734a611e02158634a6e,4.733
143,100,877346b63cac21dc74ada5a92e1376a371abe3f6e6b487328e51c061c8635a4e,4.767
144,100,273634b6b1ac20ccd5a92f336e1676abe5f6e7d6c6b48c128c41d8e1d8425b4e,4.800
145,100,749674ada1cc46c9d5ab6e136a16c7a9e576ced49c3c8c521841d8e1d9ca5b4e,4.833
146,100,709ca1adcbc9c6a39e23ea52cab685e98f561ed41c38385318c1d3c1dbca5bce,4.867
147,100,e09c2bc91ec19c23ba73da5696bc0de80fd43cf43878785372c193c1d3cad2ce,4.900
148,100,029d3e499cc2b8236a7352d6358c3d4c7ad470b4f17be0d3c389878393ced2de,4.933
149,100,5289744bb0d2aa6342f294962d0c7b44f2d4e1bce17bc2d38789970b975e96de,4.967
150,100,54c9f043a0f64ae356d2b594eb0deb44c194c1f8835386939e093e0fb65e96fe,5.000
151,100,f0cba0d32af752e397d2af1ceb0dc204859407780b5306973e093e0fb61e36fe,5.033
152,100,a0cb22d74ae656f2b596ab1cca0d168405b40f6b1ed33c157c09fc0f36de36f8,5.067
153,100,2ac34ac65e66b45aad144a1d5a0d15841d243f537e937c35f009f05ff4fe34f8,5.100
154,100,52c35e26be66bd5a29145a1d120db5043d24fa53fe936035e00be05f64fe67f8,5.133
155,100,5742de66bc76a95a4a1c529d9508bd04ff40fa53f093e039407b20db24fe67f8,5.167
156,100,f446b866a87a69585a7cd689b54eed44eb40fad360b740a9007b00da25fe6ff8,5.200
157,100,a966a87469395978d23cb589a54ee944ea73c29340bd01e904db04da6dfe6ff8,5.233
158,100,a864687c4538577896aca509a9466b6442f3069345bd05e905db27da6ff66ff8,5.267
159,100,093455b85518971cb48dad0f6b464a3516b304b305a905e924db6fd66fb66ff9,5.300
160,100,49bcd5989718b244ac8d6b074a4452b356b344b30d682f496cda6e966fb66fb9,5.333
161,100,cb998d18aa04a2846a874b075aa456a3349365b3ad686f4b6cda6e966fb66eb9,5.367
162,100,8a99ad19224568854aa35a42d2a394a3a5b36d22a9686edb6cda6eb67fb66ea9,5.400
163,100,94993401628548a75a23d24294a3b5a3adbb6d68ab486edb6c9a6eb67fa66ea9,5.433
164,100,b443544740e75923d03394d2b4a3ad93edbb2b482a486ed26a924ab67fee6aab,5.467
165,100,61464067cda39533b452a4f02db1699b4b396b5c6ad84e924ab44ba47fee6aab,5.500
166,100,61668aa7a933b073acd22db869b949195a7c525c52dc4c964eb451ac57ee56ab,5.533
167,100,ca64aab1a93326726c9469b949995a18d25cd6dc569c54b65db4552c57ee54ab,5.567
168,100,4eb849b921126e90499c4ba9db19921c96ccb6dcb4b695b6d5ac956c376ea58b,5.600
169,100,56b9533844584a9cdb8c93a9921cb6bcb6cc248ca5b6ad369d2ca56caf6ea58b,5.633
170,100,75b953d245d8da8c930d92abb69eb4ec24cc6d8c29a7e926192c2b6c6f4ba90b,5.667
171,100,33b997d294cc9a8c9749b6af34de24e46cc44da7692759665b6c6b4c6a4b090b,5.700
172,100,35c3b4d6adccb28c354b26a764f66de44984c9275b275b665b6c4a4cd8cb4913,5.733
173,100,e5422cc6298d242d654b6ca74df6c9ccd9949b27d3669366b24ddaccd4db9013,5.767
174,100,e1424896710d6c6d4c4bc8a7c9f6994e9b249367b266b646b6c99edcb5db9013,5.800
175,100,c146d19cd36dcaed984399ae9b56b34c3225366726ce66ce64c9349c2d9b2473,5.833
176,100,b546a31c8649daedb0c6356e3354664c66a5644e6cceccdecd9969984b926c73,5.867
177,100,a546223c84c912ef31c6356e66d4665cecadcccaccced99e899969b9db324863,5.900
178,100,695e46bda4c9328f63c6654ec694cc9ccced88ce998e99963b19d3319332d863,5.933
179,100,5a5c4ead29cbf18fc3d6cd4e8c849c9899ed19de319e3314733913313636b047,5.967
180,100,b2989ca969dbe78e93569d4e18a539983b8d3396733e6730e6734631646620c7,6.000
181,100,249975e9d35a670e9716195c38a5713873896716e73ec670c673ce61cce644c6,6.033
182,100,6db92569965a0d3e2eb67358622de372c689c716ce7a8c701cf31ce199e68986,6.067
183,100,d9b96d49a612d95e6d66e4d8c2adcf728ebb9c361c6818e078f338e131c6218e,6.100
184,100,12f1dd5b6cb6b95edb6c45d006a91e721c3b387638ea71c0f1e371c1638e430e,6.133
185,100,76e1995b59b6625e176c89901ea93c72383b707670dbe1c0e3c3c389c70e571e,6.167
186,100,c5c332139176cadc654c3bb078a9f0c6e06be1e6c3dbc7828787870b8e1ed43e,6.200
187,100,bd43d613a3661abcad5c6ab1f109eac6c5ea83e4079b0f061e071f0b3a1cb47e,6.233
188,100,794384b24ee475bcab5cd621ab4b438605da0fc41f323e163c0ffc1bf03cb17c,6.267
189,100,e25339b65ecca73c5a1c84610a4b17ae2fd21eac3d12fa14f00ff81bf07ce178,6.300
190,100,82177566bccc0b3496bca9695293bd2c6ad2f4acf852f035e00fe07ba1f883f8,6.333
191,100,a707eb467c9c5e30a4bccbcbf6936b0cda97e52cea5680bd801e00f12bf887d0,6.367
192,100,af07aade78ac9eb029fc5ac3a4b17a4cb6b7e96cc2f6002d805e02f10bf82fd0,6.400
193,100,8a47fab4dcacacb44bcd9283ed3d7a4db4b3cb5cc2b6212d005e02f10bf82fd0,6.433
194,100,9a47f0b4b46c2db44acdb6a3693d72cfe5b3ca5c00b7216d027e02e10ff03fd0,6.467
195,100,52d7e1bcb47c4bf452cda4a3483df287693bc2dc00b7096c02be02a11ff07ff4,6.500
196,100,60b6b92c2c764bf496892d215a6df4a74b39d2fe04a7007c02b617a15ff05ff4,6.533
197,100,e936b94e4bf65bdcb6836929524df4a3c339d2be04a5005c02b613e117f05ff4,6.567
198,100,6914bf4ee976dad4b4a36929524df4a3e958d2b644ad005c40be10e157f85ff4,6.600
199,100,2d0da70369765ad6b4b32d295a4df4a3f908d296e4afc04c40bf50ad52f857f4,6.633
200,100,0c0d970b2d524a5696922d2c1a4f36937f48fe96f4ade00fd03f50ad50fc57f4,6.667
201,100,0d8d930b2d125a5687922d0c0a4f3e933f487e96fcadf80ff01f502d50fc55fc,6.700
202,100,558d930b2c125a5687922d0c0a473e933f487e96fcadf80ff01f502d50fcd5fc,6.733
203,100,d50997036c125a568792290c1a433e937f587e92fc2df80fd03fd02d94fc95fc,6.767
204,100,d109b5136c581ad6a5b02b4c1a533c917f587e92fc29f80ef03fd02d94f895fc,6.800
205,100,9149a5117c4c96d6a5b00b4c12d32c915f587e92fd29f80ef03fd02d94fcb5fc,6.833
206,100,9189a5035c4c9692a5bc0b4c12d30d915f587e92fd29f80ef03f902db4feb5fc,6.867
207,100,b10325215e4e95922d2c424e16b30d595f507eb27d09f81ef43fb029b4feb5f8,6.900
208,100,a1836d25974ea5b2290c424614b30f595f927eb27d09f81ef43fa029a4feb5f8,6.933
209,100,a1336d059646a5a6694c924704b30b585e96fea37f0af81ef03fa029a4feadf8,6.967
210,100,21a1480fb7862d2c6b4c86c605b30b581e967fa37f4af81ef03fa0292dfe2df8,7.000
211,100,09a1984fa5a76b2c4b4c04a72db31a58be96fda3fa4af01ee03f206969fa6978,7.033
212,100,9a21b4cf25074b0d125824a609e336d8fd86fd23fe5af01ee03f407b49fa6b78,7.067
213,100,92a3b4cf2d275b2d165a0c264b633610fd26fd27f61ae016c03f407b49fa5b78,7.100
214,100,15a3a4896d87d22f165a0c0e5b6636986d26f927b41ea016c07f407bdbfadb78,7.133
215,100,9d2325b96987926f26984c8edb467e98ed04f827641e6036807e80dbd3fad3f8,7.167
216,100,b76025b8c927926d2498589ebb4efe99ec24f82f641e4036007e82db93fa97f8,7.200
217,100,b7716db84927926d2498582e9b46fe99ed24f827641e6036807e80db93fa93f8,7.233
218,100,923024986927920d269a0d2e1b67369c6d26ff27fe16e416c03f405bdbfadb78,7.267
219,100,9035b4c62c275b49965e2526096f02cc2fa63f27be02f416f83f487b497e5b78,7.300
220,100,823c94e724a74b4cfb4ea4b6c14f824e07a60fa31fc23e96fc07e82b687e6978,7.333
221,100,5a6452339487294f5bceb6b3f10fe046c2b781f30bc20fc61f033d0bac1ead7c,7.367
222,100,6a275a13940fad6f0bee12933d257856f2f3c0f2c1e2c3c20783970fb70ea53c,7.400
223,100,2a134a13d42fa56f0b9b1b831d07385278f3f0fae1e2e3c2c383878f978ed43c,7.433
224,100,2b534a8754aff4ae89da4fa417863d52385a787c7162f1c3c3c1c38d578e568c,7.467
225,100,a1432aa556a7d4aeedcac2a487c28d5aae5a1c3c3c7239e378e173c553ae538c,7.500
226,100,814bab250aa774afe54862d4c1e2c71a8f5a8e3e9c321c6938e178e57bee4b8e,7.533
227,100,f10ba1230a973687346b32d460e3e74bc71ac71ece328c6b3cf138e13aee6a8e,7.567
228,100,540b1123eb930a87140b32d738f371cb734be31fc732c67b8e790c6138eeeac6,7.600
229,100,1d891569e985ea87870b388738f731c3314b738f6316c73b2e790e613ee668c6,7.633
230,100,4b1c3448b548ea95c70f870f38f438f73143710f6396c73b2e792e613ee62ac6,7.667
231,100,cab45658bd48eb14c3058f0f3aa538e531c2334f6316c73a667b3e612ae66ae6,7.700
232,100,0ab4563cad58e95cd3a48f1b0aad18a531c263d76316e712e6732ee16ae66ae6,7.733
233,100,4ab316b6bdfa6958d3a48f1a0e1d10a5316463d56316e716e6736ae16ae662a6,7.767
234,100,4ad3162735b26bd8d1e0875a8e191cad316463c5639de716a77262e17ae652ae,7.800
235,100,6ad316a335237adbf1e185528e181e2d396473c5639de716a71262e172e652ae,7.833
236,100,6a5312a795277ad3f1f1a5428e1a1e3d396c72c1639de716a712627172e252ae,7.867
237,100,6bd9d295a5277a93d1e1a1428e1a9e39396872d1738de31ea712627172e352ae,7.900
238,100,cbd9d285a5275a93d1e3e1c28a1a9e391d6879d1f38de31ea312623172e352ae,7.933
239,100,4ad192952d2f589bf1a3e1428a131d39396873d1f3ade71e66126261d2e357ae,7.967
240,100,da98929d292f5092f1a3c1429e131d3939787391e3adc71e6612e261d2e7d7ae,8.000
241,100,d298a095292fd0b2f1a3c3429e131d393878f191e3adc71e4632e261d6e7d7ae,8.033
242,100,929c27955a4df0b6e1a183421eb33c3b3a7833a1e729461c4e36c261c7e7d7ae,8.067
243,100,92dc27b05a4df03ee1a783471f92383b727a63a1a7290e1c4e36c66187e7a5ae,8.100
244,100,b2da2d305b8df01ce1af834d1f96783372dae39167290e1c1e36466387e3a52e,8.133
245,100,b0ce2d325b11f29ce12c830d1f86783370fae3f047290e3d5c341e638fe3ad6e,8.167
246,100,b2db2d721b31b09ce1ec836d3f04792370fae3d247294e395c341e630f632d4e,8.200
247,100,b2cb2df21f23b699e1bc83692f047b27f0f2e39247294e397c3414630f630d4e,8.233
248,100,b25365d61b23b499e1fc83692f0c7b27f0fae39247236e397c3414630f430d4e,8.267
249,100,b24f61de1b62b499e1bc83680f8c3b25f0f2e3b2c72b6e397c3414730e434d4e,8.300
250,100,b269419e1b623499e1bc83780f9c3b25f0fae3b6c7634e39707494711e434f4e,8.333
251,100,b6a9419e1a623491e1b883f80f9c3a2df0f2e3b0c7636e39f074b4711e435f4e,8.367
252,100,b29941de1a623491a1f803f80f9c3a2de0f2e3b0c76bce39f074b4f11e435f4e,8.400
253,100,269949be3262749183f007f83f1c722de0f2c7b0ce6bde79e074b4e11c435e4e,8.433
254,100,24990bba32e2649307b007f87f1cf22de3f2c7b08e4bdc79c0f4b4e13c435a5e,8.467
255,100,26990bba32e2749387b007f83f1c722de0f2c7b0ce4bcc79e074b4e13c435e5e,8.500
256,100,a6d945981be23c93e1b007f80f983a2de0fae3b0c70bce39e07cb4f11e435e4e,8.533
257,100,b6c545981bc67893e19207fa1f987a0ce0fac3b2c702ce3be07ca4f13c435e5e,8.567
258,100,b24645991bc63ac3e99207f20f9a3b0c70dae3b2c782ce3be07ca4f03cc35e5e,8.600
259,100,b24605990bc63ac7f99203f20f9a3b0c70dae3b28782ce3be07ca4f0bcc3de5e,8.633
260,100,ba4665898b8e3ac7f99381f20f9a3b0c30cae1b2c782ce1be47ca4f0bcc31e5e,8.667
261,100,9b06e48d8b861a47f993a1e60fda1b0c30cfe1b2c786ce1be03ca4f0bec31e5e,8.700
262,100,9966f405c98c1a46f987a1e607da1b8c300fe1b6c786ce1be43ca4f0bce39e5e,8.733
263,100,9b66a405c98c1a46f987a1e607da1b8c300fe1b6c786cf1be43ca4f0bce39e5e,8.767
264,100,9906b685c9861a667987f1e601da1b8c3a0fe1b6e386479be43ca4f09ee31e5e,8.800
265,100,8926b60549869b663c87f0e6c1da0f841a0f7196e3a6679b763cb47096e35f4e,8.833
266,100,4d269305698cc9660c8778a7e0fa8d849f073896f1e663cb763cb47096f34f4e,8.867
267,100,49269b256085c9660c871ca7f0facd848f27b896f1e663cb723c3632d6734f4e,8.900
268,100,6c268b25208d69260d072c07f863c5c48f279c9ef1e6f3cb33bc3630d6734f6e,8.933
269,100,64060b25240d69268f070c077863e5c6cf279c9e79e673eb33bc3630d6734f6e,8.967
270,100,34064b25300d692687070c077863e5c4cfa79c9eb8f673eb33bc1634d6734f6e,9.000
271,100,b40e4935120d6926c30704077873e4c6cda69cd6b8f671eb3bbc1e3652734f6e,9.033
272,100,bc1e4d31920d6924e30705073c3364c4c5a6ce0eb8f679eb3b9e1e3652726f6e,9.067
273,100,bc1ccd30928d2d24e10785872c2364c4e5a7ce0e9cf679eb399e1e3652726f6e,9.100
274,100,be0e6d30db0c2d24e10785870c3324e4e5a7c60e1cf639ea399e1e365b726f6e,9.133
275,100,be0e6d30db0c2d24e10785870c3324e4e5a7c64e1cf639ea199e1e365b726f6e,9.167
276,100,be0e69319e0c2d24e10784870c3b24e6e5a7c6461cf639eb199e1e365b726f6e,9.200
277,100,bc06c921940c2d26e10704073c7b64e6e5a7ced61cf639eb199e1e325b726f6e,9.233
278,100,bd06c92194046d26e10704073c7b64e6e5a7ced618f639ea1b9e1e325b726f6e,9.267
279,100,bc06cb21940c6d26e50704073c7b64e6c5a7ced618f639ea1b9e1e305b726f6e,9.300
280,100,bd1ecb39368c6924e30705073c7b64c4c1278c9e18f639ea399e1e3652726f6e,9.333
281,100,bc1cdb38968d792ccd050d05186b64c4cd258c9e18f679eb39bc1e34d2f24f6e,9.367
282,100,34dadb389698793ce30d0d05183964ccc9258c0f98f6f9cb399c1e34d6f24f6e,9.400
283,100,34d8cd7a96997938d31807051a3964d8cb258c0d98d6f9cb399c3c34d6f2cf5e,9.433
284,100,24db6c7a96d93498f37807191a396459c1258c1d9896f1c3399c3cbc96f2cf5e,9.467
285,100,26e360f296f33499f278a5991e317459c3698e098c94d9c1699c38bc96f2cf5e,9.500
286,100,02e368e786f334d9f078e799163174596161ce198c94c9c1699c38bc96f2df5e,9.533
287,100,b2e568e782f33493f079e4d9163134596171c6098c9cc9c1699c38bc96f2df5e,9.567
288,100,926568e7c26334d370fbe4d9173134596171c6098c1dc9c1699c38bc96f2df5e,9.600
289,100,936568e7c26724d370fbe4d9973134596171c6098c1dc8c1699d38bc94b2df5e,9.633
290,100,936568e7ca6724d3707bf4d9971134596171c6098c1dc8c1699d38bc94b2df5e,9.667
291,100,936568c7ea6724d3307bf4d8971136596171c609cc1d48c1699d3cbc94b2df5e,9.700
292,100,93257c87ea6724d3307bf4db9701361b6171c609cc1d68c1299d3cbc94b0df5e,9.733
293,100,d3657c07ea6724d3327bf4db970136597131c609cc1d68c1299d1cbc94b05f5e,9.767
294,100,d3656807fa6334d3327bf4db970136596161c609cc1d68c129dd1cbc94b0df5e,9.800
295,100,b3656827fa6334d3307bf4d8971136196161c609cc1d68c129dd3cbc94b2df5e,9.833
296,100,f3e56867f26334d3307be4db971136196161c609cc1d68c1299d1cbc94b2db5e,9.867
297,100,f6e56867e26334d3307be4d997113e196161c609cc1578c1299d1cbc96b2db5e,9.900
298,100,f6e56867e26334d3307be4d993113e196161c609cc1578c1299d1cbcd6b2db5e,9.933
299,100,b6e56867e26334d332fbe4d9963134196161c609cc1578c1299d1cbc96b2df5e,9.967
300,100,b6c56867866334d332fbe4d9963134196169c609cc1578c3299c3cbc96b2df5e,10.000
301,100,36c5686786e334d3327be5d9963134196169c609cc1578c3299c3cbc96b2df5e,10.033
302,100,36c5686786e33493327be5d9963134196369c609cc1578c3299c3cbc96b2df5e,10.067
303,100,36c5686786e33493327be5d9963134196369c609cc1578c3299c3cbc96b2df5e,10.100
304,100,36c5686786e334d3327be4d9963334196169c609cc1578c3299c3cbc96b2df5e,10.133
305,100,f6c56867e26334d330fbe4d9963334196161c609cc1578c1299d3cbc96b2db5e,10.167
306,100,f3e56827f26334d3327be4db971336196161c609cc1568c1299d1cbc94b2db5e,10.200
307,100,b3057c27fe6724c3327be4da9703361b7161c609cc1568c1299d3cbc94b0df5e,10.233
308,100,9b057dc6ea6724c3327bf4ca9303361b7171e609cc1568c1299d3cbc94b0df5e,10.267
309,100,9b457d84eb6724833a6be4ca9707361b7371e609cc1568c129c93cbc94b0df5e,10.300
310,100,93457d84eb67a4833a6bf4ca9707361b7371e609cc1548c129c93cbc94b0df5e,10.333
311,100,93457dc4eb67a4833a6bf4ca9707361b7371e609cc1548c129cd1cbc94b0db5e,10.367
312,100,93457dc6eb67a4c33a6bf4ca9307361b7171e609cc1548c1299d1cbc94b0db5e,10.400
313,100,93457fc6eb67a4c3326bf4ca9303361b7171e609cc1568c1299d1cbc94b0db5e,10.433
314,100,93857f66eb67a4c3327bf4da9303361b7161e609cc1578c1289d1c9c96b05b5e,10.467
315,100,93857f66ef67a4c3327b74ca93033e1b7161e609cc1578c1289d1c9c96b05b5e,10.500
316,100,93c57f66eb67a4c3327bf4ca93033e1b7131e609cc1568c1289d1c9c96b05b5e,10.533
317,100,93c57f66eb67a4c33a7b34ca93033e1b3171e709c41578c128cd1c9c96b05b5e,10.567
318,100,93c57f66fb67a4c31a6b34ca93033e1b3371e709c41578c128cd1c9c96b05b5e,10.600
319,100,93c57fe4fb67a6c31a6b34ca93031e1b3371e709c415784128cd1c9c96b05f5e,10.633
320,100,9bc57de4fb67a6c31e6334ca93031e1b3371e709c415784128cd1c9c96b05f5e,10.667
321,100,dbe03de4fb67a6c31e6234ca83071e1b3371e309c615784128cd1c9c96b95f5e,10.700
322,100,dbe03de4fb66a6c31e6234ea83271e1b3371e309c615784128cd1c9c16b95f5e,10.733
323,100,dbe03f84fb66a6c31a6232ea83a71e5b3371e309c6157c4128cd1c9c16995f5e,10.767
324,100,dbe03f84fb66a6c31a6232ea83a71e1b3371e309c6157c4128cd1c1c1e997f5e,10.800
325,100,dbe43f84fb6686c31a6230ea83a79e1b3371f309c6057c4128cd1c1c1e997f5e,10.833
326,100,dbe43de4eb6686c31a6230ea83a79e1b3b71f309c6057c4128cd1c1c1e197f5e,10.867
327,100,cbe03fc46b66e6c21a6230eec3a79e5b3b71f309c6057c4128cd0c1c1e197f5e,10.900
328,100,c3e80fc46b66e7c21a6232eec3a79e5b3bf1f309c6056c4128cd0c1c1e197f5e,10.933
329,100,c38907cc6b66e7c29a6232eec3e79a5b1bf9f309c6057c4128c98c1c16197f5e,10.967
330,100,c18905cc6926e7c2df663aeec3e79a5b1bf9b309c6057c4128c98c1c16197f5e,11.000
331,100,c1180dcc6926e7c2dfe632eac1e79a5b9bf1b309e6057c412cc98c1c96195f5e,11.033
332,100,c11c05cc6926e7c2dfe672eac1e69b5b9bf0b309c6057c41acc98c1c96195f5e,11.067
333,100,c11885cc6926e7c2dfe672eec1e69a5b9bf0b309c6055c41acc98c1c9e195f5e,11.100
334,100,c11883cc6926e7c2dfe672eec1e69a5b9bf1b309c6055e412cc98c1c9e195b5e,11.133
335,100,c11983cc6926e3c6dfe672eec1e69a5b9bf1b309c6055e412cc98c1c96195b5e,11.167
336,100,c11983cc6926e3c6dfe672eec1e69a5b9bf1b309c6055e412cc98c1c96195b5e,11.200
337,100,c19905cc6926e3c2dfe672eec1e68a5b9bf03309e7055e41acc98c1c96196f5e,11.233
338,100,c19905cc6926e3c2cfe676eec1e6825b9bf03309e7057e41acc98c1c96196f5e,11.267
339,100,419d01cc6926e3c2cfe67aeee1e6825b9bf03309e7057e41acc98c1c96196f5e,11.300
340,100,419d81cc6926e1c6dfe67aeee1e6825b9bf03349c7055641acc98c1c96197b5e,11.333
341,100,419d80cc6926e1c4ffe67ee6e1e6c25b9af21349e7057641acc98c1c96195b5e,11.367
342,100,419d80cc6926f1c4efe67ee661e6c25b9af21369e3057641ac49861cde196b5e,11.400
343,100,419d80cc6926f1c2efe67ee661e6c25b9af81369e3057641ac49861cde196b5e,11.433
344,100,419d00cc6926f1c6efe67ee661e6c25b9af81369e3057641ac49861cde196b5e,11.467
345,100,419d00cc6926f1c6efe67ee661e6c25b9bf01349e7057641ac49861cde196b5e,11.500
346,100,c19901cc6926e1c2df667ee6e1e6825b9bf03349e7057e41acc98e1c96196b5e,11.533
347,100,c199018c6966e7c0df6276eec1e7825b99f13309e7057e41accd8e1c96194f5e,11.567
348,100,c1d9098c6966e7c0df6272eec3e7825b99f1b309c6057c41accd8c1c96195f5e,11.600
349,100,c1c909ac6b66e7c2df6230e6c3e7925b9bf1b309c6057c412ccd8c1c96195f5e,11.633
350,100,c1c909ac6b66e7c2df6230e6c3e7965b1bf1b309c6057c412ccd8c1c96195f5e,11.667
351,100,c1d9098c6b66e7c6db6270e6c3e7965b1bf1b309c6057c4128cd8c1c96195f5e,11.700
352,100,c1990d8c6b66e7c6db6270e6c3e6965b1bf1b349c6057c4128cd8c1c96195f5e,11.733
353,100,c199018c6966e7c4db6674e6c3e6925b9bf1b349c7057e412ccd8c1c96195b5e,11.767
354,100,c199018c6966e5c4df667ce6c1e6925b9bf0b349e7057641accd8c1c96195b5e,11.800
355,100,c1dd018c6966e1c4df667ce6c1e6925b9bf0b349c7057641accd8c1c96195b5e,11.833
356,100,c1dd018c6966e5c4df667ce6c1e6925b9bf0b349c7057641a8cd8c1c96195b5e,11.867
357,100,c199018c6966e5c4db667ce6c1e692db9bf2b349c705f64128cd8c1c96995b5e,11.900
358,100,c199018c6926e5c4df667ceec1e692db9bf2b349c705f64128c98c1c96995b5e,11.933
359,100,c199018c492ce5c4dfe67ceec1e692db1bf2b349c705f44128c98c1d96995f5e,11.967
360,100,c159818c492ce5c4dfe67ceec1e692db1bf2b349c605f44128c98c1d96995f5e,12.000
361,100,c119859d492ce5c4dbe67ceec1e692db1bf2b349c605d44128c98c1d96995f5e,12.033
362,100,c11b849d4b2ce5c4cbe67ceec1e692c71bf2b361c605d64128c98c1d96995f5e,12.067
363,100,c11b84994b2ce1c6cba67ceee1e693e71af2b361c705d64128c98c1d96195f5e,12.100
364,100,c01b84994b2ce1c6eba67eeee1e693e69af2b361c701d64128c98c1d96195f5e,12.133
365,100,c01b8499492ce1c6efa67eeee1e683e69af2b361c701d64128c98c9d96195f5e,12.167
366,100,c11b8099492ce1c4eda67eeee1e683ee9ef2b361c701d64128c98c9d96195f5e,12.200
367,100,c01b8099492ce1c7eda47e6ee1e683ef9ef2b361c701d64128c98c9d96195f5e,12.233
368,100,607b8699490ce307e1a45f6ee1e683e69ef2b361e701e64338c90c9d96195f5e,12.267
369,100,643687994b1de307e5855b6ec1e683e61ff63361a701864370c91c9d9499d75e,12.300
370,100,647697991d1dc307c9851b6ec1e683e63ff63363a603864770c9189d34b1d75a,12.333
371,100,64d687131c19cb27c9851b6ec9e683e63ff63363a6038447f0cb389d34b1975a,12.367
372,100,6dd687333819db2789851a6ec9ee87a63ff6334226038c47e0cb389d34b1b65a,12.400
373,100,6dd6a7335819da2709851a6ecbec9fa63fd6734326038c47e0c9789c2cb1b45a,12.433
374,100,6dd60f73383992670f859a6ccbec9f263d9677432e130c47c0c971bc28b1b45a,12.467
375,100,6d960e73383992650f05ba6c9bcc1f267ddee7432e130c47c0c971bc68b1b55a,12.500
376,100,6d9e0c73389192451f05ba6c9bcc1f2e74dee6426c1b1c47c1c9f1bc68b1d55a,12.533
377,100,cd9e1c6378b1b2051b05b26c9bcc1f0e74dee6c66c171c47c1c9e1bc68b1d55a,12.567
378,100,c91e0ce378b1f2251b01f26d93cc1f2e7c5ee6c64c171c478789e1bc68b1b55a,12.600
379,100,c91e0ce67ca1f2251f01b269b3ec1f0e787ee7c64c171c4687c9e1bd40b1b55a,12.633
380,100,c91e8ce61ca3f2271f213a69f2ec9b067c3ee3c64e170c4687c9e18d60b1f55a,12.667
381,100,c91ecdce19b372370f233e69ba6c9b063f1673c666170c4684c9e18d68b1b55a,12.700
382,100,c91eccce98f67a36cf231f293a6d9b073f0671c666168c06c0c9a98d68b1f55a,12.733
383,100,491eeccec0f678b647231f211e6ddb079f0639c66616ce06f0c9a98d68b1b55a,12.767
384,100,0956ec9ed0f27096e3231e611e69db079f1e39c67616c606f0c3a98d78b1b55a,12.800
385,100,8372879cf0d36896e1231ee31e69db839f0639c67606c606f4c3e98d78b1b55a,12.833
386,100,a3720f1db4d34096e13f8ce33e69db219f1338e67206c606b6e3a9cd58b1b552,12.867
387,100,f2720e7cb7d10196e1bec8e33e69fb219f1339c67206c606a6c3e1cd50b1b552,12.900
388,100,f25e0e5c36f91996c39ec8a33ce97b219f1b3dc27206ce06a6c3c3cd51a1a552,12.933
389,100,f352fe5c36581e99039cc1eb04ad78699f1bbfd07056ce16244353cdd1a9a552,12.967
390,100,9393db467e4c3e19131cc3c984cd786dd7199fd839d2ee06264352cdd169a552,13.000
391,100,09b3c9e3cd667c651f1c4bfcc1ed486dc3099f9939f07b06260752cdd129a552,13.033
392,100,36b9c9f3c9e77ce33e161b3cc1e0c8ec432dc7991df83b062607324dd129a552,13.067
393,100,b68d98bbe0f32cf33e068b16e1f2e4e4632d638d9cf81b06a706b34dd029b552,13.100
394,100,368ddb99f87a34f336438f160dd2e4e4f927718d8c780986a786bbc55029b552,13.133
395,100,13cd938df98cfc7116f387169dd264767823798dc43c09c6a3c6bbc55821b552,13.167
396,100,13ec938ddbccfc39166387168fd26476786379c9c4388986a3c6bbe55821b552,13.200
397,100,176593cddbccfcb91663831787da6630582338ebe4398996a3c6b3e55029b552,13.233
398,100,056793c5d9cc7cb93665831787dae630586338ebf439c896a3c6b3e1d029b552,13.267
399,100,076793c7d9cc7cb93667831385dae632586338abf439889683c6abe1d129b552,13.300
400,100,272313cedbccfce93e678a1785daee30506330abec198896a3c653e1d569a552,13.333
401,100,2b3393cefbccf4e92a6586970d50ee30556375a9e85888a5a3d657c195492d56,13.367
402,100,073393cedb9cf4e92a4786970f14fc33554374a9e85888a52bd657e1b5492956,13.400
403,100,0523b3ced398f4e92a25861f0bb4fc33116375a9f8588aa54bd657c9b5496956,13.433
404,100,052383ced198f4e97ea51c9e0ab4fc331572752bf8588aa54bd457cba5496956,13.467
405,100,4523828e95d8f1e976a5159e4ab4ae329572756bf858aaa54b94d5cba54b6856,13.500
406,100,0d63028eb5d8f1c976a7141e4ab4ae349572756bf858aaa54b9695cba54b6a56,13.533
407,100,2d235286b5daf1c9f6ef145e4ab4ae341572756bf858aaa5429495cba54b4856,13.567
408,100,8d234296b51ae9c9e4cf144e5ab4ee341572757bf058aaa54ab495cbad4b4a56,13.600
409,100,0c2356a7951ae9c9e4cf144e5abceeb40d72757bf058aaa552b495cb294b4a56,13.633
410,100,0c3342a7959ae1c8f54f144e4abceeb48c72757bfd58aaa542b495cba5494a56,13.667
411,100,0c334a97d19ab9e8766794464abcaeb48832356b7d58aaa54a96d7e9a5496956,13.700
412,100,2533ea97d19b3968366594464a9caf9c8833352b7d58a8a56ad657e9b5492956,13.733
413,100,7731e217c19b7c6837e19447ead42b9cc11395ab1d58cc25ead652e19549ad56,13.767
414,100,7731e317e09b7c683fe19447e8d4239ce71294ab1d585c25aad652e19549ad56,13.800
415,100,37b0a316e09b5ce93fe11663e854a39cc71294ab1f584e27a8d672e19569ad56,13.833
416,100,15b0a332e99b5ce91fe15663ec44a39c6112d4ab1f584627a9d67ae1d569a556,13.867
417,100,17b8f332e19b7cb91fe15263ec44a3dca312d0bb1f584627a9566ae1d161a552,13.900
418,100,96b8f312e19b7ca91fe15267e444f3cca112d2bb8f584627b556aae15161b552,13.933
419,100,86d8f31271db7ca99fe14267e54673cca112dabb875846273556bae159219552,13.967
420,100,96d8f39271db7ca99ee14a63b5467bcc31125abb875822177456b8f159219552,14.000
421,100,86d8f39271db3ea99ef1ca63b546fbcc31125abb975822177456b87049219552,14.033
422,100,86d87b9271cb3ee99eb1cb233746fbcc31125a9bd7d822177456b87049219552,14.067
423,100,86d87b9271cb3ea98eb16b233746fbcc31935a9bd7d822177456b87049219552,14.100
424,100,86d8739274cb3ea98eb16b233746fbcc51135a9bd7c8a21734f639704921d552,14.133
425,100,82d8739274cb2ea9ceb1e9233746fbcc51137a99d7c8a21734f679704921d516,14.167
426,100,8ad9719234cb3e2dceb3e9233744f9cc51937a89d7c8a21734f6597149219556,14.200
427,100,8ad9719230cbbe2dcf33e3277744e9cc51935a89d748a21774f6796149219556,14.233
428,100,cad971933cc9be29cb3763237744e9cc519b4a89d7c8221774f6796149219556,14.267
429,100,ead971933c499e39cb3761273744e9cc519bae89c7c8a21734f6796149219556,14.300
430,100,cad979933c499eb9cb3761237744e9cc509b2e89c7c8a21734f6796949219556,14.333
431,100,c0d97993304b1eb9cf33e1377744ebcc519b1c89c7e8a21734f6796949218556,14.367
432,100,c4d8799330493ebdce33a5337744e9ccd19b1c89cfe8861734f6796949218556,14.400
433,100,c4d83392724b3ead0c7305727344efcc919b1c8bcee8863734f6f9e949212756,14.433
434,100,84d86392634b3cad1c634172eb04e7ccd19b348bcee8863734f6f9e9c9612756,14.467
435,100,84fce192e74b3ced1961c172ab14c6ccd19b348b1ee88e3764b6f9e9c9610556,14.500
436,100,a4fccd92e78b74ad5961cb72aa04e6ccc19a348b3ee88e356496f9e9d9610456,14.533
437,100,b4fc4d92678b70cd59619a729a047ecce59a349b3ee81e350616f9e9c9651554,14.567
438,100,3cbc4d92e70bf8ed59609a769e041e8ce59a319b3ce81e340706fbe9da651554,14.600
439,100,7cbc099bc70be47b79e232661e8d2e1ce59b619b7c681c340706dbe9d2453554,14.633
440,100,e8b8099b9709e079f3e6b2e63e8d2f1ec99b619bf6683c240546dbe982453554,14.667
441,100,e9b09b1b3e0b69c1d3e624e47cad7b1e893ac39be2c8f4241c469fe98285f154,14.700
442,100,c3b0be1b7c4b0be7a7c66484f8adfa3e1b320f1bc3c9e064fc463e892685c154,14.733
443,100,93b0f41b54db1bc52fc6c98ce03d52723b325c1b0fc988e5f54e7e896c859554,14.767
444,100,3732e41bd0db3f855dc6990c8039f6767272551b0fc90ae5d54eeea94c8d1554,14.800
445,100,3632641bc0db7f857d86990c8279a4f67272b53b1bc95ac5c55eeaa9cc891554,14.833
446,100,3630641bc0db7e857d8e991c037984f67672f53a9b895ac5c55eeaa9cc891554,14.867
447,100,3730e41bc0db7f857d8e9918816984f67672f53a9b891ac5c55eeaa9cc891554,14.900
448,100,1fb06c1ac0db3f857dc699488129c4f66372f53a9f890ac5d55eeaa9cc8d1554,14.933
449,100,1fb0ec1ac0db3b857dc659488129c4f62376553a9f890ac5d55eeea9ec8d1554,14.967
450,100,1fb0ec1af05b33c57dc65949d029d4763376553a1fc90ac5f44e6ea96c851554,15.000
451,100,83b0fe1af01b93851fc64949d129d65e33365f1a1fc988e5f4466ea96c85955c,15.033
452,100,83f0b71a7c1bd3e507c64de9f82df25e11321f9bcbc9886474463ea92685915c,15.067
453,100,c1f8971a7e1b58e187e624e578adfa5e91320f9bcec9c8643c663ea12685c15c,15.100
454,100,e1dc979a3e1b58e183e2a4657ead3b5ed93a039b6ec9e8641d6617a10685c554,15.133
455,100,e9dcc3da1e0b7ae1c3e2a4652ead1b5ed81a019b6ee9ec64176697a19285c554,15.167
456,100,69dec3da1e0b7ae1c362a4652ead1b56dc9a03db6ee9ec64152697a18285e554,15.200
457,100,60da87ca1e0b7ae1c366e42c2ead1b56dc9e03dbeee9ec74172697a18285c554,15.233
458,100,e0da974b1e0b5ae1c362a4ad2bad1b5afc9a03cbeee9fc34132797a18285c554,15.267
459,100,e0d8974b1e0be3e1e362e42d0bac1b5efc9a01db6ee9fd64812797a18285e554,15.300
460,100,70dec74b1f09ebf1f160a42d0bbc1f56fc9a81c96ee97d34812793a19205e554,15.333
461,100,78dcc34b8f2969f1f160b62d09ac1f567c9aa0cb36e97d34c1279bb1d205a554,15.367
462,100,78ccc34b8f0b69f1f170b68c098c0f523e9af04b3ee96d30c133dbb9d265a554,15.400
463,100,3c4ef34bc78b69b1f970b68c80ac4f521e92f04f36e92f10c113dbf9d925a544,15.433
464,100,3e4e796bc78bacf17970968ce08c49d21e92f04fb2e9af10e113dbb95925a544,15.467
465,100,1e6e794fc38b39f07930968ce48c03529f52f86f1aeda790e1935bf959258544,15.500
466,100,1f66796fe3893c705d30d38ca4bc81539fd23c6f9beca75060936bb869258544,15.533
467,100,8f6271abe3990c305c35d3ccb46fcb53cf421c2febe8a7d0749369f849259144,15.567
468,100,1f6231abe3990c305eb5d3ccb41fcb53c7c21c2debe8a7d0f49369b82d259144,15.600
469,100,1f62708be7980c305ba4f3ccb41ffbd243c29c2debf885d07c9369b82d259546,15.633
470,100,0f73728bedd80c307ba4e3cc941ffbd207c68c2debe885d07c9369bc09259546,15.667
471,100,2fe36099ed981c30f38ce7cc101bdbd2074e9c2debf8e5927c9369b849259546,15.700
472,100,7ee3e299cdb01c30f38ca6cc1833dbd2170e9c2dfbf8a5927c8349bc49259546,15.733
473,100,7cebe2998df01431f78ca6cc1013dbd2164f186dcbf8c512f9a35bbc49258556,15.767
474,100,7cebc2998df03531f68d269c3037d3d2340e186d9ff88512e9a3dbfc58258554,15.800
475,100,fde3c2b999b07170a68d2e9c7076d7c63c4e786d9fd88d12c923dbe858252414,15.833
476,100,f5c2c6bb1bf1f160a40d4f99707687d67d4e706d3ed90d12c92393e9f8252414,15.867
477,100,f5c696bb1bf1f16044095f99f13687867d4ef0e93ed90d128123b3e9b0657414,15.900
478,100,d5c6973b3bf1e16014495d19f1768786ed4ee0e97e991d520323b7e9b0617414,15.933
479,100,9dce143b3bf1e1411559d939e1762f06cd5ee0e97e991956132326e9b261f114,15.967
480,100,9d4e353bb371c3411d59dd39e1f62f06c95ee0c9fe999952132326e9a261d114,16.000
481,100,9dce353b3661c3415559f179a1762d06d95ec1d9eeb9b95612232ee9a261d114,16.033
482,100,89c63d3b7621e3412559b939e37e2d06cd5ec1d9ef99b956122326e96249d154,16.067
483,100,e9c6153b36b1e36105499919e1fe0f06dd56c1cbef99b956132326e9e269d114,16.100
484,100,e9c6153f36a1e3611559dd19e1f60f06dd46c1eb6f999952132326e9e269d114,16.133
485,100,e9c6153f36a1e3610559d919f1f60f06dd46c1ebef999952132326e9e269d114,16.167
486,100,e9c6353b3631e3411559d939e1760f06dd4ec1f96f99b956122326e9e269d114,16.200
487,100,c94e343b3671e3411559f939e9760f06d95ec1d96eb9b956122326e9e269d114,16.233
488,100,9d4a353977e1c1511559f178e5660f06d95ec1b9fe99b956122326e9e269d114,16.267
489,100,9d4a37397741c5511519f378e5660f06d95ec1b97fb9b956322326e9e049d114,16.300
490,100,954a3739fb51e1419519f9386d660f86d95ec0b97fb1995612e326e9e069d114,16.333
491,100,e54b3739bb70e1599d19f938ad660fc6c94ee0b97f91191612a326e9e069d114,16.367
492,100,e54b3639fb70e1519d19f938a5660fc6cd4ee0b97f99191212a326e9f069d114,16.400
493,100,f54a3739fb60e1519d19d938a5660fc6dd4ee0b97f99191212a326e9e269d114,16.433
494,100,f54a1739fb60e5519d19d938a5660fc6dd4ee0b97f99191212a326e9e269d114,16.467
495,100,f54a3739fb70e1599519f938a5660fc6dd4ee0b97f91191212a326e9e069d114,16.500
496,100,e55b3631fb70e1599d19f978ad260f86d94ee0b97fb1191212ab26e9e061d114,16.533
497,100,955b3639fb70a1599d19f97aac260f86c95ee0b97f90191332ab26e9f061d114,16.567
498,100,f51b3631f370a159dd19f97aac260f86c94ee0b97f90191332ab26e9f069d114,16.600
499,100,f51a3639f3706159dd59f978a5260fc6c94ee0b97fb0191312a326e9f069d114,16.633
500,100,f50e173df7606159d559d939a5660fc6cd4ee0b97f98191212a326e9e269d114,16.667
501,100,ed4e123fff6021519559d979a0760fc6cd5ee0997f98191232a326e9f269d114,16.700
502,100,edde103fff702171d559d979b0760f86cd4ee0997f981912122326e9f069d114,16.733
503,100,edce103fb7702151d559d979b0768fc6cd4ee09b6fb81912122326e9f269d114,16.767
504,100,fdce14bfff6061509559f97931760f46cd46e0bb6f98191212a326e96269d114,16.800
505,100,edc600bf7fb661f28559d159b07e0f46cd46e09fef989912122326e96269f114,16.833
506,100,edc6c0af9fa661f2c4c9d9593079af068d46e06fefb89916902326e96269f114,16.867
507,100,edc6c8af1ea662f2a4c1df593079a7c60d46e04ff7d81d16903326e96269f114,16.900
508,100,eee4c0af9eae62e6a4c1dfd93079a7660f46e04ee7d89d16901326e93269f014,16.933
509,100,fee4c08f9eae6be664c5dfd9307927360f46c04ee5b89d14901326e96269f114,16.967
510,100,fee4c0ae9eae6ae666c7dfd9303927168f46c04ee5b89954901326e96269f114,17.000
511,100,dec0d0ae1fae7ae646c5d7d9307927169f46c14eefb89914901326e96269f114,17.033
512,100,dbc48caf1eae6ae644c5d7d970792ea61f46c14eedb89916901366e96269d114,17.067
513,100,dbc481af1e2e66e64cc59759b0792ea61f46c15eefb89956111366e960e9d114,17.100
514,100,d9ce192f372ee5e60dc1b759e2792e869d46815febb8911610336ee944c99154,17.133
515,100,93ce152f772ec5e70dc1b75962791e86995683dfcbb85152a0174ee944c99154,17.167
516,100,930e352ed52ec9a70d99b15942f17e26ba56039f5fb8b152aa974ee954c98154,17.200
517,100,033e752e9566dd811d11a2794af5fa86325603bb55b8a156aaa75fe9d549a154,17.233
518,100,352ef96e85e21d812a11e2f14ee67a1622de0bbb9df0a2566aa75de99549a154,17.267
519,100,7b3ef56e8dc31b812a5162f95ea63a4622d60ba99d70a2565aab5de99549a154,17.300
520,100,682efd62c7c31b912a5162f95ea6ba56225e53a9b570a2574aab5de99549a154,17.333
521,100,792ebd62c7c119912a5962f95ea6ba56225e43a9f570a2574aab5de9d549a054,17.367
522,100,792ef562c5c19d912a5962f95ea6ba56225e43a9f550a2574abb55e9d549a054,17.400
523,100,7d2ee562c3c19991aa5922795e26ba56a25ec3b9fd50a2574ab955e9d549a054,17.433
524,100,7d2ee5e2c1e18991a259627c5f26ba56a256c3a9fd50a2174abd55e9d549b054,17.467
525,100,1d2eede2c0e14cd9b259207f5fa6ba56e05ec9a9fd50a2170abd54e9d549b014,17.500
526,100,1d2ee563c0e1cd91bb59205f4fa6b956e85659b97d50b0172abd46e95549b114,17.533
527,100,1f2e353360e14d91b359205f4fa69d56e85669a95d58b8172abd46e95449bd1c,17.567
528,100,1f2e353370f14d99b159a24f4fa68d56e85679a915d8b113aabd46e954499d14,17.600
529,100,9fa6303370f14f999059b24f4fa68d56b8566ca915d8b513aabd66e954499d14,17.633
530,100,87a630737cf10fd99059f10b4fe68d56b9566cb915589503aafd62e954499d14,17.667
531,100,87a730337ef10fd99858b34b4bf68d56fd462ab9055cdd02aafc22e974498514,17.700
532,100,c7a710333ef16dd9d919b30f63b6d546bd462cb900dcdf02aa7e22e97601c514,17.733
533,100,c7a718333ef126d9d909bb2de3b6c5163d4224bd805cdf02237e22f9ff01c514,17.767
534,100,e3a798b33ef126f9d90ddf09a3b6c5561d4224b9c05cdf02017e223dff01c554,17.800
535,100,6386d8b71e73a6f9480ddf09a1b7e5561d42b4ade05c5fc2011ea239bf21e554,17.833
536,100,63e6e8b71a33b6f1480d5f0d31b9e5161d4294abe45c4fd2011e903dbf61e5d4,17.867
537,100,65e6f8871a33b2f1601d5f0938f9f1162f4296abe05c4fd2015e903dbfe165c4,17.900
538,100,65c678871a33b2f1605d5f0d99b9f0962d4296abf05c4fd2015e903dbfe165c4,17.933
539,100,65c678871a33b2f1e05d5f0d99b9f0962d4296abf05c4fd2011e903dbfe165c4,17.967
540,100,65c6f9871a33b6f1e25d5f0938b9f0360d4696abe05c4fc2015e903dbf6165c4,18.000
541,100,65c6f1871a33b6f168595f0dbbb9e1364d4294abe05c4fc2015e903dbf61e544,18.033
542,100,65c6c9879a33a6f148195f09b3bde1161d46b4afe05cdfc2015ea03dbf21e554,18.067
543,100,67c6c1a71ab326f14c19df092af9e1361d4624afe0dcdfc2015e223dff21c554,18.100
544,100,67c6c1a71ab326f14819df092af9e1761d4624afe0dcdf42015e223dff61c554,18.133
545,100,e7c6c1a71ab326f14819df092ab9e1761d46a4afe0dcdf42015e223dff41c554,18.167
546,100,6dc6c1879ab326f14819df092ab9e1365d46a4afe0dcdf42015e223dff61c554,18.200
547,100,6dc6c1879a3326f14a19de093ab9e1365d46a4afe0dcdf42015e223dbf61e554,18.233
548,100,efc4c1869a3326f14a59de092ab9e1365d46a4afe0dcdf42015e223dbf61e554,18.267
549,100,efccc1863a332ef148d9de093bb9c1365d42acaf80dcdf42095e223d7f41c554,18.300
550,100,efccc1863a272ef14cd9fe0933a9c1365d462cab80dcdf42895e22b97f41c554,18.333
551,100,e9ccc1863a272ef14cd9fe0933a1c1365d462cab80dcdf42ab5e22f97f41c554,18.367
552,100,efccc1a63a2766f10cf9980973a9c1a6fd462cab40dcdd42ab5e22f97741c514,18.400
553,100,ebccc12638276eb148f9b80973a9c1b6fd462caf40dcdd42ab1e22f97749c514,18.433
554,100,ebccc126f0676eb14cf9b44973a98136fd5628ab04dcdd42ab1e22f97549c514,18.467
555,100,ebcc8326b0676eb14cf9b04973a981b6fd5628ab04fc9d42ab9622f97549d514,18.500
556,100,ebcc8326b0276eb14cf9b04973a987a4fd566cab04fc9d42aa9622f97549d514,18.533
557,100,ebcc832630676eb14cf9b00973a987a6fd566cab05fc9d42aa9622f975499514,18.567
558,100,ebcc832630676eb15cf9b00973a983a6fd566cab05fc9d42aa9622f975499514,18.600
559,100,ebcc8326b0276cb34cf9b00973a983a4bf566cab45fc9d52aa9662e975499514,18.633
560,100,efcc8326b0676ca34cf9b00973a983e4fd466cab05fc9d52aa9662e975499514,18.667
561,100,efcc8326b0676ca34df9b84972a903e4f94668af05fcbd52aa9662e975498514,18.700
562,100,efcc8326b0676ca34df9b04972a903e4f94668af05fcbd52aa9662e975499514,18.733
563,100,efcc8b26b0276ca34df9b04972a903e4f94668af05fcbd52aa9662e975499514,18.767
