0,100,d6a596dd25384b697961001fbfd20493e5867d7d0129d7c89697a4b4fef4480e,0.000
1,100,d6a596dd25384b697961001fbfd20493e5867d7d0129d7c89697a4b4fef4480e,0.033
2,100,d6a596dd25384b697961000fbfd20493e5867d7d0069d7c896b7a4b4fef4480e,0.067
3,100,d6a596dd25384b697961001fbfd20c93e5067d7d0169d7c896b7a4b0feb4480e,0.100
4,100,d6a596dd25384b697961001fbfd20c93e5067d7d0169d7c896b7a4b0feb4480e,0.133
5,100,96a596fd25384b697961001fbfd20c93e5067d7d0169d7c896b7a4b0feb4480e,0.167
6,100,96a596fd25384b697961011fbfd20c93e5067d7d0169d7c896b7a4a0feb4480e,0.200
7,100,d6a596fd25384b69f961001fbfd20c93e5067d7d0169d7c816b7a4a0feb4480e,0.233
8,100,d6a596fd25384b697961001fbfd20c13e5067d7d0169d7c896b7a4b0feb4480e,0.267
9,100,d6a596fd24384b697971001fbfd20c13e7067d7d0149d7c896b7a4b0feb4480e,0.300
10,100,d6a596fd24384b697971001fbfd20c13e7067d7d0149d7c896b7a4b0feb4480e,0.333
11,100,d6a596fd24384b697971001fbfd20c03e7067d7d0169d7c896b7a4b0feb4480e,0.367
12,100,d6a596fd25384b697971001fbfd20c03e7067d7d0149d7c896b7a4b0feb4480e,0.400
13,100,d6a596fd25384b697971001fbfd20c03e7067d7d0149d7c896b7a4b0feb4480e,0.433
14,100,d6a596fd24384b69f971001fbfd20c03e7067d7d0149d7c816b7a5b0feb4480e,0.467
15,100,d6a596fd24384b69f971001fbed20e03e7067d7d0149d7c816b7a5b0feb4480e,0.500
16,100,d6a596fd24384b69f9f1001fbed20c13e7067d7d0149d7c816b7a5a0feb4480e,0.533
17,100,d6a596fd24384b69f9f1001fbed20c13e7067d7d0149d7c816b7a5a0feb4480e,0.567
18,100,96a596fd2d384b69f9f1001fbed20c13e706797d0149d7c814b7a5a0feb4484e,0.600
19,100,96a596fd2d384b69f9f1001f3ed20c93e506797d0149d7c814b7a5a4feb4484e,0.633
20,100,96a586fd2d384b69f9e1011f3ed20e93e506797d0149d7c814b7a5a4feb4484e,0.667
21,100,96a5a6fd2d384b69f9e1011f3ed20e93e506797d0149d7c814b7a5a0feb4484e,0.700
22,100,96a5a6fd2d384b69f9e1011f3ed20e93e506797d0149d7c814b7a5a4feb4404e,0.733
23,100,96a5a6f92d384b69f9e1001f3ed20f93e506797d0149d7c814b7a5a4feb4484e,0.767
24,100,96a5a6f92d38cb69f9e1001f3ed20d93e506797d0149d7c814b7a5a4feb4484e,0.800
25,100,96a5a6f92d38cb69f9e1001f3ed20d93e506797d0149d7c814b7a5a4feb4484e,0.833
26,100,96a5a6f92d38cb69f9e1001f3ed20d93e506797d0149d7c814b7a5a4feb4484e,0.867
27,100,96a5a6f92d384b69f9e1001f3ed20d93e506797d0149d7c814b7a5a4fef4484e,0.900
28,100,86a5a6f92d38cb69f9e9001f3ed20d13e506797d0149d7c814b7a5a4fef4484e,0.933
29,100,c6a5b6f92d38cb69f9f1001fbed20103e506797d0149d7c814b7a5a4fef4484e,0.967
30,100,d6a5b6f90d384b69f9f1801fbed20103e586797d0149d7c814b7a5a4fef4480e,1.000
31,100,d6e5b6d90d384b6979f9801fbfd20103e586797d0049d7c814b7a5a4fef4480e,1.033
32,100,d6e5b6d90d384b697979801fbfd20103e586797d0049d7c814b7a5b4fef4480e,1.067
33,100,d6e5b6d90d384b697979801fbfd20103e586797d0049d7c814b7a5b4fef4480e,1.100
34,100,d6e5b6d90d384b697979801fbfd20103e586797d0049d7c814b7a5b4fef4480e,1.133
35,100,d6e5b6d90d384b697879801fbfd20103e586797d8049d7c814b7a5b4fef4480e,1.167
36,100,d6e5b6d90d384b6978f9801fbfd20103e586797d0049d7c814b7a5b4fef4480e,1.200
37,100,d6e5b6d90d38cb69f8f9809fbed20103e506797d0049d7c814b7a5a4fef4480e,1.233
38,100,d6a5b6d90d38cb69f9f9809fbed20103e506797d0049d7c814b7a5a4fef4480e,1.267
39,100,c6a5b6d90d38cb69f9f9809fbed20103e506797d0049d7c814b7a5a4fef4484e,1.300
40,100,86a5b6f92d38cb69f9f9009f3ed20107e506797d0049d7c814b7a5a4fef4484e,1.333
41,100,86a5b6d92d38cb69f9f9009f3ed20907e50679fd0049d7c814b7a5a4fef4404e,1.367
42,100,86a5b6d90d38cb69f9f9001f3ed20d07e50679fd004997c834b7a5a4fef4405e,1.400
43,100,86a5b6d90d38cb69f9f9001f3ed20d06e50679fd804997c834b7a5a4fef4405e,1.433
44,100,86a5b6d10d38cb69f9f9201f3ed20f06e50679fd804996c834b7a5a4fef4405e,1.467
45,100,86e5b6d10d38cb69f9f9211f3ed20f06c50679fd804996c834b7a5a4feb4405e,1.500
46,100,86e5b6d10d38cb69f9f9201f3ed20f06c50679fd80499ec834b7a5a4feb4405e,1.533
47,100,86e5b6d14d38cb69f9f9201f3ed20f06c50679fd804996c834b7a5a4feb4405e,1.567
48,100,84e5b6d14d38cb69f9f9201f3ed20f06c50679fd80499ec834b7a5a4feb4405e,1.600
49,100,86e5b6d10d38cb69f9f9201f3ed20f06c50679fd80499ec834b7a5a4feb4405e,1.633
50,100,86e5b6d14d38cb69f9f9201f3ed20f06c50679fd804996c834b7a5a4feb4405e,1.667
51,100,86e5b6d14d38cb69f9f9201f3ed20f06c50679fd804996c834b7a5a4feb4405e,1.700
52,100,86e5b6d10d38db69f9f9201f3ed20d06c50679fd814996c834b7a5a4feb4405e,1.733
53,100,86e5b6d10d38db69f979201f3ed20d06e50679fd814996c834b7a5a4feb4405e,1.767
54,100,86e5b6d10d38db69f979201f3ed20d06e50679fd814996c834b7a5a4feb4405e,1.800
55,100,86e5b6d14d38cb69f979201f3ed20d06e50679fd814996c834b7a5a4feb4405e,1.833
56,100,86e5b6d14d38db69f979201f3ed20906e50679fd814996c834b7a5a4feb4405e,1.867
57,100,86edb6d14938db69f97b201f3ed20106e50679fd814996c834b7a5a4feb4405e,1.900
58,100,86edb6f14938db69f97b201f3ed20106e50479fd814996c834b7a5a4feb4405e,1.933
59,100,86ed36f94938db69f1fb201f3ed20107e504797d814996d834b7a5a4feb4404e,1.967
60,100,86ed36f94938db61f1f3201f3ed20107e704797d814997d814b7a5a4feb4484e,2.000
61,100,86ed36f94938cb69f1f3001f3ed20107e704797d814997d814b7a5b4feb4484e,2.033
62,100,86ed36f90938cb61f0f3a01e3ed20107ef04797d8149d7d814b7a5b4feb4484e,2.067
63,100,866d36f90d38cb61f0f3a01e3ed20107ef24797d8149d7d814b7a5b4feb4480e,2.100
64,100,866d36f90d38cb61f0f3a11e3ed20107ef24797d8148d7d814b7a5b4feb4480e,2.133
65,100,866d36f90d28db6170f3a11e3fd20107ef24797d8148d7d814b7a5b4feb4480e,2.167
66,100,866d36790d28db617073a11e3fd20107efa4797d8148d7d894b7a5b4feb4480e,2.200
67,100,866d36790d28db617073a11e3fd20107efa4797d8148d7d894b7a5b4feb4480e,2.233
68,100,866d36f90d28cb6170f3a11e3fd20107ef24797d8148d7d894b7a5b4feb4480e,2.267
69,100,866d36f90d28cb617073a11f3fd20007efa4797d8148d7d894b7a5b4feb4480e,2.300
70,100,866db6f90d28cb617073a11f3fd20007efa4397d8148d7d894b7a5b4feb4480e,2.333
71,100,c66db6d90d38cb617073a11f3fd20007e7a4397d8148d7d894b7a5b4feb4480e,2.367
72,100,866db6d90d38cb617073a11fbfd20107e784397d8148d7d894b7a5b4feb4480e,2.400
73,100,c66db6f90d28db617073a11e3fd20107e784397d8148d7d894b7a5b4feb4480e,2.433
74,100,866df6790d28db6170f3811e3fd20107e784797d8148d7d894b7a5b4feb4480e,2.467
75,100,866df6f90d38cb61f0f3811e3ed20107e704797d0148dfd894b7a5b4feb4480e,2.500
76,100,866df6f90928cb61f9f3811e3ed20107e504797d0148dfd894b7a5b4feb4484e,2.533
77,100,866d76f94928cb61f9f3811e3ed20187e504797d014997d894b7a5b4feb4484e,2.567
78,100,86edb6f94928cb61f9fb011e3ed20187e504797d014996d814b7a5a4feb4585e,2.600
79,100,86edb6f94938db61f1f3011e3e520797c10479fd01499ec834b7a5a4fcb4505e,2.633
80,100,86e976d94b78da61f9f7271e3e520f96c10479fd01499e8024b7a5a4f8b4505e,2.667
81,100,a6f924d1df79d261f167271e78120fb6c104f9fd81499e8024b72da4f8b4d05e,2.700
82,100,acf924d1db79d263e167271e78124fbe8b04f1fda1491e8024b72da4e0b4d25e,2.733
83,100,acf924d1df7992e3a1672f5e70124f360b0cf1fda1493e802cb72da4c0b4d25e,2.767
84,100,acf924d19b7892c3a3672f7e70120f360b0cf1f9a1493e906db76da481b492de,2.800
85,100,2cf924d19f7892c3a3672f7e70120f360f0ce1f9e1493c906db76da481b492de,2.833
86,100,2cf924d19f7892c3a36f2f7e70920f360b0ce1f9e1493c906db74da481b492de,2.867
87,100,2cd924d19f7892c3c36f7f5ef0920f360f0ce1f9e1493c106db74d2481b492de,2.900
88,100,2cd924d19f7892e2c34f7f5ef0920f360f0ce1f9e1493c106db74d2581e492de,2.933
89,100,2cd924d19f3892e2434f7f5ef0920f360f2ce1f9f1493c106db74d2581e492de,2.967
90,100,2cd925d19b38b2e2036f7f5ee0924f161f0ce1f9f1497c126db7492581a492de,3.000
91,100,6c81ad91bd30b6a203ef7d5ea282de161f0e83f9e1497c126db7492581a4b2fe,3.033
92,100,6ca16d91bd30b6a203ef7c5ea2829f161e0e83e9e9497c126db74b218ba4a2fe,3.067
93,100,4da16db1b530b6a207ef785ea2c29e161e0c83e9f94974926db74b210be4a2fe,3.100
94,100,4da16d91f430b3a217ef785c86c29e16100c23e9f94974b2edb75b210be5a2fe,3.133
95,100,41a16db1f431b1a21eef705c06c29e56904e03e9f049f4b2edb75b210be5a6fe,3.167
96,100,41a16db1f43027a21eeff05c4fc29e06906e27e9b049e0b2edb7db210b6526fe,3.200
97,100,85a16db1f43127a21eede05c4fc29e06907e2fe93059e0b2c9b7db210b6526fe,3.233
98,100,85e14db1e03127861eede0dc4fc29e06927e2fe93059e0b2c937db211b6526fe,3.267
99,100,0fe159b1a0b137063eeca2dc4f421626b3fe7f892059e0b2d937da211b6526fc,3.300
100,100,0fe1d9b1e0b13f0436eca2dccb469626a3fe7f096019e0b2d937da211b6524fc,3.333
101,100,1fe1d931e1b13f0436a806fdcb46964e07feff09201961b2d9379a219b6524fc,3.367
102,100,1fc1d921c1b13f0434aa06fdca5e924e27feff09609961b2d923da21bb6524fc,3.400
103,100,7fc1d921c1b13e0437ea06f8c25e905e27fefb09649941b2d922da25ba6d24fc,3.433
104,100,7fc1c12189b17c14356e4ff8825e165e3ffef209649949b2d9229a25b64d24fc,3.467
105,100,fe0181610bb1fc34656c8ff8025e16deffaa6209699949b691269a25f64d65fc,3.500
106,100,f40303e99b31f4346dec0ff802de37deff8262096989d1769226b225744d6dd8,3.533
107,100,d04303e9bb31f4146dca0fb812deffdefd036009e9a9d1769a22b025744d6dd8,3.567
108,100,d5430fe9bb21f5146dc81fb816dfeede75036809c9a191769a62b025644d6dd8,3.600
109,100,05533fe9fb25e534cdc81f9816dfeede75036889c98191749a623025644d6fd8,3.633
110,100,0573bfe8fa24e4344dfa17f8b6dfee1675036889498199749a22302564cd6fd8,3.667
111,100,0573bfe8f224e5144cda17f9b6fffa127503688949a199749a22902564cd6fda,3.700
112,100,07f1bfe8f234e5944d9a1779b6dfd2027503688949a1d9749a22902564cd7fda,3.733
113,100,07f1bff8f234e5940d9a1779badfd20275436c894921d9749a22922564cd2fda,3.767
114,100,47f1bf38f23465d40d9e177baadfd20275432c894da1c9749a22922564cd2fda,3.800
115,100,07f0bf38f236e0d40d9e577beadfd20235432c896da14974db229205e64d0fda,3.833
116,100,47f0bd38fa3e605404de577bfacffa0237432c8964a14974db22d205e64d0fca,3.867
117,100,47f2fd38fa2e605408de576bfacfda02b7432e8924a16d34cb32e205e64d06ce,3.900
118,100,45f2fd38fa2e40542cde576bfb4fda029743368924a16d34e932f207e24d06ce,3.933
119,100,07fafd1cfa2e505428de536a694ddb039743b6c926b16d34e932f207e24506ce,3.967
120,100,26ba7d1cba2e505628de326a694dcb83df4396c926b965b4f9b2f903724502ce,4.000
121,100,26b85d1ca82e5256a8d626ea6d4d4b83df6392e916f925f4f9b27903724502ee,4.033
122,100,a2b9559aa90e522680d6a2ea256d69834f6392e992f935f43db27913fb45c0ee,4.067
123,100,a2bd579aed0dc226c056b2aa35692d874f23cb6992f914d43d923d13f945c0ee,4.100
124,100,32bd169a7d1d6a26c056925e94ea2d856d23cb6982f956d41d923d13bd45e0ee,4.133
125,100,913dae9c559d6a2e44569a5696eaa5c565a3c969c2f946d41c921c13bf45e0ee,4.167
126,100,d13daa9d159aab8d60464a5696eab7c565a3e161e27946d40e921e93bf4560ee,4.200
127,100,553d8a9d1d9eab8d68464a56d2eab7c5e5a3e161637946d00e921e933e45e0ae,4.233
128,100,553c8abd9f9ea78d68864956daeab6c4f4a3b121e37902540e921f933e45e12e,4.267
129,100,552a8bbdde8cb51d20ae69565a6a96e0f4a3b123e379a35c0e9a1f131e45e12e,4.300
130,100,653a4f3d5a8cb51524af69565a525e42dca7b1a3e179a35c0f981f123e45b12e,4.333
131,100,677a4d78da88971524af6d56da56d64ad8a7b1a3817923dd0f903e125e15116e,4.367
132,100,2af26d78daa8969c648f4d1efa56d64ad8a391a301798be95f11be1a1e15116e,4.400
133,100,2af36d78db28169c648f6d3fea56dc4ad8a381a301718be9df11fc1a1c155166,4.433
134,100,26d76f704968169c268d6d2febf6da4ad8c201a705710be9df11f83afc150366,4.467
135,100,26d76e7009481638a69d6d2feb35ca5ed0c203a725710be9fb11f83af81f03e6,4.500
136,100,a4d76e7009681638f6bded2fe935ca5ec0c203a765610fe9f811f81af81b07e4,4.533
137,100,b4df2e5309605238f6bcedafe935ca5ec0ca03a765612fe9d811e81ad01b0fd4,4.567
138,100,b4cf2e5309601a18f6bcfd8fed358a5640da03a777612fe9d811e81ad01b1fd4,4.600
139,100,94c936d72d60196872bcfcafed358a5640de03a777e1ffe9d8118012803b5f54,4.633
140,100,948936d72d60196872b8f6ade5bda756005e03a777e37fe1d811803a80bb5f54,4.667
141,100,c88992dfa5632d687a1cf6bdf5bda552044e088777a37fe1cd11c03a009b5f54,4.700
142,100,498792dfb743ad683a1cf27cf4bda5120c4e08c77fa37fe1cd11803a009b7d54,4.733
143,100,4997d2df3753ad68b8dc7274f4bda512044e08c73fa37fa1cd11803a009b7f54,4.767
144,100,2d974add134bb5a0a85c7a74f6bd8592056a08cf3f93ffa1cd11c03a00db7d1c,4.800
145,100,ac966a511b4bf6a0ac7cb950f2bd459a056a2ccf3fd3bfa1ed01c03a005b7d98,4.833
146,100,b497ab43496b56a0f47cb950f23d449a072a244f2fd3bfa17581c03ae05b7d9c,4.867
147,100,d4deb943296b5aa176749d10ba3582db93aa864e2dd39fa17581e01ae05b1f9c,4.900
148,100,76ded443a56b0aa17274dc2af915a25f92aa866e95c39fb137c1e01ae05b169c,4.933
149,100,2ade5a43552b28ad3af4542add15a25d828a932e97c38ff13ec5f01af01b16fc,4.967
150,100,afd47a5a552b24adab557e2add90815d028a832e964b0ff13ec5b01bf01b1ef8,5.000
151,100,bfd4aa5a540b24adab557e224c90015d02ce8ba6d64b5fd13ec5b01bf01b7ef8,5.033
152,100,95f6ab52480a54a9b955fa266cb0415d02ce8ba6d64bdfc13ed5b09bc01b7ed8,5.067
153,100,57b5ab56a84254abbdcdb9646cb04519034a0bb6566edfc17fc5a09b003b7ac9,5.100
154,100,54bdd7f4a95202ab74edb965e8226530055b0bb6036eff41ffc5229b003b6ac9,5.133
155,100,2eaf56b5af54281a76abbd45a026603025790bfe0b2efe49ff4522db003b6ac9,5.167
156,100,a94f16ad1d44ad5276abd5cda06620b035792ffe0b3e7e4bfb0526d9003b6249,5.200
157,100,ad4f1aad5f24ed52a2bbd58d816620b055796fde0b3e720bf9052ed101fb4849,5.233
158,100,ed5f32ad5f24f556aabbd18d816620b355686ddafb36000bc8056ed107fb4149,5.267
159,100,751fb2cd5a24d556a25b518d956626f37528edc8e936000f4005fed13ffb0b49,5.300
160,100,651fb24d3a255506a2fb1a8d37e427d345a9ed086936024f0005fed1fffb4b49,5.333
161,100,451f015fbae55526a6dafa9977242ed24da948084976126f0047c8d1fffb5b49,5.367
162,100,2cb3455fa2e55d26a4d2fad9750c66524921c969895672ed10c78895f6bbdb49,5.400
163,100,2ab35d5da2cd4d2625d2aad9412c6c5649619b699b56f6e994df9895349bd901,5.433
164,100,aaa05d19bacc4166fd3a2ad1512cec56db5393699356b6e8b4df3097249b9123,5.467
165,100,8aa465b09a5c43e6592ea6d1d92dccd69b5333a9925626e8b49f219764bbd523,5.500
166,100,cba564b19058be4e41aea651dbad8c1e9953b229365626f834df21b764bb5523,5.533
167,100,4b27e4b195189a4c4daea651fba198bc9f52b22936562ef8348d49b766ab5523,5.567
168,100,aa0fcfa534303bcc5d2ec65bfa2111bc3c5633a964576cf06489c9b7ec2b5123,5.600
169,100,a26fde2765b0e2dc556e8e5b2081733c60d6662bc4d7c8b0cd999b37886b9562,5.633
170,100,6eda182f4da0a29c554eb8fa0883476caf96482bbdd798a18f19333638ebb746,5.667
171,100,6e9ab26f69218e90554ea8ead0871764ae9650ebb9571ba13f19736662eb2646,5.700
172,100,469a334f89255690555aaaa8550faa6538b6574bab1772a1f459e666c6cbec56,5.733
173,100,d68a2b4d50a5a4d0eb4a7da9955faae055b6f74baa3784a104558cee1c8b59d6,5.767
174,100,249fd35d35a7aa90565a8109aa6f56a0b556aadb52aa7d413ad5788e712be394,5.800
175,100,7dbda25d55275012acdaaba954cd95242b5452bb956ae955e295d1aac7538634,5.833
176,100,d1a86edd9d4fa21759b252a9ad5d6b6c5294b5ab294212d505ad275a2e533c74,5.867
177,100,252a8ad46b45c6b7b562a4ab4bddd66ca4a4497a5ad6a4b52d294e5ad895f0e4,5.900
178,100,4d2eb694d35d3ca76b52dcabb69d6d4c4924965aa496492dda499cf221a703cc,5.933
179,100,1d6ecda0264dd0ac965225ab6dbdd04db2646cd24925b26986d979f64b2b7f88,5.967
180,100,f36e1928cedd25ae64d6d92b9a3925d964a49952332d64d94d91d366926bec18,6.000
181,100,864c77298edd7926ccd6336b36b94d99c9ac3346e66d9d9bdb35274424cb0810,6.033
182,100,1e4cf5293a9dd3268cd6666b6eb19b991bac6656cce93993b3356ec4c48b1011,6.067
183,100,3accc5293a9d93263c96c44b8cb1b331376cc4d698e973336635fcc48d9b7071,6.100
184,100,fac8c529aad517667896cd4b98a133316e6ccc9618a967334e65f9c4999b7071,6.133
185,100,b8c8c529aad507666896894bb8a16731ee6c999639a9e733ce65f9c41b9b6071,6.167
186,100,9ad8d529aed56766e096994b32a16731ceec199631a9c623ce65f1c43b3b6071,6.200
187,100,8ad9dd2b2ec56766e096194b72e16611ccec199671a9c6639c6573c4373be071,6.233
188,100,9ad97d292ec5c7668896394b66e1ee118cec119671a9ce639ced7384373b4071,6.267
189,100,9a4b7d212ecdc726b892396b66e1ee1c89ec319a612bce639cfd7384373b4041,6.300
190,100,3a4f75a0cecdc3263893796bc6a5ce5c19ec3312e3638e63bcfd7384263b4041,6.333
191,100,7b60c7acc25fd33239d37d6bceb58d7c338c7312c6e19c6338fd6384063b4040,6.367
192,100,c3688e9cf35f33b239d3ce69ce95997c3386f212c6e19c6331fd6384063b7040,6.400
193,100,c1388e9df1473ab239dbc629ce9591fc3386f21ac6e19c7b31dc7384063bf840,6.433
194,100,f1b88e87792312b030cbc62dcf9491ec3b86f21bc6e18c7b31d47386c73bfc40,6.467
195,100,799c8e47192202f0704be72ddfdc98ac3b86721bc6e58c3b30d43386e71bfc64,6.500
196,100,9c878e4711b272d87469e7a598dc98a61bc3723bc6e5cc3b38d43b82e38b1e64,6.533
197,100,ce83e36331b87a5d672dc3959c5c98a63bc3733bc665cc1d18d43982638b0e74,6.567
198,100,fa4331623ab83f4d67adcbd5dc5a99a63b537339c625ce1d18d43182238b0674,6.600
199,100,3b73353a3a9d074de3a5ccd4dc4a93a7315b7339c6258c1d98f4b182318bc674,6.633
200,100,131a1d9e02dd6765e295cc569c6a91b3310b73b9c7159c1d98f4b98ab989e674,6.667
201,100,f58f048d626167a56e97cc6a9aaa99b3390873f5c705cc4dccf419cab8a96634,6.700
202,100,65af2a45376023a46e56c76ad8b389931d8871f56385ce6dcc701cca8fb9233e,6.733
203,100,96a1ba501130f8946252672a48b3cdd19d8d39f56385666d6672cccbc7b9b33e,6.767
204,100,f721817071b62c9c275a67aa4c93e5c18ced39753385662d2672cec361b9b91e,6.800
205,100,eb7c993e3e9fa44a376a662826d1e0ecce2d9954b387333c123266c321d95996,6.833
206,100,fd4e8497b6c3814a13aee2213f716c6dcf27ddd49987b33c9212366388d90c96,6.867
207,100,4d06c2837b40c16a1bbfbe0105737e2567b7ccd0d9c39b1cd2523263ccddcec6,6.900
208,100,77a208d11f60e02a8fb5f011867f32a5619764d0ccc1d99cda6a9b6bfe4de6c2,6.933
209,100,3ea2c850ffa8642ec6d57619c33798a5b0df26406ce54d9c696acb3f264d33c2,6.967
210,100,9e9068581fac360762d51b097bb3cea5985fb260346da4cc2c2b69bfb36db162,7.000
211,100,ef40245c83bc3e0702558f0929bb4ed5485fd368966ff4cc942b65bf992d9863,7.033
212,100,af4cc04cc3e78207e1758d8920fb66554c4edb78122712ccd60b34bfdd2fdc63,7.067
213,100,874c702e43e7fa077dfdc589903333456d2e69bc0a075a4c46891cdf4da74e2b,7.100
214,100,574c20276af7db1715f5c0899033b3452dbe29bcca070a6442899edf6da74b3b,7.133
215,100,1f2cb0176bd7191704f46201db11b3c7a4bf2db4eb07a8646b8986d721b72b3b,7.167
216,100,c707b85303d3491794fd7601cd3b1be7a4bfa494e103ad642bd9ca57a1b52923,7.200
217,100,de03185361db6c0b96fd3b894d7f19e7921f94c07103ad6439c94a77b095ad23,7.233
218,100,4f03a85badc97c5f9eed3b89441658e2d21edcc07d038dec99cb4a5794958d81,7.267
219,100,cf03f859adc9763e8ae089892410c8e35a0edef01f93c5fc8d4f4b57d4d5d481,7.300
220,100,c703fc7da7e1763ecae08080a410e8e37b0e5ef157b346fc844fa95752d5d680,7.333
221,100,6f011c6df3e07e3e48e0ff80b632ede37b8f46f151fb423ca409a91752555680,7.367
222,100,6731d46df1d03f3e6860dfc8b732adef2bff02f940da523cb409ad035a515280,7.400
223,100,2304de64d1beb71e7d705f88141225ef899fa279e8defa2cf401fd03fa410ad0,7.433
224,100,93044f6c489e973aa5f46bccda92d06fc00f3039ac462b1c5fe157c3af61abf0,7.467
225,100,f984a67e688e41ba94b4a1cceb9a7a277c8f5d1d1446819402e143eba579bd7c,7.500
226,100,1986a23facc669be563494602d1b1a272e87cf8dd726e5c4e07140e3d4bd9d7c,7.533
227,100,5c96730faee6ab9e4ab4946005938b2787c6eb8d72a2f4d4f831a87154bc157c,7.567
228,100,2d8713cfc6f2a89c6b74d269a083cbf793cd298d3ab25cc43c11ac315abe471c,7.600
229,100,a98779ef567ca4582b347a69b0c329f7d16e84c58b320e6c1f110611eb9ee70e,7.633
230,100,848f8b79775c555ead302a69d4d3043fcb6ef6d4c112836dc7914301a99e3b8e,7.667
231,100,552d813cbbac5c9a95302d695e573427296672d8719a33dd2bd1b98195ce98ae,7.700
232,100,54ad59d88bed669ad5a0056b0a57b6a7097618da3d8a195598d1fdc5c4c7c666,7.733
233,100,e4bd6dd883616a98d7a185638b57deb685368e489ccedc5544416fe566476226,7.767
234,100,b69c6d7853312ad873a1d5034d57debee42cce680ee6ec0d666023e532673326,7.800
235,100,9ae8adb05b1903d078a1750325565ede742ce36886d7fe0db27081f59b6399b6,7.833
236,100,0778adb059d9b5d43aa17603a15e2a5e76acf168c2575f0dd030c077c963dd96,7.867
237,100,55b9bc90edcb96f03aa3720ba16e2b6c1aacf129f357478d483044334df34dd2,7.900
238,100,56b89dd3bd63d2918b83780af12e8b3c1abc3939635747856c10743365f366d2,7.933
239,100,5efa95d3c923cb938d8b792ed12e8bd40abc3d3971d7a3842e10361324f326d2,7.967
240,100,cbf24563e926c9939dab3826d5bc81d48abc1ca931d7b384b618361bb6f33252,8.000
241,100,8ff25487ad06ed8c9da73836d4bcc1d88a991ca9b1c3b3c4971a9a1b92f3925a,8.033
242,100,e7c25c87ad8cc4cccca6b81670bcc1d88a199ea99943d3c4971a9b1bd27b9b4b,8.067
243,100,c7425e87dd8cc2ccdcb6181670bce1f88e119e2b19435bc0170a8b1bfa7bd96b,8.100
244,100,ce260e84d5ccc2dc583e395e70b8c5e88f110e2b59637bc8070aab19f97bd96b,8.133
245,100,c6260c94d55ce879493a395c78a9c5e8cf410f6b196b6bc8070aab19f97bc96b,8.167
246,100,e6242c9c7d5ce9794d3b191838a9e5e8cf410f2b196b2988878ab519f83bcd6b,8.200
247,100,dc14ac9c7968e9790d391d1832a1c5e0cf418d2b196bb988978af51d783bed6b,8.233
248,100,9c149c995969a9390593155072e1c7e2cf438dab19eab99c938ad597783b6c6b,8.267
249,100,9c910ca95169a3b3179317d462e1c7628f030dab39eeb39c939ad417787b6c6a,8.300
250,100,1c8f0fa943e3a793170633c662e0c7228f071cab39e6b29cd39a741778736c6e,8.333
251,100,1fcd23a96343261757067244e2e4cd0a8d0f18ab39dcb29cd39a7255787bec6e,8.367
252,100,22dd6368e7522e36554ee0eccca98d0b881d39fa71dcd29cd618f055e0736c6e,8.400
253,100,68edc16aac525c3ed14ca8ed8cab1d1b389d71fa73d4d298d63ac07560632c6e,8.433
254,100,4d698d6a2812d19c91cc8aa91d1b391f739d7392e694d610d63bc4f5e1636d6e,8.467
255,100,0f63ae127094b5dca28512a135137215e3b5c7d68614de329c73cce74de36d6e,8.500
256,100,5632f29650b497cc2aa574337412e2b5c7a2c7568e349c3a9c6389e749eb696e,8.533
257,100,e296e29c57acaec94aa1f43be45acaa587a28e569c341c7a986b09e729eb294e,8.567
258,100,a296d39d9f4dae81dc23e57b8e560ea51f423c5438f0786a39cd4bc5494a694e,8.600
259,100,079c978dba4958a3517329521ed41f853d4678d4f0f8f1cb63cd5b074b4a4b4e,8.633
260,100,779db849784350e311732b527e8cf50cf146e0d4c1eac3dbcb0ddf0f4b0a4b4c,8.667
261,100,ea9de04950c35577ab526ad2f40ce10ce1d683b007eb0f5bde0dde0fda0a5a5c,8.700
262,100,ea8942cb55d7a577ead2da92c50d810e0b960fa81f6b1e5b9e1d980f9a5a9a58,8.733
263,100,42c955cb9557ab43fa92d538050d0f4e0f943fa83f4b7e17b01d907f925a92d8,8.767
264,100,55cb9747af56aa425292151c0d5d2e1e7e847d2afc43f017b03d907f925ab2d8,8.800
265,100,954baf462a265a0254122d5c695dfa8efca4f90bf053b0f580fd80ff92dab2d8,8.833
266,100,ab4baa064a6650fab57ca97deafdfaaef420c143805320f500f902ff06dab6d8,8.867
267,100,aa0a48665076d5faad7ceb7dfaacd4ae4120014300d724f527f927fb36d226d8,8.900
268,100,42465576d57bb5f8a97c6a6d52aa152e0120015322d72ff52ff937da36d236c0,8.933
269,100,55665574a5f8a9b82a6c5aa914ae0526056303532ef52ff9bfe937d8b6d23680,8.967
270,100,15f4a5f4aeb82b284aac56a9152e05362f53bad3eeb57fa1fec976d824903480,9.000
271,100,b1b4aab82ab85a28528d958da546ad57ea53fad3eea5ffa1f6c9f4d024906401,9.033
272,100,adb46ab85b18534cd5ddb517ad56ab57ead3ee936ca07ca9f4c824d024946411,9.067
273,100,4d595c19555cd744b515ad57ab56ead3f29366b37da8644b24da24966c966411,9.100
274,100,5f5955199745b5c5ad3729666a77dae3569364ab5528644b64da24966cb424d1,9.133
275,100,ded9920fa747afaf29236b625af356a3549b75aa5568644b24da249665a424d1,9.167
276,100,9acbaae7aec76aa34a235ae252b354ab55bb75287548645b25d26d9665a424d1,9.200
277,100,a5e66ae76d8748b35253d6d09491b59b2d39ed68a9482cda2dd4ed942b2426d9,9.233
278,100,65664f6755b3d3f39452b490a591ad19a97cab48aa5caed2ae94aab42aa42e99,9.267
279,100,4566d59595b39673b5d0a5b12d9969596b5c2a4cead56e92aa94aaa42aac6a99,9.300
280,100,cc75ad91b5faa4502d9c6dbd49194b5c5a4c52cc52977c96cab452ac76ac468b,9.333
281,100,aa99ab312fd86c5c690c4b0d5b5cd25cd2ccd6dc5497d5b69aa4572c542c54ab,9.367
282,100,22992b1a6ec8489c4b0cdb0d925e92c4b6ccb49cb5b795b6b9a4356cb46dd5ab,9.400
283,100,73996a0a5ccc580cdbad920f92deb6c4b4cca496a5b7a926a92cb56c254badab,9.433
284,100,7aa3d64a948c928c92abb64726d624ac2d9c6db7a927a9266b6c6d4c29cba93b,9.467
285,100,c72394ceb18db6ad26ab24d764d66dae49944927ab265b6e426d484ccacb493b,9.500
286,100,84432d9e238d64ed646b6cf74d8249ae99149b275b66526e824ddacc52cbd373,9.533
287,100,0a4e499c4b2dcd4dcd4b99a69906930eb315b26f566e864ea6c992d8b59b9673,9.567
288,100,528ed71cde69894d914e33ae3346374c667566eee4ceecca4c896598ad122663,9.600
289,100,c64e973c96e91bcd33c632ae6256665c46e5cccacccecc9add99619149126c63,9.633
290,100,854e2e7514c972cd674e662ec654ccd8cce58cca999e999ab919cb315b32c867,9.667
291,100,2d5a6e753589c38dcf0ecd2e8cd498d8998d998a319e331a2339bb31d2729367,9.700
292,100,5358d8b5e58b878e8b169d6e189539b8318d339a731c673246736631a6e636c7,9.733
293,100,f6d890a1eb1b262e1a16394a31b573b8630de71ac73cc632ce73cc610ce6eec6,9.767
294,100,a4b126a9425a6c3e7496e348e335c732c61dce368e789c62bce318e5d9c6d58e,9.800
295,100,49f1eca9965ac93ee5f686d88f650f321c1d1c76386838e270c371c5b18e359e,9.833
296,100,9b61ec8b64f2917e89642ed81e653c6238b978f670e8f1c2c183e3c5630eaf1e,9.867
297,100,a261190be9b2077e1a6c5d90fccd7042f1f1e1f6e1c1c3828787878dcf0eea3e,9.900
298,100,ce83735b0ba2ddd4feecf510a089e0c6c3ebc7e607d10f8a0f071e0f1c1c8a3e,9.933
299,100,118baa5b5766bbd4d48ca71542a905d60fea1f442f133c0abc07fc1f707c38fc,9.967
300,100,a10b5ed2be44729415182a255569af967eaabd44fe2af01ef00fd03bc07cf1f8,10.000
301,100,475bf5b22a4c5734a9585ce5bd5bfaaed50af804702ac05ec0bf017b02f8c7e8,10.033
302,100,ce53e3a650ccbd346a58d5edeb5b542cad52c08c417a007501ff03fb57f01fc8,10.067
303,100,9e97450eb4dc287056d0ad4f4293b52c285304ac05560af50ffe5ff1ffe07fc0,10.100
304,100,1407115ea0d45a7095d42b4b9691a16c1297052c07565efd5ffebfd1ffc07f40,10.133
305,100,0c4f815448f4d0f0a54c5b4384b5615c1293056c0bd657fd5ffeafd1bfc0ff10,10.167
306,100,984b01d450a4b4f02d4d5213853d025d14930d7c0ad6f5fcfffeafd1bfc0fd10,10.200
307,100,824241b4d0e42d906b4d96b3a57d02d705b10b5c3ed6b5ecbffeafc5bf80ac10,10.233
308,100,82f6d1ac90742dc05a4db4b1297d02d72d390b5caeb5bdecbfd6eb85ba80aa10,10.267
309,100,01b6d12e84722b40d2d5a5b92a6d02970d380ad6aeb5bfecbff66be5af80aa90,10.300
310,100,61be502e85722b44d2d3b5b96a4d029301280ad626b5bffcaff6ebe5afc0aa90,10.333
311,100,749f552f8572694e52d3b539684d9293a128025602b50d7d2bffabf5abf0aa90,10.367
312,100,3c8d5f0ff472ad4e5a52d5bdf96ff293a008a05600b5012d02ff2bf52bf0aad0,10.400
313,100,168d5a0ff41a2d4e5e52d5bcfd6ffe93f408e8520015002f82ff2af52af8aad0,10.433
314,100,2e8d5a0bf41aa94e5e52f5bcfd6ffe53f408e0528015002f02ff2af52af82af0,10.467
315,100,6aad5a1bb47aa95ede92b52cf953f493f008e052803d012f02ff2af57af84ab0,10.500
316,100,5badd69ba47a795ad690b52cfb53f493e908e012802d012e02ff4afd5af85ab0,10.533
317,100,4badd69ba46c5a5ad690bd2cfb53fcd1f908e812802d802e40ff4afd5af852b0,10.567
318,100,5badd6bb286e5a5297b0ad6cfa53fc99e908e012802de02e40ff42fd52f852b8,10.600
319,100,538354b3282e5a9295acaf6efad3fd99e808f012e02de06e40ff52fd52f852a8,10.633
320,100,579324a7080e5692b5ac6b4efed3fd09e812f013e02dc05e40ff50fd56f8d6a8,10.667
321,100,97b3252f1a0695a6a52c5b46fed3fd09f812d013a029c05e40ff54fdd4f8d5a8,10.700
322,100,d7b36d2f120695a4252c5ec6feb3fd48fa12f003e008c05e40ff54fd94f8d5a8,10.733
323,100,ad33586f9687252c2f4cfef6fdb3fb48d2164007000a005e80ff95f9b5f8a5a8,10.767
324,100,d931d2cfb4876d2d7b48b6a6fda3fa58d0160027004a02de85ffa5e9a5f8a568,10.800
325,100,d3f3d2cfb4a7693d5a58f4e6ed23f25880160027005a02de05ffadeb2df82968,10.833
326,100,9aa396d924a7c92f5a58fcdee926f25884060027005e06fe0dff6beb69f84b68,10.867
327,100,da2396d125a7db6df6586cdec926e2590416002780de24be0ffe4beb4b784b68,10.900
328,100,922036b06da79b6db6d868fcdb6e00190036012f24de25be7ffe5bcb5b605b48,10.933
329,100,9a2125b06da79b6db6d86cfed926c0590026002720de25be5ffe5beb5b685b48,10.967
330,100,db3094d8a5a74b2d92587caef927fa5ce4060027801a04be05ff6bfb4bfa4b68,11.000
331,100,4934d2ca94b7690d0a4e34a63defff4cf696f407d00a801e00ff21fb2dfaa968,11.033
332,100,08545af7d6b7a50c430e16b605ef1f6e1e96fe057802f01e903f803fa5faa5e8,11.067
333,100,a1742a7352d7b5aded06c293c0af816e0bd61fb13f023f025c17d42fd43e94b8,11.100
334,100,a137a85342df55af7d867a13f0a7e14e83d383f007e20f023e035e0d563e56bc,11.133
335,100,f53ba9532aaf56a73d5b390378a6f042e153e1f2c3e287c28f810e8d5a0e4abc,11.167
336,100,751bad47aae500b61dcb2c843e867c7a715af0f8f1e2c3cbcbc18b85aa0eaa1c,11.200
337,100,152b9547aa77cabec5ca8f548e821c2a1c7a387c38e271e3e1c1e3c5ab8eab1c,11.233
338,100,c3ab5507b857e2efe0e9c7d48fc3862b1c3b1c3c1c7238e171c171c5b1c68d1c,11.267
339,100,e0ab55a74d17321772ab73d6e3c3e38bc62bce1e8e328ceb186130e5d1c64546,11.300
340,100,a8ab70ab45171b173aaf315671d3738b638bc71fce328e2b5c613c6154c645c6,11.333
341,100,b809b8a9459785179e2f1ad7315631c3738b638f671aa63b56713c6154e655c6,11.367
342,100,ab1ca2e8d0a8c5178e2f1e0d195431d7738b638fe31e663b76713c6170e655c6,11.400
343,100,8f54aa28f4e8c5148f171e2d1d5531f67382730fe71e463a6671746175667546,11.433
344,100,bf54aa3454e8c5688bb41c283d1539f471a2734fe71ec73a467374616566e546,11.467
345,100,a953ba3650eac5488ba41e2a1c1d3ab571a6e34fe71ec73a467be461e166a346,11.500
346,100,81533ab752b2e148cba01f2a1c1938b531a4e3d5e71d473e573ae671e366ab46,11.533
347,100,855b2a1772b7a15bc3a1970a1c1938bd31a4a3c1e31d473ed73ae671e366ab06,11.567
348,100,855b2b155ab7e1dbc3c1978a9c5a183d38a4a1c1e31d473e973ae671e366aa06,11.600
349,100,85590b5d56a7e91bebc1c7a29d5a183938a021c1a39d473e973ae771e367aa06,11.633
350,100,85590b5d16a7e91bebd1c7828d5a1c3918a039c1e39d473e973ae371e363ab06,11.667
351,100,a9581bd93427e89bc38387821d5b183939e833d1439d073e8772a671ebe7ea86,11.700
352,100,8b581addb52fe89bc3a58f821853383931687391439d073ea6728761cae7eaae,11.733
353,100,0b58179dbd2fea93c3a58f021a5338393168739147bd873ea6728761cae74a8e,11.767
354,100,5b5c1690a96df0be93a50f063a53383971687391473d0e3cae728f61c6e74aae,11.800
355,100,1bccb690e94dc1fe87b51f0f3e12303b71686381173d3e3c2c728e6306a756ae,11.833
356,100,13c834b0690dc35c85b41f0d3e16713363fae78267217e7c3c762e631ea716ae,11.867
357,100,13ca34b26911c2dc05b41f0d3c166133e3fae782e721fc7978762e633e2794ae,11.900
358,100,934b34a27921d2d803b41f2d3c166137e3fac782e721ec79e8747a633c27b42e,11.933
359,100,934b34827823d2d903b41f2d3c1e7137e3f2c792e721e479e0747a633c23bc2e,11.967
360,100,935924de7922d25903f41f293c1c7137c3f2c792e721e479e0f46a633c23bc2e,12.000
361,100,937527de7922d05903f81f683c1c7135c3f2c792c721e479e0f46a637c23ac2e,12.033
362,100,924927daf962f0d903f01f683c1c7135c3f2c792cf21e479e0f442e37c6b2c2e,12.067
363,100,92592fd8f962b0db07d01fe83c1c7135c3f2c790cf21e479c0f452e37c632c2e,12.100
364,100,125d2fd8f962b0db07d01fe87c1c7135c3f0c790ce23c479c2f452e378632c6e,12.133
365,100,16d96f98f362209b17903f487c1ce36d87f28f108e238c79c2f4d2e3f86b686a,12.167
366,100,36d9ff98f34220931f907e48e818e37d87d28f108e6b8879c7f0d2e3f04b686a,12.200
367,100,36d96f98fb42209b17903fc87c18e37d87d08f908e638c79c2f0d2e3f84b686a,12.233
368,100,92592f98fb46b0d307903fc87d98713dc3d28790ce03ce79c2f0d2e3784b686e,12.267
369,100,924f2f99fb06b0d305923fc27e98f03cc3da87908e068e79c6f0d6e3f843686a,12.300
370,100,91670699ff86f04781921fc23f98711cf3db87928f068e7986f0d6e3f043686a,12.333
371,100,9166369ddd86f14781931fc23f9a711cf3db87928e068e5986f0d6e2d0c3686a,12.367
372,100,9926069d4d8ef147819317c23f9a791cf3df07928f068e1986f0d6f2f843786a,12.400
373,100,d926068d4d8ef947c19717c63f8a791c71ff079287068e1b86f0d6f2d843686a,12.433
374,100,d926922d4dbcf966e19783c73f8a791c716f079207068e1b86f0d6f0d0c3786a,12.467
375,100,d926926d4d9cf966e19783c73f8a791c706f079207068e1b86f4d6f0d0c3786a,12.500
376,100,d92692054d9ef967e09783c71fca3d1c706f839207068e1bc6f4c2f2dac3786a,12.533
377,100,4d26da252d9e1967fc97c1f78fca3d84382f53d283868709c274d2f25a436c6a,12.567
378,100,6da6db25e59e0d267c87e8f787ca1d84190750dac386e709f23472725a632d2e,12.600
379,100,25b65b25e7cd0d263c87fc97c1e38f861d2750dec186c701f33472724a632d2e,12.633
380,100,24be6d25f69da5261c077c17e1e387868d2798dec1c6c381f31c72726a632d2e,12.667
381,100,34be6d25f20da5a61c077c97e1e386c68d0698ded1c6c381f31c7a726a632d2e,12.700
382,100,90fe2d35720da5a60d277c97e0e3c6c68d8698ded1c6c381731c7a726a632d2e,12.733
383,100,907e2d315a0da5a607273e977073c6c68fa6dc5ed0d6c181719c78722b73ad2a,12.767
384,100,d07e2d301a0db5b485273e977837e6c6c7a6cc5ed8d6c181719c78722b72a52a,12.800
385,100,d05c05b00a0db4b485271e973c37f6e6c7a7ce5ed8d6f1c1719c78322b72a52a,12.833
386,100,d80c85b0080cb4b4c5a71e973c3772e6e7a7ce5efcd6f1c1799c38322972a52a,12.867
387,100,d01ea5b00a0cb4b4c5a716973c3372e6e7a7ce5efcd671c1799c38322972a52a,12.900
388,100,d00e25b11a0cb4b4872716973c3b72e6e7a7ce5efcd671c1799c38322972a52a,12.933
389,100,902e05b1180cb4b6870716973c7bf6e6c7a7ce5ef8d671c1799c38322b72a52a,12.967
390,100,903e0d31180cb4b687073e97387be6c6c7a7ce5ef8d671c1799c38322b72a52a,13.000
391,100,903e0d31181ca5b687073e97787be6c6c7a7ce5ef8c671c1799c38302b72a52a,13.033
392,100,903e0d391a0ca5a487073c97787be6c6c7a7cc5ef8c6f1c1719c78722b72a52a,13.067
393,100,90d80d381a18a13c852d3c17787be6cccfa7cc5ef8d6f1c1719c78706b72ad2a,13.100
394,100,b2d809385ad9e1bc852d3c1f783be4cc8fa5cc5ed8d6c1c1f19c78706a722d2a,13.133
395,100,b2d80dfa5a99f1b883281e1d7839e4f88fa58c7dd8d6c1c1f19c78f04a722d2a,13.167
396,100,f6d9a4f21a59f2d883781e19783962f98fa58c3dd8d6c1c1f19c78b04a722d2a,13.200
397,100,f6c3a4f21a53f2d983f81699783962f927a10c39dcdec1c1e59c70b05af24d2a,13.233
398,100,f365a4c60ee372d1c3f80699383172f967a10e39dcdcc1c1e59cf0b45af04f2a,13.267
399,100,da65a4c70f6332d3c2e086c93a31727967a10e39dcfec1c1e59cf0b45af04f2a,13.300
400,100,5b25a4c7896736d3e2e186c91a31727927a10e39ccfec1c3e59cf0b45af04f2a,13.333
401,100,5b25a4c78d6736d3e2e382c91a11727967a10e294cffc1c3e59df0bc5ad04b2a,13.367
402,100,5b25a0c7856736d3f0f382c91a13727923a10e294cffe1c3f59d70fc5af0492a,13.400
403,100,4b25a0c7856736d3f07382c91a13327b23a106294cffe1c3f5dd78fc5af0692a,13.433
404,100,4925a047856736d3f06382c91a17327b23a10629ccffe1cbf5dd78fc5af0692a,13.467
405,100,4905b007c56716c3f073c2c91a17307923a18629ccffe1ebf5dd78fc5af0692a,13.500
406,100,0b05a087c56716d3f07382c91a13327923a18629ccffe1ebf5dd78fc5af0692a,13.533
407,100,1b05a0c7c06736d3f06382c91a13327b23a10629ccffe1cbf5dd78fc5af06b2a,13.567
408,100,1b05a0e7806736d3f06382c91a13327b23a10639ccffe1cbf5dd78fc5af0692a,13.600
409,100,0305a0e7826736d3f06b82d91a33307923218639ecffe1cbf5dd78fc5ad0692a,13.633
410,100,0205a0e7836736d3f06b82d91a33307923218639ecffe1cbf5dd78fc5ad0692a,13.667
411,100,0205a0e7876336d3f0e986d91a33305923218639ccffe1cbf5dd78fc5ad06b2a,13.700
412,100,1205a1e7866332d3f2e986c91a33305923218639ccffe1cbf5dc78fc5af06b2a,13.733
413,100,1205a167866336d3f2e986c91a33707927210e394cffe1cbf59c78fc5af04b2a,13.767
414,100,1245a167964332d3f2e986c91a33707927210e394cffe1cbf59c78fc5af04b2a,13.800
415,100,1245a167964332d3f2e986c91a33707927210e394cffe1cbf59c78fc5af04b2a,13.833
416,100,1205a167866336d3f2e986c91a33305927210e39ccffe1cbf59c78fc5af06b2a,13.867
417,100,0205a0e7876736d3f0eb86c91a33305923210639ccffe1cbf5dd78fc5ad06b2a,13.900
418,100,1305e027806736d3f26b86c91a13325b23a10639ccffe1cbf5dd78fc5ad06b2a,13.933
419,100,1b05a006856736c7f26382c91b07325b23a10629ccffe1ebf5dd78fc5af06b2a,13.967
420,100,5b05a006c16716c7f06382ca9b07325b23a18629cc7fe1ebf5dd78fc5af06b2a,14.000
421,100,1b05a004c12716c7f067c2ca9b07325b33e10629cc7fe1ebf5cd78fc5af16b2a,14.033
422,100,4b05a004c12716c7f067c2ca9b07325b33618629cc7fe1ebf5cd78fc5af16b2a,14.067
423,100,4b05a004c12716c7f867c2ca9b07325b33218629cc7fe1ebf5cd78fc5af16b2a,14.100
424,100,5b05a006c12716c7f063c2ca9b07325b33218629cc7fe1ebf5cd78fc5af16b2a,14.133
425,100,5b05a006c12716c7f863c2ca9b07325b33218629cc7fe0ebf5dd78fc5af06b2a,14.167
426,100,5b05a006c12716c7f863d2ca9b07325b33218629cc7fe0ebf5dd78fc5af0692a,14.200
427,100,1b05b406c12716c7f863d2ce9b07325b33218629cc7fe0ebf5dd78dc5ad0692a,14.233
428,100,5b05b006c12716c7f863d2ca9b073a5b33218629cc7fe0ebf5dd78dc5ad0692a,14.267
429,100,5b05b006c12716c7f863d2ca9b073a5b332186298e7fe0ebf5dd78dc5ad0692a,14.300
430,100,4b05b006c12716c77863f2ca9b073a5b332187298e7fe0ebf5cd78dc7a51692a,14.333
431,100,4b05b004c12716c77863f2cadb073a5b332187298e7fe0ebf5cd78dc7a51692a,14.367
432,100,4b04b004c12716477863f2cedb073a5b336187298e5fe0ebf5cd78dc7a59692a,14.400
433,100,4b04b404c12616477867f2cedf073a5b336183298e5fe0ebf5cd78dc7a59292a,14.433
434,100,4b04b404c52616477a67f2cedf073a5b316183298e1fe0ebf5cd78dc7a59292a,14.467
435,100,4b043484e52616477967f3cecf071a5b31618329ce1fe0ebf4cd3cdc7a59292a,14.500
436,100,4b043c04e52616477967f3cecf071a5b316183298e1fe0ebf4cd3cdc7a59a92a,14.533
437,100,4f043c84e52616467863f3cecf071a5bb16183298e1fe0ebf4cd3cdc7a59a92a,14.567
438,100,4f043c84e52606c27863f3eecf071a5bb16183298e1fe0ebf4cd1cdc7a59ad2a,14.600
439,100,4f843d84e52606c27862f3eecf871a5bb16183298e1fe0eb34cd1cdc7a59ad2a,14.633
440,100,4f893f84e52606823866faeecf871a5bb94183298e1fe06b34cd1cdc7a59ad2a,14.667
441,100,4fbd3f8ce526060208267a66cfc7db7bb9418329861f606374cd1cdc7a59ad2a,14.700
442,100,6fb9ffcce526078208267a62cf875b7b9941a329861f606354cd1cdc3a59ad2a,14.733
443,100,efb8dfcce5a687820d266362c7865f7b9941e329861d606354cd1c5c3a59ad2a,14.767
444,100,efb8dfcce5a687860d266162c7865f7b9941f329861d606314cd1c5c3a59ad2a,14.800
445,100,efb8dfcce5a687860d266162c7c65f7b9941d329861d606314cd1c5c3a59ad2a,14.833
446,100,efb8dfcce5a687860d266166c7c65f7b9941d329861d606314cd1c5c1a59ad2a,14.867
447,100,efb8dfcce5a687860d266166c7c65f5b99c0d329861d686354cd1c5c1a59a92a,14.900
448,100,efb9dfcce5a687860d266066c7c65f5b99c1d329861d606314cd1c5c1a59ad2a,14.933
449,100,efbdffcce5a687860d226062c7864f7b9961f329861d606314cd1c5c2a59ad2a,14.967
450,100,efbdffcce5a6c7820d22606247c64f5b9960f329c61d606314cd1e5c2a59ad2a,15.000
451,100,efbddfcce5a6c7860c26606265c64f5b99e0f329c61d226314cd1e5c0a59ad2a,15.033
452,100,efbdcfcce5a6c7860d06206265c64f5b99e2fb29c70d226314cd1e5c0a59ad2a,15.067
453,100,efbdcfcce5a6c7860d06206665c64f5b99e2fb29c30d226314cd1e5c0a59ad2a,15.100
454,100,efbdcfccf5a6c3860c06206665c64f5b99e2fb29c30d226314ed1e5c0a59ad2a,15.133
455,100,efbdcfccf5a6e3c60406206661c64f5b99e2fba9c30d226314ed0e5c0a59ad2a,15.167
456,100,ebbdcfccf5a6e3c60406206665c64f5b99e2fba9c30d226314ed0e5c0a59ad2a,15.200
457,100,ebbdcfcce5a6c3860c26206665c64f5b99e2fb29c30f226314ed1e5c0a59ad2a,15.233
458,100,ef9defcce5a6c3860d26206265e64f5b99e0f329c70f226314cd1e5c0a59ad2a,15.267
459,100,6f99bfcce5a6c7820922606647e6cf5b99e1f329c61f606114cd1e5c2a59ad2a,15.300
460,100,cf99bf8ce5a68782092262e6cfa6df5b99e1f329861d606314cd1c5c1a59ad2a,15.333
461,100,cf99bd8ce5268782092262e6cfe7df5b99e1d329861f606314cd1c5c1a59ad2a,15.367
462,100,cf993dace5268686092262e6cfa7db5b99e1d329861f606b14cd1c5c5a59ad2a,15.400
463,100,cf993d8ced268786092262e6cfe7db5b19e1d329861f606b14cd1c5c5a59a92a,15.433
464,100,cf993f8ced268786092662e6cfa7db5b19c1d309c61f606334cd1c5c5a59a92a,15.467
465,100,cfddbf8ce5a68786092660e6cfa65b5b99e0d309c61f606314cd1c5c5a59a92a,15.500
466,100,cbddbfcce5a68786082660e6c7a65f5b99e0d329c61f626314cd1c5c1a59a92a,15.533
467,100,cbddbfcce5a68786092660e647e65f5b99e2d329c60f426314cd1c5c1a59a92a,15.567
468,100,cbddbfcce5a68786092660e647e65f5b99e2d329c60f426314cd1c5c1a59a92a,15.600
469,100,cbd9bfcceda68786082660e6cfa65f5b99c2d329c61f406314cd1c5c5a59a92a,15.633
470,100,cbf9bfdceda48786092660c6cfc6df5b99c2d329461f406314cd1c5c5a59292a,15.667
471,100,cbf99fdcedac8786092660c6c7c6df5b19c2d329861f406314cd1cdc5a592b2a,15.700
472,100,cbf91fdced2c8786092660e6c7c6df4b19c29321860f4263b4cd1cdd5a596b2a,15.733
473,100,4bbb1fdded2c85860d2660e6c7c6df4b19c29321860f4263b4cd1cdd5a596b2a,15.767
474,100,4f3b1fdded2c87860d2660e6c7c6db4719c29321860f4263b4cd1cdd5a596b2a,15.800
475,100,cbfbdfd9ed2c8786050660e6c7c6db4619c29321860f4263b1cd1cdd5a596b2a,15.833
476,100,cbfbdfd9ed2c878605866066c7c6cf4619c29321860f4263b1cd1cdd5a596b2a,15.867
477,100,cbfbdfd96d3cc58605866064c7c6cf6619c29321860f4263b1cd1cdd5a596b2a,15.900
478,100,cffbdfd96d3cc58605866064c7c6cf6619c29321860f4263f0cd1cdd5a59692a,15.933
479,100,e3fbdfd96d3cc58605862864e7c6cf661ac29b21860f426370cd1cdd5a59692a,15.967
480,100,e2fadfd92d3cc50705862964e7c6cf661ac29321060f4267f1cd1cdd5a596b2a,16.000
481,100,66fa9f993d3c852705876924c7c6cf0618c23301160fce67e1cf38dd5ad94b6a,16.033
482,100,e6fa1e1b3c3d01270d876924cdc6df26b8c23303160b9e67e1cfb89d52f14a6a,16.067
483,100,e4fe1e33383909270d977926cdc69f06b0823302160b9e67c3cff89df0f14a7a,16.100
484,100,e4961e33783949671d97796dcd849f06b0823302162b9c67c3cff09cf0f1ca7a,16.133
485,100,6486163378194b673d97f96ccd849f06b0866302362b9c6783cff1bcf0f1c27a,16.167
486,100,64863e237039cb773d17f96d8d849e0630866302363bbc6783cde1bcb4f182fa,16.200
487,100,649e3c23f871db777d17d96c898c1a263086e202347b3ce703c9e1bca5f182fa,16.233
488,100,649efc23f051da657d1fd06c998c3826609ec642247b3ce70fc941bca5f1aaea,16.267
489,100,4c9e7c63e011d277790dd06d9b0c382660bec646247f38ef0fc941bca5f1aaea,16.300
490,100,4d9e7ce3e011c2777837d26d930c382660fec646647f38ee0f8945bc25f1a2aa,16.333
491,100,4d1e4cc6e093c2777827d06d930c382e603ec7c66c7f38ee1fc9459d25f1a2aa,16.367
492,100,2d1e0cc6f893c2777c27f02d924c1926303ee3c6267e3cee1fc9459da1f1a2aa,16.400
493,100,0d9e0cce7cd2f2765d27f829d06c9906303ee3c6267e3c6e07c9559da1f182aa,16.433
494,100,0d7e04ce4fd2f256ed33f821f8658907983e71c6263e2c7e02c9559da1f1a2ea,16.467
495,100,1d7e84fe02d270d6e7337821f865c907983e71c6263e0e7e82c1559da1f1b2ea,16.500
496,100,3f7a8e9e02d261dee7337821f865c907981ef1c6223e0e2e82c355cda1f1b2ea,16.533
497,100,3f7a1e0c02d361dee7b77c23fa61c907981ef0c6223e0e3e02c355cda1f1a2ea,16.567
498,100,177a3e1c12d10ddee7bfcce37a61c901d91bf8c222260e3e12c345cda9f1a2ea,16.600
499,100,017a3e3c92811f9ee7beccd3727de9219a1bb8c2e2360e3e16c381cd2bb144ea,16.633
500,100,c17a5e7cb2011f936f9ecdd772fde1219a1b9002f2160e3e16438bcd2ba144fa,16.667
501,100,c30a487cf26838117f1ccf9b3efde06dda199000f042447eb66babcd4ba155fa,16.700
502,100,bb834d46e06c30503b1ccf891ecd68edcf399808f082c41eb66fabcd4ba955fa,16.733
503,100,3b914d83cdaee020383c4d000f8d2cedef3ddd19f080f11eb66fa24d8ba955fa,16.767
504,100,36990df3c5e7f4e3b016393887800ce46b2dcf0df8e0f916360eb24d8ba954fa,16.800
505,100,b20d19d9c5f3f4e3f6023d3ec5d284e4212d678ddcf8790616069a0dabad54ba,16.833
506,100,ba0c9b19c1fbf4f372439d1a7dd2c6e40127238d4ef87d8617069b05aba542ba,16.867
507,100,1b0c9b1d418c60f17a639f1a1c9ae6f6a1e7218d4ef83d9e5706db05a9a562ba,16.900
508,100,1b249b0d490c40f93a63df3a1e9af670e1f3b1854ef81dde1706d705a9a552ba,16.933
509,100,36a69b05c98cc0d93a63df3f1e9a3670e8f3b1c542390dd61786d705aaa552ba,16.967
510,100,36a79b07c98cc0d93265df1f1e9a0630e8e3f1e542390dd65786d705aaad54ba,17.000
511,100,36a79bcec98ce0b93067df1b1eda0630e8e3f1e140390dd657869b458aad54ba,17.033
512,100,37333b8ec90ce0e93067dd5f1e9a4630eae3f2a940790dd65786ab458aa9553a,17.067
513,100,35331b8ec90cc8e93067de5f3d5a4430aae3f2a944780dd65746aa05daab757a,17.100
514,100,37b31b8e891c62e93547de1f3d50c031abe362a9817859d57754aa8552ab7572,17.133
515,100,77b3130e8b8840e934559e9f3d50c033fbe2e2a981785dd5bf54aa8152abe572,17.167
516,100,6eb3174e8b8840e9f245be9e3d50c431fbe2e2a981785d55af542a89562be572,17.200
517,100,7ea31f4e8b88c1e8e245be9e3d54d4307ae2e2a981785555af542a89556be572,17.233
518,100,7cb33b568b88c1e8a245bece3d54d4307ae2e2ab01785555af543a89556be572,17.267
519,100,6cb32a5693a8c1c8a267bace2d54d4147be2e2ab4078d555af543a8b156bed72,17.300
520,100,6c332a569ba8c1c962efbace295484547df2e2ab40f89555ab545a8b156be972,17.333
521,100,fc332a569bbac1c9c28fb2ce295484557c72e6ab40e89555ab545e8b154be972,17.367
522,100,7c332a579b9ac1c9c227b2ce2f5494541d72e6ab40ea9555ab545a89156bed72,17.400
523,100,74332f578b99c1e8e265daee2d5454141d72f2abe02a5555af542a81556be572,17.433
524,100,76338757cb9961e8f265daee0d5457148d73baabe82854552556aac1522b3572,17.467
525,100,22338717c79968e8fa255a6f855c7714c7331aa9b8286c755556abc55aab153a,17.500
526,100,22b19717c7d968e878a53a67855c7714c7321ab9b8286c375556abc55aab153a,17.533
527,100,3eb09712c5db68e978a16a67855c5714c7329ab9bc286e375556a3c5caa9153a,17.567
528,100,3e989732c5db28e978e16a67846e5754e7128abb3e286e37555683c5caa9143a,17.600
529,100,3e988332d5db20f938e12a67c46e17d477128abb1e282e3755ded145eaa914ba,17.633
530,100,1ed8c31257db20f938e12b67c46ea3cc7712ca991e282e17d4eed161aba516ba,17.667
531,100,9ed8c31261dbb0f918e12f675466a3c4779aea991e282e17f0ee516129a59aba,17.700
532,100,9ed8c31273cbb0dd1cf18d675426a3c4739ae8591e283657b2ee51e169259a9a,17.733
533,100,9ed8cb1273cab45d1cf18d6772269144739aea590e283757baee51e169258a9a,17.767
534,100,9ed8e31273cab05d1cf18d677226d1c4339aea590e281757baee71e06d258a9a,17.800
535,100,9ed8e11273cbb07d1cf18d27f22691c4739a68590aa81757faee71e06d258a9a,17.833
536,100,9ed8619271cb907d1cf18537f22ec1c4739b68d90ea81757f2ee71e02d258a9a,17.867
537,100,9fd8619270cb947d0cf10537f22ec1c42b9b68590ea81757faee79e06d258a9a,17.900
538,100,dfd8619272cb94758cf10533f22ec1c42b9b68590ea81757fae669e16d258a9a,17.933
539,100,dfd9619232cd94758c718533f22ec1cc2b9b78590e281757f2e669e16d258a9a,17.967
540,100,cdd9619230cd90758d73a723f20ec5cc2b9b78590e281757f2f669e16d258a9a,18.000
541,100,cfd9619230cd98750d33a733f20e45ccab9b7c590a289717f2f669e16d258a1a,18.033
542,100,cfd96192304d98750d332733f20e45ccab9b7c590e089717f2f6e9e16da58a1a,18.067
543,100,4fd86992334d98750c330533f30e45ccab9b78d90e089737f2d6e1e16da5ae1a,18.100
544,100,4ed86b92734dd0750c713533e30e45ccab9b78d90e489637f2d6e1e16da5261a,18.133
545,100,4ed86392e34d90f52c617d23e30e47ccab9b78990e489e37f2d6e1e16d25261a,18.167
546,100,5ed8e792834fb0fd38e16d229516064ccb9bf2991c489e37f2d6c1e16925361e,18.200
547,100,1efccf92870fb0dd68a14d629516864c8b9bf29b3c481c37e6d6c1e16925761e,18.233
548,100,1a7c4f92878fa2dd79a10d62d556864c0f9af29b70481c37bed641e149657e4e,18.267
549,100,127c7d9a870da2dd79a119629d54264c0f9af29bf0683834bef641e14965be6e,18.300
550,100,30dc7d9a8f0d42cd69a2d9629a543e4c479af29bf1e83834be5641e14965b8ee,18.333
551,100,90dc6d9a8f0d40ed69e29366ba543c1c459be79bf0e838343f1e4b414b45b8ee,18.367
552,100,40f87d9b9e0d04f9c3e2b346ba1d743c4d9b879be06860f4be868b41db4570ae,18.400
553,100,45f0f91bb20d15f9cbc636c670bdf03e8dba0f1b07c8c0e4fc269a41974561ae,18.433
554,100,cfb0d03b607fffc7164666c440bd817af9323e1b07c9c5e4606e3201b645cdae,18.467
555,100,9b12007b60fbff053c06cd8c05fd2a727332fabbafc915e582ae740564d58b2c,18.500
556,100,321204fbc8fbf3052c8e8dac8ff902f2f372eabb5d493d4582ae4455649dba28,18.533
557,100,323024fbcdfbb205688ed9ac9fe946f2a272c2bbdd013bc582ea4455cc9dba28,18.567
558,100,323024fb4ffbb205688ed9a89fe95ef2a27282ba5d093bc58aea4555c89dba28,18.600
559,100,3a1024fb0ffbb205688ed9a89fa94ef2a372a2ba5d093b458aea4555cc9dba38,18.633
560,100,ba10247b0efbd205688ee9889bad0efea372aaba5d193d452aea4455cc9dba38,18.667
561,100,fb10047a02fbd3056406e9888bad2efef372aabafd893d45a2ea4455649dba38,18.700
562,100,fb10047a00fbf3057c06ed898bad0afef372aaba7d891d45a2ea4445649dbb38,18.733
563,100,df10103a00fbdb45be066d8d09bd027ef332e83b7f891dc5a2ee6405641dbb3c,18.767
564,100,df90921ae07bcbc53e462cadc1bd027efbb2f81b0dc90de4a06ef40176151d3c,18.800
565,100,0f90da1af07b69c51f4634e5e0bdc15e59ba7f1b0dc985e4f06ef20136050dbc,18.833
566,100,05d8df9af81b29d79f6216e5e4bdf11e09ba3f9b84c9c4e4f82e3a0116450d8c,18.867
567,100,25d84f9af80b38718f6286e5fc9df91e08ba3fdba4c9c064fb261b019b45a58c,18.900
568,100,25d84fcbf80b39558f6296e5f49df90e089a3fdba4c9e0645f2e1b019b45a48c,18.933
569,100,25d84f0ab82b69f18f6296e5fcb5f92a089a3fdba4c9c064fb2e5b019b45848e,18.967
570,100,25da5f0ff83b09f187e296acfd3cf91a009a3fcba4c1c0747b2f5b019b45848c,19.000
571,100,a1d85f0b383b69f183e296bd7d1cf91a00da1fcba4c1e0365f375b019b45a48e,19.033
572,100,e1c84f0b3e2b61f1c3e296bd3d9c790a20da9fc9f641e4325f371b118b45a48e,19.067
573,100,e0c84f0b1e3b65f1c3a2923c3d9c7d0aa05a97cfd665e4320fb70b11cb45e68e,19.100
574,100,f0c80f2b1e1b25f1c1e2d21c3ddc2d0af05a81eff665f4300fb70b11cb45f68e,19.133
575,100,f04e612f0f0ba5d1e1a2d21417dc2daaf85ac1efd265f4100fbf0b914965f68e,19.167
576,100,f86e212b8f0b95f169b0da1496dc25aaba1ac0efdb6d561007bf09916925d6ce,19.200
577,100,786ea12f879b55f160b0da1c86dca7aa1a0af0ef5b655600869ba9d169a5d6ce,19.233
578,100,7d66a1af879974f068b04b0c96fc9fcb1f0af0ef5d645600829ba1d06db5524e,19.267
579,100,1c22b3afc7997cf038b04b0cd6ff8d430f0a78ef4d60d688a29ba5f035b5530e,19.300
580,100,1c22f38fc7993cf038b44b0cd2ff8d430f0a7c7d4560f79ae093a5f03cb5430e,19.333
581,100,3c22f3cfc5997cf02894430cd6ff8903bf0a5c7d4560f79ae093a5f03cb5430e,19.367
582,100,bc23f3dfc5907cf06814c30cdeff0902ff4a5c7d4560d79aa093a5f03cb5420e,19.400
583,100,bca3e3d944d07ef04a04c74cbeff09027f6e1c7d4548c79aa093adf03cb5c20e,19.433
584,100,bee3e7994c907cf0430cd64cbcfb09027f6e386dcf48c69aa0936db02db5920e,19.467
585,100,eea3c7994db0f8b0c20c965cb9fb4b42fa6fb86dcf4086ba009369b06d35960e,19.500
586,100,62a3cf9d1db0f0b0820db65c33fb4b02fa6eb8ed9f409eba01b349b06935961e,19.533
587,100,60ab0f991db1f1a0960d3c1c7bf6da02f66ef1ed9b483cba05b34b21e925341e,19.567
588,100,40e20e9f3931e1e09ead2c1d61f6de06e42ee1ed3a493c3a0db7db61d925341e,19.600
589,100,c0aa9ebb393183a03aa9689961f69e06a4ae63ed72597c320fb79b61d165649e,19.633
590,100,80ca9ebbfb3103e03aa968b9c1f6be1604aec3ed725178329b379361916560fe,19.667
591,100,858ebabbf32107603aa9c8b9c5f63c060caec7c96411f932bb27b6619365c0fe,19.700
592,100,9d8ebabbf22107607aa9c8b987e63c060dae87c94491f932fb2736411365c1fe,19.733
593,100,1d8ebabbf2210f407aa9c1b987e63c1609ae87c9c491d172fb6736411765c1fc,19.767
594,100,1d8eb8bbf2310f437ea9d8b983e63c160cae0fe9c491d132fb2336410765c1fc,19.800
595,100,058ebcbff23507623ea9c8b9c3e23c160cae87e9c691d932fb3336410365c1fc,19.833
596,100,858ebabff27507623ea9c8b9c1e23c060c2e87e9c691f932fb3336410365c1fc,19.867
597,100,058ebebff27507623ea9c8b9c1e23c06082e87ebc691f932fb3336410365c1fc,19.900
598,100,0d8ebabff21507623ea9c8b9c3e63c0608ae87e9c691d932fb7336410365c1fc,19.933
599,100,0d8ebabbf26107607aa9c9b981f63c0609ae87f9e491f9327b6736410365c1fc,19.967
600,100,0d8ab2bbf26107617aa9c1b985e63c160dae87d9e491f9327b6736410365c1fe,20.000
601,100,9daab2b9e3410761faa9c9b887e63c060dae87d9e491d9327b6336410365c1fe,20.033
602,100,1daaf2b9f34007e97ab9c9b885e63c0609ee87d9e411f9323b6336410365c1fe,20.067
603,100,96aaba39f14007e958b9c9b897f63c060cee87d9e411f9323b6336618365c1be,20.100
604,100,82aabab9616007e91ab9c9b897e63e060ceec7d9f41179323b63b7618365c0be,20.133
605,100,86aababd614007e91ab9c9b897e63e060ceec7d9e41179323b7337618365c0be,20.167
606,100,84aaba3d634067e91ab9c9b897e63e060caec7d9e41079323b7337618365c1be,20.200
607,100,87aaba3de34027e91ab9c9b897e63c060cee87d9e410f9323b6336618365c1be,20.233
608,100,8faaba31a36027e91aa9c9b896f63c060dee87d9e410f9323b6736618365c1be,20.267
609,100,8fabba31a36027e91889c1b897f63c060dee87d9f41079333b6736618365c1be,20.300
610,100,9baaba31a36027e94889c1b89ef63c064dee87d9f41079333b6736618365c1be,20.333
611,100,8aaaba39a34027e90aa9e9b897f63c064dee83d9f41079333b6337618365c1be,20.367
612,100,84aeba3f634037e91a29c9b9d7f63c060dae83d9e41079323b6337618365c1be,20.400
613,100,85aebabf3240b7e90a09e9b9d3f63c060dae83d9e41079323b6337618365c1be,20.433
614,100,858ebabf3200b7e90a89e9a9d2f63c060dae83f9e49079323b7337619365c0be,20.467
615,100,8d8ebabf3200b7e90a89c9a9d3f61c060dae83f9e49079323b7337619365c0be,20.500
616,100,448ebabf200227e21ec9c9b9f3f63c060c2e83ffe49079323bf336618365c1be,20.533
617,100,c4c69abf3a1667e21e49c9a9d3fa1e062c2e83ef869079323bb336611365c1bc,20.567
618,100,45068ebf3816e7e206c94889f3f91e063c2e83ff8690793a1bf337619365c1bc,20.600
619,100,c5c68c9f3816f3e206c90809f3f916063c2ec1efc6d87dba1bb337619365c0bc,20.633
620,100,4440cfbf1a16f7e616c50889f3f916063d26c1ee86d8fd1a19bb37619365c0bc,20.667
621,100,e440cfbf1817e54626c70a89f3f916163c26c3ee8698dd1a59bb3661b365c0bc,20.700
622,100,cc40cfbf9a17e74626c70a89f3f917163c2641ee8798dd1a59b336612365c0bc,20.733
623,100,c8408bbfba17e3e626c70a89f3f936167c2605ee8798d91a5bbb36412265c1bc,20.767
624,100,88408abfb836e3e62ec74a89f3f936567c2e07ee8590d9325bbb36c1266181bc,20.800
625,100,89409abfba36e6c62ec5ca89d3f97456382e07ee0590d9325bbb36c126e981bc,20.833
626,100,898438bef0b6c7c63c898aa993717456386e17ff05108932fbbb764126e983fc,20.867
627,100,198e70bee2364e867c89d33987716c06194e17df0d10aa3ad5777c412ee983fc,20.900
628,100,1b0e70bec0a60f87fc899369a771e016514e3f5faa90a2a2d557ecc12ae913fc,20.933
629,100,3b2ee0ae8aa28e85fc1917512fd5c006535ebf1b2ab05372d557e881aaa917fc,20.967
630,100,bb2ec02e1ea2aa8190111751eed6c016f75ebf115ab05776ad57a889caa9577c,21.000
631,100,c13e402e9e83ab8155512751e8f6f156f75e3f3151305756a855aa894ea9577c,21.033
632,100,e13ec4628f83fb9115590751e8f6d156375e2fb144b05556ad55aa894aa9177c,21.067
633,100,e03ec4a28f83f99195592779e866d156375e2fb140b05576ad55aa894aa9177c,21.100
634,100,e0bed6a38f83f99195592779ec261156175e2fb140b05557ad55aa894aa9157c,21.133
635,100,f0bec2a30fc1fd91955937f9ac261156175e2fb140b05557ad55aaa94aa9117c,21.167
636,100,78be46a34fc1dd9191593779ac265156155e8fb140905557fd55aaa92aa9517c,21.200
637,100,78ae46a30fc1fc995159b77dac065156055e8fb1e0105557fd55aaa12aa9d17c,21.233
638,100,782ee6a363c1ec915159b77fac065156855ea9b1e09851777555aee12aa9d03c,21.267
639,100,382ff6a363c16c815179937d2d06dd56c17ea099e898517755552ee1aaa9d83c,21.300
640,100,3c16fab322c12c81d979937d2706dd56c17ee099fa98513355552ee1aaa9d83c,21.333
641,100,1e16f2f322d12c81d979936fad06dd7ed15ea481faa85833555526e1aaa9581e,21.367
642,100,1e37b3f320d16c99d968022eaf065d7e514ee499bab818235555b6e1aaad5c1e,21.400
643,100,1e97b2f320d17cd95929832faf965cae500a76ddbef80802555cb775a22d0c1e,21.433
644,100,0e17bbf3b05136c94929112fafb62cae600a77dd3ff80802d55cf775a22d0c1e,21.467
645,100,0f9799f3b051b6d1492dc10dd7960eae382a76dd0fd88802f57ef77580250e1e,21.500
646,100,878699b7f871b6d12c2dc80dd7d406a6bc2a16fd07dcc802fffa93f590050e0e,21.533
647,100,e7860997f87396512c2de82dd7f106a6bc0a12dd06dcec02fffe937d9005460e,21.567
648,100,e7c60197f8739251257de80df1f10696bc021aed07fcec02ffba137d9001e70e,21.600
649,100,e7c6219778739251847d680d59f102f63c021ae702fcef02ffba137dd801e78e,21.633
650,100,f7c620975c739251867d6c0d59f141b63c021acb82fcef02ffbe017d5801e78e,21.667
651,100,f7c620877c739251867d6c0d59f141b6bc021ac982fcef02ffbe017d5801e78e,21.700
652,100,f7c601967c739251967d682d59f103f63c021aa902fcef02ffba137dd001e70e,21.733
653,100,e7c4019678739251057d680df1f147f6ac023aab06fcee02ffba93fd9001e70e,21.767
654,100,e7862197f87396512c79e82dd1f147f6a82212e706dcec02ffba937d9001c70e,21.800
655,100,e7860b97d87796512c79c829d1d507f6a82a16e707fcc802fffa93fd9001460e,21.833
656,100,e7860997d87796512cf9c829d1d507b6a82a56dd07fcc802fffa97f59001460e,21.867
657,100,e5860d97d877b6512c79482dd1d507b6a82a56d707fcc802fdfad7f59001460e,21.900
658,100,65860d97d87796512c79682dd1f507b6a82a16cf07fcc802fffa97f59001c60e,21.933
659,100,65840f96d87796512c79682dd1f507b6a82a56ef07fcc802efbad7f59001c60e,21.967
660,100,45844f96d877b6512c79482dd1f507f6282a54dd07fcc802fdfad7f59005c60e,22.000
661,100,45844f96f877b6d12ed9482df1718fb6a82a74dd07dc8802fd7ad7f580210e0e,22.033
662,100,45844f96f877b6d12ed9482df3558fb6682a54dd07fc8802dd5af775a0210e0e,22.067
663,100,45044f86f877b6d13ed9482df3758fb6680a54dd0ffc8802d55af7f5a0210e0e,22.100
664,100,45044fa6b877b6d17ed95829e3718fb6600a74d52ffc8802555af7f5a2290e0e,22.133
665,100,450ccfaed077b6d17fd9d069a3218fb4500e74d52ff80802555ef7f5a2290e0e,22.167
666,100,650ccfaed0f726d16ed9d069a3218fb4410e75d72ef80802555ef7f5a2290e1e,22.200
667,100,450ccfaed0f726d36cd9d069a3218fb4410ef5c7bef808025556f7f5a2290e1e,22.233
668,100,450c5f2ed0f7a6d36ed9d069a3619fb4400ef4c7bef818025556b7f1a2290e1e,22.267
669,100,450cdf2ed2f7a6d36ed9d069a3219ff4400ee4c7aef818025556b7f1a2290e1e,22.300
670,100,450cdf2ed2f7a6d36ed9d069a3619ff4400ee487aef818025556b7f1a2290e1e,22.333
671,100,450cdf2e92f7a6d36ed9d069a3219ff4404ee487eef818025556b7f1a2a90c1e,22.367
672,100,450cdf2e93f6a6d36ed95069a3019ff4414ee487eff858025556a7f1a2a90c1e,22.400
673,100,450cdf2e93f6a6d7eed11079a3019fb4414ea487fff850025556aff1a2a90c1e,22.433
