0,100,4cd946d9673cb325b92be90b0bdacad377a6102dbf6986d4cc956ce40034bd52,0.000
1,100,4cd946d9673cb325b92be90b0fdacad277a6102dbf6986d4cc956ce40034bd52,0.033
2,100,4cd946d9672cb325b92be90b0fdacad277a6103dbf6986d4cc956ce40034bd52,0.067
3,100,4cd946d9673cb325b92b690b0fdacad277a6103dbf6986d4cc956ce40034bd52,0.100
4,100,4cd946d9673cb325b92b690b0fdacad277a6103dbf6986d4cc956ce40034bd52,0.133
5,100,4cd946d9672cb325b92b690b0fdacad277a6103dbf6986d4cc956de40034bd52,0.167
6,100,4cd946d9672cb325b92b690b0fdaccd277a6103dbf6986d4cc956de40034bd52,0.200
7,100,4cd946d9672cb325b92b690b0fdaccd277a6103dbf6986d4cc956de40034bd52,0.233
8,100,4cd946d9672cb325b92b690b0edaced277a6103dbf6986d4cc956de40034bd52,0.267
9,100,4cd946d9672cb325b92b690b0edaced277a6103dbf6986d4cc956de40034bd52,0.300
10,100,4cd946d9672cb325b92b690b0edaced277a6103dbf6986d4cc956de40034bd52,0.333
11,100,4cd946d9672cb325b92b690b0edaced277a6103dbf6986d4cc956de40034bd52,0.367
12,100,4cd946d9672cb325b92b690b0edaced277a6103dbf6986d4cc956de40034bd52,0.400
13,100,4cd946d9672cb325b92b690b0edaced277a6103dbf6986d4cc956de40034bd52,0.433
14,100,4cd946d9672cb325b92b690b0edaced277a6103dbf6986d4cc956de40034bd52,0.467
15,100,4cd946d9672cb325b92b690b0edaced277a6103dbf6986d4cc956de40034bd52,0.500
16,100,4cd946d9673cb325b92b690b0edac6d277a6103dbf6986d4cc956de40034bd52,0.533
17,100,4cd946d9673cb325b92b690b0fdaced277a6103db76986d44c956de40034bd52,0.567
18,100,48d946d9673cb325b92b690b0fdaced2f7a6103db76986d44c956de40034bd52,0.600
19,100,48d946d9673cb325b92b690b0fdaced2f7a6103db76986d44c956de40034bd52,0.633
20,100,48d966d9673cb325b92b690b0fdacad2f7a6103db76986d44c956de40034bd52,0.667
21,100,48d966d9573cb325b92b690b4fd2cad2f7a6103db76986d44c956de40034bd52,0.700
22,100,48d946d9773cb325b92b690b0fd2cad6f7a6103db76986d44c956de40034bd52,0.733
23,100,48d946d9773cb325b92b690b0fd2cad6f7a6103db76986d44c956de40034bd52,0.767
24,100,48d946d9773cb325b92b690b0fd2cad6f7a6103db76986d44c956de40034bd52,0.800
25,100,48d946d9773cb325b92b690b0fd2cad6f7a6103db76986d44c956de40034bd52,0.833
26,100,48d946d9773cb325b92b690b0fd2cad6f7a6103db76986d44c956de40034bd52,0.867
27,100,48d946d9773cb325b92b690b0fd2cad6f7a6103db76986d44c956de40034bd52,0.900
28,100,4cd946d9773cb325b92b690b0fd2cac677a6103db7e986d44c956de40034bd52,0.933
29,100,4cd946d9773cb325b92b690b0ed2eac277a6103db769c6d4cc956de40034bd52,0.967
30,100,4cd946d9773cb325b92b690b0ed2eac277a6102dbfe986d4cc956de40034bd52,1.000
31,100,4cd946d9773cb325b92b690b0ed2eac277a6102dbfe986d4cc956de40034bd52,1.033
32,100,4cd946d9773cb321b92b690b0ed2eac377a6102dbfe986d4cc956de40034bd52,1.067
33,100,4cd946d9773cb325b92b690b0ed2eac277a6102dbfe986d4cc956de40034bd52,1.100
34,100,4cd946d9773cb321b92b690b0ed2eec277a6102dbfe986d4cc956de40034bd52,1.133
35,100,4cd946d9773cb321b92b690b0ed2eac277a6103dbfe986d4cc956de40034bd52,1.167
36,100,4cd946d9773cb321b92b690b0ed2eac277a6103dbfe986d4cc956de40034bd52,1.200
37,100,ccd946d9773cb321b92b690b0ed2eac677a6103db7e986d44c956de40034bd52,1.233
38,100,ccd946d9773cb321b92b690b0ed2eac677a6103db7e986d44c956de40034bd52,1.267
39,100,c8d946d9773cb321b92b690b0fd2cac6f7a6103db7e986d44c956de40034bd52,1.300
40,100,c8d946d9773cb321b92b690b0fd2cac6f7a6103db7e986d44c956de40034bd52,1.333
41,100,48d946d9773cb721b92be90b0fd2ca46f7a6103db7e986d44c956de40034bd52,1.367
42,100,48d94ed9773cb721b92b690b0fd2ca46f7a6303db7e986d44c954de40034bd52,1.400
43,100,48d94ed97734b721b92be90b4fd2ca56f7a6303db7e986d44c9549e40034b552,1.433
44,100,48d94ed97734b721b92be90b4fd2ca56f7a6303db7e986d44c9549e40034b552,1.467
45,100,48d94ed97634b721b92be91b4fd2ca56f7a6303db7e986d44c9549e40034b552,1.500
46,100,48d94ed97634b721b92be91b4fd2ca46f7a6303db7e986d44c9549e40034b556,1.533
47,100,48d94ed97634b721b92be91b0fd2ca56f7a6303db7e986d44c9549e40034b556,1.567
48,100,48d94ed97634b721b92be91b0fd2ca56f7a6303db7e986d44c9549e40034b556,1.600
49,100,48d94ed97634b721b92be91b0fd2ca56f7a6303db7e986d44c9549e40034b556,1.633
50,100,48d94ed97734b721b92be91b0fd2ca56f7a6303db7e986d44c8549e40034b556,1.667
51,100,48d94ed97734b721b92be90b0fd2cad6f7a6303db7e986d44c8549e40034b556,1.700
52,100,48d94ed97734b721b92be90b4fd2cac6f7a6303db7e986d44c8549e40034b556,1.733
53,100,48d94ed97734b725b92be90b0fd2cac6f7a6303db7e986d44c8549e40034bd52,1.767
54,100,c8d94ed97734b721b92be90b0fd2cac6f7a6303db7e986d44c8549e40034bd52,1.800
55,100,c8d94ed97734b721b92be90b0fd2cac6f7a6303db7e986d44c8549e40034bd52,1.833
56,100,48d94ed97734b725b92be90b0fd2cac6f7a6303db7e986d44c8549e40034bd52,1.867
57,100,48d94ed9f724b765b92be90b0fd2cac677a6303db7e986d44c8549e40034bd52,1.900
58,100,c8d946d9f724b765b92be90b0fd2c8c677a6303db7e986d44c854de40034bd52,1.933
59,100,c8d946d9d724b765b92b690b0fd2e8c777a6303db7e986d44c854de40034bd52,1.967
60,100,c8d946d9f724b765b92b690b0fd2e2c677a6303db7e986d44c854de40034bd52,2.000
61,100,c8d946d9f724b365b92b690b0fd2eac337a6303db7e986d44c856de40034bd52,2.033
62,100,4cd94ed97764b365b92b694b0ed2e8c337a6303db7e986d44c856de40034bd52,2.067
63,100,4cd94ed9f764b365b92b694b0ed2e8c337a6303db7e984d44c856de40034bd52,2.100
64,100,4cd94ed9f764b367b92b694b0ed2e8c337a4303db7e984d44c856de40034bd52,2.133
65,100,4cd94ed9f76cb367b92b694b0ed2e8c337a4303db7e984d44c856ce40034bd52,2.167
66,100,4ed94ed9f72cb367b92b694b0ed2e8c337a4303db7e984d44c856ce40034bd52,2.200
67,100,4cd94ed9f72cb367b92b694b0ed2e8c337a4303db7e984d44c856de40034bd52,2.233
68,100,4ed94ed9f72cb367b92b694b0ed2e8c337a4303db7e984d44c856ce40034bd52,2.267
69,100,4ed94ed9f72cb365b92b694b0ed2e8c337a6303db7e984d44c856ce40034bd52,2.300
70,100,4cd94ed97724b365b92b694b0ed2e8c337a6303db7e9c4d44c856cf40034bf52,2.333
71,100,4ed94ed97724b365b92b694b0ed2e8c337a6303db7e9c4d44c856cf40034bd52,2.367
72,100,4ed94ed9f724b367b92b694b0ed2e8c337a4303db7e9c4d44c856ce40034bd52,2.400
73,100,4ed94ed9f72cb367b92b694b0ed2e88337a4303db7e9c4d44c856ce40034bd52,2.433
74,100,4ed94ed9f724b365b92be94b0ed2e8c337a4303db7e986d44c856ce40034bd52,2.467
75,100,4ed946d9f724b765b92b694b0ed2e0d737a4303db7e986d44c856ce40034bd52,2.500
76,100,4cd946d9d724b765b92be94b0bd2e8c777a4303db7e986d44c856ce40034bd52,2.533
77,100,c8d946d9d724b725a92be94b0fd268d777a4303db7e986d44c856de40034b556,2.567
78,100,48d946d9d724b767b92be94b4fd24097f7a4303db7e986d44c8549e40434b556,2.600
79,100,48d94ed9f724b727b92be94b4fd24096f7a4303db7e986d44c8549e40434b556,2.633
80,100,48d94ed9963cb727392b494b4fd24056f7a43039b7e987d44c854be46c34b556,2.667
81,100,48d94ed93734b727b92bc94b4fd24216f7a43039b7e986d44c854be46c34b156,2.700
82,100,48d94ed93634b527b92bc95b7fd2c216f7a43039b7c9879448854be4ec24b156,2.733
83,100,48d94ed93634b527b92b495b7fd2ca56f7243039b7c90f9448a54be4e824b156,2.767
84,100,48d94cd93634b527b12b495b7bd2cb56f7a4b039b7c90f9448a54be4e824b156,2.800
85,100,48d94cd93634b527b16b495b6bd2cb16f7a4b039b7c91f9448a54be4e824b156,2.833
86,100,48d94ed93634b527b16bc95b6bd2cb16d7a4b039b7c91e944885cbe4e824b156,2.867
87,100,48d94ed93634b527b16b895b6bd2cb16d7a4b039b7c91e9448a5cbe4e024b15e,2.900
88,100,48d94ed93634b526b12b8b5b6bd2cb5697a4b0a9b7c91e9448a5cbe4e064b15e,2.933
89,100,48d94cd93634b526a12b0b5b6bd2ce56b7a4b0b9b7c91e9448a5cbe4e864b15e,2.967
90,100,48d94ad93634b526a16b0b5b6bdaced6b7a6b0a9b3d91c944885cbe4e864a15e,3.000
91,100,48d94ed93634b526a16b0b5b69daced6b726b0a9b7d91c9448a5dae4c164a15e,3.033
92,100,48d94ed93634b526a16b4b5b69daced6b726b0e9b7d91c9448a4dae4c164215e,3.067
93,100,c8d95ad93634b526a52b6b5b49daced6b726b1e9b7c91c1448a4dae4c065215e,3.100
94,100,d8d95ad93634b526a52b6a5b49dac6d6b62eb1e9b7895c1448a4dae4c165215e,3.133
95,100,dad95ad93634b526a52b6a5bcbda46d6b626b1e9b6895c1448a4dee4c065215e,3.167
96,100,c8d95ad93634b526a52b685bcbda46d63636b3e9b689dc1448a4dee4c165215e,3.200
97,100,c8d95ad976b4a524a52b685bcbda66d63436b3e9b689dc14daa4dee48065215c,3.233
98,100,c8d95a9976b4a524ad2b685b4bda665634b697e9b689dc14daa4dee48265215c,3.267
99,100,4ad95e9974a42724ad6b685b4bda665634b697e9b689d814daa4dee48265255c,3.300
100,100,cad95ad974b527242d6be85bcada665624b697e9b4a9d814daa4dea40265255c,3.333
101,100,4ad95a5974b527242d6be95bcadb6e5624b637a9b4a9d854dea4cea40205355c,3.367
102,100,4ad95e59f5a53724296ae95bcadb6c5624b637e9b4a9d854de444ea406453558,3.400
103,100,4ad9fa59f12537242d6ac97beadb6cd605b637a9b4a9d8d4de444ea426052158,3.433
104,100,4ed97859d3253724296ac97beadb6ad607b6b689b4a9d0d4de445ea42e0d2158,3.467
105,100,4ed950d997253724296ac97beadb48d617a6b689b4a9d0d4dec65ea46e0d2158,3.500
106,100,4ad940d917243524a97ac95bea5b4ad637a6b689b5a9d8d4dec65ea56e0d2158,3.533
107,100,4ad940d93724bd24e97a895b6a5b4ed63723b489b1a99ad4d4d67ea56c0d3158,3.567
108,100,4ad940d93724bd24897a895b6adb4ed63f23b489b1a99ad4d4d67ea56c8d1158,3.600
109,100,4ad944d83724a524c97aa95b48db7fd63723b4a9b1a99ae4d6567ea56c8d0158,3.633
110,100,4ad946d83724a1248d7aa95b48db7fd6372314a9b1a99ae4d6d67ea56c8d015a,3.667
111,100,4ad944d837246124893aab5b48db7fd63f231429b5a99ae4d6d67ea56c8d055a,3.700
112,100,48d94e5837243124e17aab5b48db7fd2272315a995a99ae4d6d67ea56c8d055a,3.733
113,100,c8d94e5837243124e16aa95b48db7fd2262315a995a9daa4ded67ea56c8d855a,3.767
114,100,c8d84ed837243124e12aa95b4adb3fd2262315a995a9daa4ded67ea56c8da55a,3.800
115,100,c8d84ad837243524e12aa95b4acb1fd2276115a9b5a9caa4dfd67ea5668da55a,3.833
116,100,c8d84ad837243524e12aa95b4acb1fd2276135a9a5a9cab4dfd67ea5628da55a,3.867
117,100,c8d84ad837243424692ea95b4acb1fd2276334a9a4a9cab4dfd67ea5628da55e,3.900
118,100,c8d84adc3724b524692e295b4acb1fd2a763b4a9b4a94ab45fd65aa56285a55e,3.933
119,100,48da4adc1724b52469af295b4acb5bd2a763b4a9b4b94ab45d965aa56285a55e,3.967
120,100,48d84edc572cb526a9a7295b4acb4bc38763b4a9b4b948b45d965a846aa5b55e,4.000
121,100,40d94ede572cb526a9a7695b4a4b4bc39763b4a9b4b948b41d960e846aa5b55e,4.033
122,100,4a9946de57acb526a8a7695b685b4bc3e763b229b4b9c8f40d960e840aa5b55e,4.067
123,100,5a9946de078cb526a9a6e95b685b4ae3e573b229b4b9c4f40d960e940aa5b55e,4.100
124,100,5a9946dc278c7724a926db5b2c5b6aeb6563b221b439c4dccd940f960aa5b556,4.133
125,100,c819469d2784772cad26da1bac5a2aeb65a3b321f239c6dccd94cf960aa53556,4.167
126,100,c95956992784772de966da1bac5a26e975a3b121f229c6dcc494cf960aa53556,4.200
127,100,c95bd699078477257d6eca1b8c5a26f935a339217239c6dcc694cf960aa52556,4.233
128,100,e95bc69d958c2b257d6f4a139c5b26d8b5a33923b239c2dcc694c7d602a53156,4.267
129,100,495ac29d95ac2ba56d6b4a1b9a5b26d2b5a7b923b039d2dcc694c7d60aa1b156,4.300
130,100,c85a4a5895ac37a46d6bc91b9ad32ed29da7b923f039d2dcce940f560aa1b156,4.333
131,100,48db4a58b5acb7a4692bc91b1ad3aed2bda7b123b079d2dcce944f560a81b152,4.367
132,100,44db4a58b72cb524692bc95b5ad3aed6bca7b123b079d0f94e944f564a81b152,4.400
133,100,44934e58d76c35246dab494b5adbeed6bce6b123b0f9d0f94e945d560a81a152,4.433
134,100,4c9b4ed0da64352c65af494b5adbfed6bcc6b127a2f1d0e95e945d560a01a152,4.467
135,100,4cdb4ef0da64352c252f494b4bdbfed6bcc6b127a2f1d0e95eb45c562803a150,4.500
136,100,6cdb4ed1da64352c252f490b4b5bded6bcc6b127a2f1d2e95eb45c56280ba150,4.533
137,100,6cdb46d1da64b52c253f490b6b5bc6d6bcc6b5a7a0f152c95eb45c56380ba150,4.567
138,100,6cdb6691ce64912c3539490b6b1bc6d6bcd6b1a7817143c95ebcfc56780ba151,4.600
139,100,ccdb64814e64996c35396d0b691b4ad6fcd6b1a781e343e95eb4fc56580ba151,4.633
140,100,ccdb24cf67648d6437396c5b690b6ad6f65eb5a781a301e94e94fc167803a151,4.667
141,100,dadbb4cf27648d6437296e7b690b6a16e65e95a781a303e94a94fc16f803a151,4.700
142,100,5b9bf4cd26652d641d29767b6d0b6b96e65e94a791a303e94a94fc16f8032151,4.733
143,100,5b9bd6ddb66525641d2b7a5b6c0be992e65e948791a305e94ad4fc16f8032151,4.767
144,100,4d9b56d9b64525644c2d7b5b6c1be992e75e94c791a301e94af4fe16f8032151,4.800
145,100,4c9b5ad9966db5242f2d1b5b769bec92e54ea6c790b381e14ee4de1678032151,4.833
146,100,4cdb5ad9d22db5a4276d0b5b5a9be492b56ea64780f381e14ee47f167803a151,4.867
147,100,44da3ec3692c95a5b769af5b5a99669fb536b66680c380e14ce47f167a03a151,4.900
148,100,40da9ed2a96cd52513212f5b4b9b729fb5a6b726a4c3c0e144e47f967e0ba151,4.933
149,100,42da56dead64e12d13a10f5b4b9b729fb486b526a4cbc2f144e47d947e0ba151,4.967
150,100,4ada56debd24a52d1a25077b4d1b6addf486b126a6cb82f146e47c947e0ba151,5.000
151,100,48db56defd06a52d0a255f7b4d1b6a1df0de9126a64b82e14ee47c94f80ba151,5.033
152,100,c8d94ad45fc6b52f296d1a634f1b6a1df0de9126b64b86c14ee47c94f80ba151,5.067
153,100,cc9942fc5ee4b52ead2b0a637e736b18e25c91b6b74e86c14ee45c94f80ba151,5.100
154,100,48db85ad62e4b726a52b2b4b7e737f30225c91be934e9ec94ae45c94f80ba151,5.133
155,100,4adb84a9bfe4fb26a52b294b7a437eb0a05c80be932edec95ee444d4f01ba151,5.167
156,100,4adb1489b7e42b26353ba94b6a437eb2a17d00be932edec95ee44ed4e01ba151,5.200
157,100,4adb54c99724ab26753ba94b6a436cb3a17801ff933efe495ea44cd4c03bb141,5.233
158,100,4adb54cd9724a926353bc94b6b4662b3a57817ee9b3ef64dde8446d4003ba151,5.267
159,100,6a9b4acd9724af26643b894b6b4e42b3b5789fe89bb6d44dde854eb4003b8151,5.300
160,100,489b6add3664b926617b095b0b4e4af29571bfe892b6d44dda85deb401bb8151,5.333
161,100,489b4a9d7664b926297349db6b4e6ad29571b56992b6844dc885dea46dbba151,5.367
162,100,489b4a9d74e4bd2629334bdbfb4e4ed69171956992b604dc48855ea46dbba151,5.400
163,100,50f94a9d36ccb566a93348dbeb494e9697b1b569b6b6c4d8488458a46dbba151,5.433
164,100,5ce94a98368cb566b9226adbdb4b4e9696b3b569b6b6c4d84c8448a46dbba151,5.467
165,100,52c94cb8b69cb764b92a6adb59794e1692b3b569b6b646d84c8c48a46dbba151,5.500
166,100,52cb4cb0369cb664a12a6adb4b79cc1cb296b569b6b65edc4c8c48a46fbba151,5.533
167,100,5a4bc4e12634b28cad6a6adb4bdb283c3696b569a6a75cfc4c9c48a44fbba151,5.567
168,100,585bcfc56c34378ca96a481b4acb637c3096b54baca7dcf048dc5aa4cefba141,5.600
169,100,48db1e4f69a4f4b4a94a085b4bcb6b7cc6b6b54b88af94f4cadc52241eeb2151,5.633
170,100,48da704f5b24a5b4ab4a597b6b0b6a7897b6b54b1aaf94e44edc42247ceb2151,5.667
171,100,ccda42cd5f24a5b4ab5a417bea0b5a6015b6a44b12afb5e44ed446e4edeba151,5.700
172,100,4cdb5acdb524a5b4b35a294b6a0b56e0bd36a6cb96afe5c0ca944ce41dfaa111,5.733
173,100,4cdb7acd256417b4a57a6b4b4a4ba5e02ab6948bb52bcac45ab45ccc7b7aa111,5.767
174,100,48db46dda564b7a4293a534ba85b6b4052b4b51bad6adac554a4595e6bf3a115,5.800
175,100,59da46dd2b64b525b97aad5b4adb5a44b6a4a51bdada9685cdac42564eb30111,5.833
176,100,6bdb54dc7664a525297a6d5b5a9ba64c2da49352b6b6ec8d4a4c46d63ca33141,5.867
177,100,4a5a549cf625b524eb72ed5b6a994a4c9326b452a5adda8ddecc4cf4692ba141,5.900
178,100,4ada4d9866edb524a772697b4b19bad936a6a5d2992d96c94cd458f4436b2151,5.933
179,100,5ada5fc866adb5242db38b4b4a796a99e4a69156366dccd9c8945ae4364b2d11,5.967
180,100,4ad85e4846adb124a9b72b4b6af94b9991263756e66998995ab44ee46ccbbd11,6.000
181,100,4ad84cc916adb326a9a7695b4af91b99b32e3696dce9999142a44ec4cd9bb911,6.033
182,100,4ad84e5936a4b766a9a7e95b4af933b9366ef4969ce9339146a44cc4c91b3111,6.067
183,100,5ad84e5976a4b766a9a7c95b4a796239366e95969ce96693cee458c4891b3111,6.100
184,100,5ad84e4954a4b764b9b7c95b6a796239b66c9596bda9e6d3cee458c4011b3051,6.133
185,100,5ad94e4954a4b764b9b7895b6a7962b1d66cb59635a9e6e3cee458c4031b3051,6.167
186,100,5ad94e5954a4a764b9b7895b6a7966b194ecb59635a9c6e3cee459c40313b051,6.200
187,100,5ad94e4954a4a764b9b3095b6a7b4e9994ecb19635abc6e34cec71c42713b851,6.233
188,100,4adb4e4854e4b324b9b3095b6e794a9890ecb59635ebc6e34cec71c46713b951,6.267
189,100,4adb4cc846acb72439b3295b4ef94a5890ac3516f4ebcec34ccc73d46713b951,6.300
190,100,4ad844ccf684b52439b3696b4eb94a5cb1a43512f4eb8ec358ec73d4e713b951,6.333
191,100,4ad8448d3624b52439f3e96b4e995a5c33863712d6eb8ec758ac73d4e7133951,6.367
192,100,4bd8448d3764b5242873c96b4a99785c33863713c6e98edf58ac73d4e7133d51,6.400
193,100,59d84e8d3364b534287beb6b4a99785e31863713e6e9ce1d588c71d4e7032d51,6.433
194,100,49994ec7b564b534296b6b2b4a9bbc4e11863733e6e9ce1d58dc51d4632b0d51,6.467
195,100,ccdb4ec3b5343434292b632b4adbfd4691c63733e6e9ce1c18d451d463ab8551,6.500
196,100,ced34a50353c322d292b69abcedaed663193373be6a9ce1c18d451d473ab8550,6.533
197,100,4ed34a5815bcb225a129c89bce5ae5663393373be6adce1c98f451d471aba550,6.567
198,100,5adb49dc14bcb3652129c85bce5ac0e3331237b9e6ad8e1c98f459c679aba550,6.600
199,100,5b5b4c9c76a4b7642121ca5bcf5ad0b3371232ade7ad8c1cdcf418c639aba550,6.633
200,100,49db4c8d76e4b524ad33cb5b4d5bd8b3379832ade38d8c4cccf418c65fa92110,6.667
201,100,49cb5ec92364b524a133eb5a595bdab395cc32ad738dcc4dcc74ccc64bb92114,6.700
202,100,4edb56d8b124b524a1136b5a4c5bced395cc38ad738dc64d4e74ccc66bb93114,6.733
203,100,42d97ad83526b5a4a973695b4edb6ad8948d1aa531c9660d4e54cec67bb93116,6.767
204,100,4adb481e05a6b7a4a16b6d4b4adb7accc62f9aa5b1c1671ccc544ee678b99116,6.800
205,100,4adbec9364a4b764a12f7b494adb5a6cc6279db491c1331cccd44ee6d8bd8502,6.833
206,100,4bcb74d336e4bf24812f6b49ca5b4e65e1278db499c1931cdcd446f44c9da542,6.867
207,100,4bc25ed09364bd24a12d6b59ea5b3be570b7e4f09c41999c5ed492f44e8d2153,6.900
208,100,0edaded8072cb526a1ad2f596a5b9fe5309726f0ac41c99c5e54dabc664d2053,6.933
209,100,4ed85edc85ac35a7a0ad8b59485bcee5b41737782409e0dc5e544bbe724db053,6.967
210,100,4ad84adcf5a4b7a7b0258b4b485bc6f59e06b37ca60574cccf1449ae1b2da153,7.000
211,100,4ad87e4cf0a4b7a5382dc9cb481366f1ce06913cb707b4cccf9c0cae8b2fa553,7.033
212,100,4adc7ccef4a5b727293de9cb6a1362c5c406913cb7079cccc7980caec127a553,7.067
213,100,4bcc7c8714a5b727a93dedcbca1332e5440ed13dd703dec45798c4a74127b113,7.100
214,100,4bcb7c8780a5b325a83d6fcbca1332c7641f59a5f7835ee4529dc4a741a53113,7.133
215,100,ced35e93d0a5bf25ac392fcbca1310e7640f3da173814ee450dd46a769a53113,7.167
216,100,ced35e935085bf24a46b2bcbc81bb8e3b40fbde13b810afc58cd52a728a53913,7.200
217,100,c6d35ed949e52524b56b09cbe81398e3b70eadf023f3c8fc58cd52272ca1ad11,7.233
218,100,c2d15ed961e5a7249169fbc96e12dce3b70e84f181f3c07cc8cd5a27ac81ad51,7.267
219,100,cad94e4961e43724d160ffc96f12dee3178e84f1b193e47cc8cd5a07b481a571,7.300
220,100,4ad9ce4d21e42734f9600fc96f124863138ee479b193f43c6ecd5a85f681b5f1,7.333
221,100,cad9ee4c31a427347b618bd92b134843110ef439f09bf60c6ec54b85f681b7f9,7.367
222,100,4bd98eccb1b427362b798bd92b136847f00f7639dc8f170c0fc54b8412c1b7f8,7.400
223,100,5bccc6dc9486a324293c69cbfb936c47fd0736391e8fd38c84ed81c44a713378,7.433
224,100,59dc664cdc86b124ad3c69ca5bdb16670d86b70daec6f884d0e5f0e568752878,7.467
225,100,d8d6660f47e63534a536294b4b9396230786972da7e678c47aa5dce5a835295c,7.500
226,100,d99252cf45e6353c9326a97b6993d3e3668651adb5e23cc45ea55c25a534a11c,7.533
227,100,c98362cb64a411bd5366bf7b69d352e3b2ce75ad97b28ccc0ea54e059514a11e,7.567
228,100,c98b104fa7aced246b379f5968d35833b24eaca5d3b2c6cccfa5ce854114314e,7.600
229,100,488f5a5ba72cad346b395f5b2ed368179266a4b5fb96e28dc3ad63844106314e,7.633
230,100,484d5adc356ca536ab394b5b8e936d07526634fa39de728d58ec59c4a846954e,7.667
231,100,480f58dcf664a5b6af29cb5bc2932d87da6694da1dc6988d58f448e4c447e566,7.700
232,100,4c1f48d8766435bcad29eb43cac38486ed3696da85e69e8dcef440e464477566,7.733
233,100,4cda4a58b33417bcbd29eb43cad7849e6d7ef65ac4a64e0d4ef4406434473326,7.767
234,100,405a4878b7bc75a43d2129436a5786de276cf27ae6a70e8d5ef4c87490479b33,7.800
235,100,c85b4db857ec35a41d232d53684f56de272c337ab6b5838ddeb4c83489438933,7.833
236,100,cd594c9056e4a5241523bd437a4e52ceb72c337bb2b1c38ddeb4cc14c953c9b3,7.867
237,100,ccd94ed15664b535992339437a4ed3fc95ac39393291e1ec5e944c14695365b3,7.900
238,100,c8dacaf31766b7b589631946690edbbc95bcbd3930d161ec4e944614645326d3,7.933
239,100,ccd2eee35f24b1a5896b1906e90eeafcd5bcbd3130d135ec4fd406142453325b,7.967
240,100,c8d2cfe75d24b5a4ad6f0d0e689c6adcd6bd952130d134ccc7d4c6953413325b,8.000
241,100,4ed24d870da4b5a4ad2f5b1e781c68d8d6b5952190d1b2dcc7d4d295b033b35b,8.033
242,100,ced2cd85cd8cb4a4ad2f0b1e78597a58d6b19723984390dcc3dcd2851033bb7b,8.067
243,100,cfcecc8c2c0cb424bb3f1b1a78596b58c6a197239843d3dcc3dc5a8518339b7b,8.100
244,100,4ece4c8c3c4cb02d9b3b0b1b7979eb50c2a19763984bd9dccbdc4a8518339b6b,8.133
245,100,4ecc5c8c3c5cbb29893b0b1b79f9e950c3a1c563986b59dcc9dc4a8518339b6b,8.167
246,100,4e9c4c9c3d5c7b29c93b4b5b78f9e150c3a1c563986b59dcc1dc4a8518332b6b,8.200
247,100,4e995cd99958d321a9332b5b78f9e152c3a38563986b59dce59c48851c332f6b,8.233
248,100,c8db4cd9b161f3a1a1332bdb60e9e352c3239563986e359ce59c08951c336f6b,8.267
249,100,48cb44c97361e3a7a1266b4364ebe742c6a79d2318ee569ce79c48951c332f6b,8.300
250,100,4ac940c962e667a6a1066a4b6c4bcb56caaf9c2f38ce369cc79c4a951c336f6b,8.333
251,100,48c960486226a526a95e5879cc5bca139aaf383e38bcf79ce71c48157c736f6b,8.367
252,100,48d9ea5a46369d26b95e5869c95b0a1b10ad31be32bce79cc614483578736f6b,8.400
253,100,cb5b4a5a16a4b52cb1a9d9a90b1b1a9b31a931b6f7bcc79cc61448a56863cb6b,8.433
254,100,ce5b46d234a4312431a9a52b2a1376b775a7e3f6e6bc8e14ce44c8e5c862db6a,8.467
255,100,4ed27e9435ac2124b5a12d3b6a1376b7e5b6e77686bc8c52ce44c8e5d8425b4a,8.500
256,100,4cda748db16c672595236b5b6a5bc6a9e77686769c389c5248c5c8e559c25b4a,8.533
257,100,489ce08d47e49525bd236a5bcadbc7e987761ef41c39185258c550c5dbce5b4a,8.567
258,100,ca994ac916e49527a9634a5b4adb0fc01fd63cb43479785252c5c3c5d3cef34a,8.600
259,100,4ad95ec914e6b5272a73485a09db2f423ad4b0b4f16be0d1c285c785d3cef35a,8.633
260,100,5ad954c9b4e6a127427249da6b4b7b46f294f1a0e16bc2d5c68d8e05975e965a,8.667
261,100,58d9f0cba0e6232717b2a95a6b5bea56d1b481a8834b86958e8d1e0cbe1eb6fa,8.700
262,100,d8dbe0d322a652279532a95aeb5bc25685b4876907d30e951e0d7e0c3e1e36fa,8.733
263,100,88db22d766a69726b532eb5b4a5b469605a40f631ed31c957c0d7c0c369e34fa,8.767
264,100,08db4ec65626b526ad324b194a5b155635243f43be937c95780d705c64fe35fa,8.800
265,100,4adb5ec6b666b53429344a19525b75463f24ba43b493e0bdc04d60dc64fe25fa,8.833
266,100,58d2dc46b424a9344b3c5a19555bed44ff24b243f493c0bd40dd40dc64fe27fb,8.867
267,100,d8d2e846a42c293c5b3cd21bf55aed44fb64b293a4b140ad40dd40dc65f627fb,8.900
268,100,c8d6aafc643c513cd32cb50bed5ae954e265b29304b900e940d844dc6df62ffb,8.933
269,100,c8fc48fc5538d52c952cad4b695a6b5402e716b305a905e944d84cd46fb62ffb,8.967
270,100,48fc44f855389724b52da91b6b534a7516a334b315a905c94cd86c946fb62ffb,9.000
271,100,489846d8b714b324a92d6b434a535af316a335b395285ec84cd86e946fb66fbb,9.033
272,100,4a998ed8a204a32429234b435ad356b334a335b3bd68ecd84cdc4e946fb66fbb,9.067
273,100,ca99ced8320421254923594352d394e3e4b3b522bd686ed86cdc4e947fe66fab,9.100
274,100,c89b56c872a451275923d143d4d3b493a5b3a532bb486eda4cd44e947fa62bab,9.133
275,100,48d354c754a55523d1239553a4d32dd3adb3ab60aa494cd24e944eb47fe62bab,9.167
276,100,484244c724a79523b173ad536dd369930b32b37c3ad94c9a4e944ea46fee2bab,9.200
277,100,484a4ee5adb2b533ad72295969db4b9a5a34324c12d94c9e4eb44ca457ee33ab,9.233
278,100,4ad84ab9253227322d304bd94bdb5a985274b6cc169d5c9e4cb45ca457ee37ab,9.267
279,100,4a994a98453027b449384b99da9bd21c96e4b6ccb4bf9596dcacd4ec276ea52b,9.300
280,100,5a995298543047a4d928d30b925ab6bcb6c4b48cb5af9db6dcac4d6c6d6ea12b,9.333
281,100,5a9952d895cc95ac9529b38bb25aa4e424c4a5ada5a79da65cec6f4c6d4e292b,9.367
282,100,dad9d6d8b4ccb5acb529a70b26da24c62c8425a7a927d9665eec4a4c6b4b292b,9.400
283,100,48dbe4daa48cb52c256b2e4b64da6dc66d84d927db275b665aec4acc48cb230b,9.433
284,100,48db6cd661ac252c6d6b686b49524946d9849327d367d246daccdacc91db335b,9.467
285,100,48db4cdc51ac252c6963496bc952994e93a49327966eb646d6cc5ad4b5dab353,9.500
286,100,48dbd89cd72ce92d8963996b9b52b34e32a4b667a6cee6ce44cc549429922573,9.533
287,100,4adae29cb66cb3a5b143354b7ad2665c66a5e46664ce4cdecd9c499449922973,9.567
288,100,4ada62dc366c33a529436d4a6ad266dce4a5ccc6cccedc9cc99849b4db32a963,9.600
289,100,4ada46dd34ec35a569466d4aced1cc988ca59cc6998e999c5b98cb349336b963,9.633
290,100,4ad84edd35ecb5acc926cd4ace919c9a99a5b196319e339c5b1843343636b363,9.667
291,100,5ad85ef9758cb72e9b26895a0899399a33ad339633be6734c6704e7466662143,9.700
292,100,48d954e9771ea52eb526195b68a9711273ade716e738c674ce70ce644ce62147,9.733
293,100,48d946c99616352e2d267b5b6a296372e6ad87368e798c744cf05ce499e6a18f,9.767
294,100,4ad94cc9a636bd26e926e95bc269ce728eaf9c369c691ce458f258e439c6210f,9.800
295,100,5ad94cc96cb6b12e992e695b4ae91e721c3f3c763ce970c4d9c641c4638e230f,9.833
296,100,4ed958db5db6a364b16e095b0ac93ed2303fb076f0cbe1c4c3c6c384c70e331e,9.867
297,100,ccc962dbb166a2a4256c2b13788978d6f066a1e6c1cbc7c4cf864f8c8f1e953e,9.900
298,100,49cb46d2a36415a4ad5c6b33e14bead6c5ea87e4879b8f044e865e0c3a3cb57a,9.933
299,100,595bccd266e4b5acab1c5e238a5b428615f21fa49f3b3e145c067c1c783cb17a,9.967
300,100,ca534cd256eca7247b182d6b4a5b17862fd21eacbd12fa14f80e781cf07ca17a,10.000
301,100,4ad34dc6b4cc2f34b33ca94b5ad3af0c7a96b5acb852d09dc00cc0f421fca3fa,10.033
302,100,ccd3eace7cac5634a53c4b4bf6936a0cd6b6b52ce25680bdc01c40f40bf827f2,10.067
303,100,ce4beadc74acb634292d4a4bec9b7a5cb6b6a16cc2f780ac005c42f44bf02fd2,10.100
304,100,4a4b6adcf42cb5346b6d928368397a5eb5b7e37c82b7802c00dc4af44bf02ff0,10.133
305,100,4adbe89cb46c2db44bc9b293683972dfa5b7c27e80b7006c0adc4ae40bf03ff0,10.167
306,100,4ad3e8bcb4644ba4138ba533485972976527d2fe84b7087c4adc42e45ff03ff0,10.200
307,100,48d3e84c26645ba4b7ab693b5a597687433c92be84a7085c42b446e55ff07ff0,10.233
308,100,48daec4c2764d3e4b7a369395a5b74a3c33c92be84af005c42b442e557f43ff0,10.267
309,100,48d9ae4e6d74f3e4b52369395a5bf4b3f13cd2b684ad005c40b440e547fc17f0,10.300
310,100,48db8e4b6d76fb64b53329195a4bf493f928f2a6b4afc04c40bc40a543fc17f0,10.333
311,100,4cd98e4b2d367b66b73329194a4b3e937f08f6a6f4adc00cc09e40ad50fc17f8,10.367
312,100,4cc9d60b2d363b668732291b4a5b3e933f087ea6b4adf80cd09e50ad50fc55f8,10.400
313,100,48c9d68b2c241b66af32291b4a5b3e933f487eb6b4adf80cd09e50ad50fc95f8,10.433
314,100,48c9d68b6c341a66a533295b4a533e937f08feb6b429f80cd09e50ad14fcb5f8,10.467
315,100,dac924996c249226a5306b5b5a533e917f48feb6bc29f80cd09cd02d94fcb5f8,10.500
316,100,d0c9a49974649726a5304b5b4ad32c917f583eb2fd29f80ed01ed02d94fcb5f8,10.533
317,100,d0c9649974649726a5284b5b02d32dd15f503eb2ff09f80ed41cd42db4fcb5f8,10.567
318,100,809b64895624b5262d2c4b5b02d30f595f54beb2fd09f81ef41cc42da4feb5f8,10.600
319,100,889b4ccdd624b5a4292c4a5b04930f595f96bea3fd09f81ef41cc02da4feb578,10.633
320,100,88d34c4d9626a524296cca5304934b593e96bfa3fd0bf81ef43cc02da5fea578,10.667
321,100,48d1484db6a6a524ab6c82530d930a583696bfa3ff49f81eec3cc82d2dfe2d78,10.700
322,100,48d95acdb4a62b24934e05d309d31a50b6b6bd23fe4bf01ee83c486d69fe2978,10.733
323,100,4ad954cd24a60b2c935a0d4b49d316d0b7a6fd23f64bf01e483c487c49fe6b7a,10.767
324,100,4ad164cd24279325975a2d6b4b5336d0f526bd27b61be01e407e407c49fa5b7a,10.800
325,100,5ad364d965a69325b71a094b4b433690fd26fd27b40bc01ec06e40dc4bfadb7a,10.833
326,100,dad944d969a6b325241b495b5b4b7e90ed26b027b41bc01ec06ec0dcd3fa937a,10.867
327,100,dad944d84926b325253b495bdb4b6e90fd26b027b41f401e40eec2dc93fa937a,10.900
328,100,dad944d84926b325253b494b5b4b7e90fd26f027b41fc01ec06ec0dc93fa937a,10.933
329,100,dad964d865269325241b492b4b4b269c7d26bf27b60ae01ec06e405cdbfed37a,10.967
330,100,48d934ca24a7f32cb60b2d2b095b02dc37a63f27be4afc1ec806484d497e7b7a,11.000
331,100,48d9d6db24a7332cf30fa533c85b825e87b607a31fca3e867c06680d687e297a,11.033
332,100,4ad952d3b4a7212c1b63f29be84be056d2b681a307ca0fc65e876c0dac3ead7a,11.067
333,100,4a5b5ad39425a56609231b1b790b7856f2b6f0b381eac3c247858f8dbf0eb53a,11.100
334,100,4a5b4ad35425a526293b1b5b1d0338527ab6f0b2f1e2e3c2c785c784d7aeb53a,11.133
335,100,4adb4ac554a4b526a96b4bcb0fc32c523a76343cb1eaf1c2c2c5c38457ae572f,11.167
336,100,48db4ac556a4b526a96bcbd3cfd38e5abe361c3c3c7238c858c452c453ae138f,11.200
337,100,c8db4ac516243526a56b6bd3c2d3c75a871a863c9c3a1ce858e458e47bee2b8f,11.233
338,100,58db40c102a53727352b29d368d3675bc71a873e863adc685cf458e439ee2b8f,11.267
339,100,58cb54c962a52327152b3953685371d3770ae30fc73ac6794ef44ce428e62bcf,11.300
340,100,58d954c9e525a327852b395b385330d33102330fe79bc638ce744ee42ee62bef,11.333
341,100,4adc54c8b564a324852b8f4b2ad338d33162310f739fc71a4e744ee43ee62be7,11.367
342,100,4adc56d8b56ca124c3278f1b0ad538f631c2330f639ec71a4e744ee42ae62be7,11.400
343,100,4adc569cb56ca124c3258f1b0a9918a431a63383e31fc71ece746ae46ae66bef,11.433
344,100,4ad956bcb5e4a16491258f5b0a1b1aa431a43385e31fe71ece546ae46ae663af,11.467
345,100,4adb56af35a63160b1218b5b0a1b1eac31243385e38de71ee6546ae46ae673af,11.500
346,100,4adb568b352631f2f121895b8a1b1ebc31247381e38de71ce6546ae472e653af,11.533
347,100,4adb52c935263126f121a95b8a5b1ebd352431a1f38de71ce6146ae472e653af,11.567
348,100,4adb52d935263126f123e94b8a5b1eb93d6431a1f38de31cc61462e472e653af,11.600
349,100,4ad9d2cd25263326f1a3e94bca5b9e193d6431a1b38de31ce21462b472e653af,11.633
350,100,4ad9d6d92d243136b1a3e9438a5b1e3b396433b1b389c71c4e1446e552e657af,11.667
351,100,5ad906d92d243136b123c9430a5b1c393974b3b1b3a9c71c4e14c6e5d6e6d7af,11.700
352,100,dad904d92e24b136b123c9431e1b1c3b3874b3b1a3a9c71c4e14c665d6e6d7af,11.733
353,100,dad926997a6c3136a1a3cb430e933c3b327433b1a729c61c4e34c665c7e6972e,11.767
354,100,9ad96d997a2cb126e1238b4b0f93383b327233b3a7290e1c4e34c665e7e6a52e,11.800
355,100,9cda6db8532db02ce9278b4b0f93783372f2e3b227290e1c4c34ce6187e7a52e,11.833
356,100,98db6df21f24b22ce1368b5b0f93783370f2e3a047290e1c5c344e650f67ad6e,11.867
357,100,98db6cda1f25b02ce1260b5b1f937a3370f2e3a247294e195c744c650f672d6e,11.900
358,100,98db4cda1f24b42ce13e835b0e937a27f0f2e3b247294e195c744c650f672d4e,11.933
359,100,dadb44de1b24b425a13c835b0f9b7a27f072e3b6c7294e195c745c610f630d4e,11.967
360,100,92d944de1f66b425e138837b0f9b7a25f0f2e3b4c7294e395c745c640e630d4e,12.000
361,100,92d944dc1b663521a132837b0f9a7a25f0f2e3b6c76b4e3958745c741e630f4e,12.033
362,100,b6d940dc1a663531a1b283fb0f983a25f0f2e3b4c72bce3948745ce41e635f4a,12.067
363,100,f2d944dc1a663531a1b003fb0f987a2de0f2e3b4c72bce39c8745ce41e435f4a,12.100
364,100,64d94cdc32663531a13007fb6f18726de2f2c7b0862bde79c0f4dce41c431f5a,12.133
365,100,64994fd832667531a13027fb6b18726de7f287b0862bdc79c0f4cce43c431b5a,12.167
366,100,64d94fd832667531a1b007fb6f18722de2f287b0860bcc79c0f4dce43c435f5a,12.200
367,100,a6d944981be63523a1b203fb0f9a7a0df2f2e3b0872bce39c07cd4f41e431f4a,12.233
368,100,b6d9449813e63523a1b203fa0f9a7a0c72f2e7b2878bce19c0fcc4f43e431f5a,12.267
369,100,bac2449913e63327e9b323f20fda3a1c70faa3b28782ce19c0fcc4f43cc31f5a,12.300
370,100,9ac2449903a63327e9b323f30fda3b1c70f6a3b28782ce99c0fcc4f43cc31f5a,12.333
371,100,98ca44990ba63b67f933a1f30fda3b0c30e6e1b28782ce99c0fcc4f43cc31f5a,12.367
372,100,9ac6648dcba43b67f903a1c30fda1b0c3027e1b28786ce99c0fcc4f43ee31f5a,12.400
373,100,9846648dc9ac1366f927a9e30bda1b04302ee1b68786ce9bc2fcc4f4bce31f5a,12.433
374,100,9846668dc9a41366f927a9e309da1b04302fe1b68786ce9bc8fcc4f4bce31f5a,12.467
375,100,98c67685c1a41b663903e9e309da1b863227e1b6e386c699ccbce4f49ee31f5a,12.500
376,100,c846168541a49b662d03f9e3c1da0b861a27b1b6e3a6c7d96e3cf4f496e31f4a,12.533
377,100,48461e8561a4c9262d03f833e0db8d869f26b096f1e663c97ebc5674d6734f6a,12.567
378,100,48961a0564a4c9260d074913e8dbcdc69f27b496f1e663c97abc5674d6734f6a,12.600
379,100,4c1e4a05242469268d072d03e8dbc5c68f27bc96f1e6f3c87abc5e34d6734f6a,12.633
380,100,6c5e4b25342569268d070d03787be5c68f279c96b1e673c87a9c5e3456724f6a,12.667
381,100,6c5e4b25342c692689070d03787be5c6cf269c96b8e673c87a9c5e34d6724f6a,12.700
382,100,fc5e4b31362d6924c1270d03587be4c6c5a69c86b8e671e87b9c5e3452726f6a,12.733
383,100,fe5e4f31162d2d24e1270d03485b64c6c5a68e06b8f679e87b9c5e3452726f6a,12.767
384,100,de5c4d18960c2d24e1278d83081b64c6e5a7c6069cf679e87b9c5e345b72ef6a,12.800
385,100,de5e6d18d70c3d24e12781930c1b64c6e5a7c6061cf639e8199c5e345b72ef6a,12.833
386,100,de5e6d19d70c2d24e12781930c1b64c6e5a7c6061cf639e8199c5e345b72ef6a,12.867
387,100,fe5e6d11962c2d24e12785930c1b64c6e5a7c6061cf639e8199c5e345b72ef6a,12.900
388,100,fe5e492136242d26e5278c93087b64c6e5a786161cf639e8199c5e345b72ef6a,12.933
389,100,fc564b21b4242d26e5070d93185b64c6e5a786163cf639e81b9c5e345b72ef6a,12.967
390,100,fc5e4b21b4242d26a5070d13185b64c6c5a786d63cf639e81b9c5e345b72ef6a,13.000
391,100,7c5ecf19368c6924e1070d13585b64c6c5278c0638e679e87b9c5e345b72ef6a,13.033
392,100,7cdacf58368c792ce90d0d03585b64c4c5258c1638e679c8799c5e34daf2ef6a,13.067
393,100,7cdacb183698792ce9290d13581b64dcc5258c0f98e679c8799c5e34d6f2cf6a,13.100
394,100,74d8ceda9698313ce9398d19181b64d8c3258c0d98b671c8799c5eb4d6f2cf7a,13.133
395,100,24db6cda96993538f9398d191a1964d9c3258e0d9c96f1c8499c58b4d6f2cf7a,13.167
396,100,06db64f696f134b8f179ad991a197459c32586099c96d1c1499c58b4d6f2cf7a,13.200
397,100,02d364d786e334b1f179ed991e197459612186399c94d1c1499c78bc96f2df7a,13.233
398,100,12c364c7c66734b1f979e5d90e1b7459613186099c95d1c1499c58bc96f2df7a,13.267
399,100,dac364c7c66734a3f17be5db0e133459617186099c15d0c149dc58bc94f0df7a,13.300
400,100,d2c360c7f26724e7706be5db0e1334596171c6099c1dd0c169dc58bcd4b0df7a,13.333
401,100,d2c36cc7f26724e7306be5db1e1334596131c6098c1dd8c169dc18bcd4b0df7a,13.367
402,100,d2c16cc7f26724a7386becdb8e13345b6131c7098c1dd8c168dc18bcd4b0df7a,13.400
403,100,dac17cc7f26724a7386be4db8e13365b7131c709841d50c168dc18bcd4b0df7a,13.433
404,100,dac17cc7f26724a7386be4db8f133e597131c709841d58c148cc18bcd4b0df7a,13.467
405,100,dac17cc7f26734a7386be4db8f133e597121c709841d58c148cc18bcd4b0df7a,13.500
406,100,dac168c7f26734a7386becdb9e133e5b6121c7098c1550c168dc18bcd4b0df7a,13.533
407,100,d2c168c7f26734a7386becdb9e1b3e596121c6098c1558c168dc1cbcd4b0df7a,13.567
408,100,dac168c7e26734a7386be4db9a1b3e597121c6098c1758c148dc1cbcd6b0df7a,13.600
409,100,dec168e7e26734a7306be5db9a1b3c596121c6098c1758c148dc1cbcd6b0df7a,13.633
410,100,d6c168e7e66734a7307be5db9a1b3c196121c6098c1758c148dc1cbcd6b0df7a,13.667
411,100,fec168e7a66734a7307be5db9a1b3c196121c6098c1758c148dc18bcd6b0df7a,13.700
412,100,3ec368e7a66734a7307be5db9e133c196121c6098c1758c149dc18bcd6b0df7a,13.733
413,100,3ec368e7a66734a7307be5d99e133c196321c6099c1758c1499c18bcd6b0df7a,13.767
414,100,3ec368e7a66734a7307be5d99e133c196321c6099c1758c1499c18bcd6b0df7a,13.800
415,100,3ec368e7a66734a7307be5db9e1b3c196121c6098c1758c148dc18bcd6b0df7a,13.833
416,100,dec168e7e26734a7307be5db9e1b3c196321c6098c1758c148dc18bcd4b0df7a,13.867
417,100,d2c168c7f66734a7386beddb9e133e597121c6098c1550c168dc18bcd4b0df7a,13.900
418,100,dac17cc7f66724a7386be4db8e13365b7121e609841558c168dc18bcd4b0df7a,13.933
419,100,9bc17ec6f26724a7386be4db8e833e1b7131e709841558c168dc18bcd4b0df5a,13.967
420,100,9fc17ec6f367a5a7386be4cb8b033e1b7331e609841558c168cc18bc94b0df5a,14.000
421,100,9fc17ec6f367a5a7386beccb8b033e1b7131e709841558c168cc189c94b0df5a,14.033
422,100,9bc17ec6f367a5a7386be4cb8b033e1b7131e709841558c168cc1c9c94b0ff5a,14.067
423,100,9fc17ec6f267a5a7386be4cb8b833e1b7131e709841558c148dc1c9c94b0df5a,14.100
424,100,9bc17ec6f267a5a7386be4db8a833e1b7131e709841558c148dc1c9c94b0ff5a,14.133
425,100,9bc17ec6f667a4a7386b64db8b133e5b7121e709841558c148cc1c9c96b0ff5a,14.167
426,100,dbc17ec6f66724a7306b64db8b133e5b7121e709841558c148cc1c9cd6b0ff5a,14.200
427,100,9bc17ec6f767a4a7386b60cb8b433e5b7131e709841558c148cc1c9c96b0ff5a,14.233
428,100,9bc17ec6fb67a5a7386b20cb8b433e5b3131e709841558c148cc1c9cd6b0ff5a,14.267
429,100,dbc97ec6fb67a4a7386b20cb8b433e5b3331e709841558c148cc1c9c96b07f5a,14.300
430,100,dbc97ec4fb67a7a73a6b20cb8b431e5b3331e709841558c148cc1c9c16b07f5a,14.333
431,100,dbc97ec4fb66b7a71a6b20cb8b031e5b3371e709841558c168cc1c9c16b07f5a,14.367
432,100,dbc97ec4fb66b7a71a6320cb8b031e5b3371e7098615584168cd1c9c16b07f5a,14.400
433,100,dbc17ec4fb66b7e71a6320cb83831e5b3371f3098611584168cd1c9c1eb07f5a,14.433
434,100,dbc17ec4fb66a7e71b6320cb83831e5b3371f3098611584168cd0c9c1eb87f5a,14.467
435,100,dbc97ec4fb66a7e71b6320cbc3831e5b3371f3098611584168cd0c1c1e987f5a,14.500
436,100,dbc97ec4fb66b7e71b6320cbc3831e5b33f1f3098611584128cd0c1c1e187f5a,14.533
437,100,dbc97ec4fb66b7e61b6320cbc3831e5b33e1f30986115c4128cd0c9c1e187f5a,14.567
438,100,dbd95ec4eb66a7e69b6330cbc3831e5b33f1f30986115c4128cd0c1c1e187f5a,14.600
439,100,cbd90fcc6b66a7e69b6330cbc3c39e5b3bf1b30986015c4168cd0c1c1e187f5a,14.633
440,100,c3d946cc6f66e7e49b233a6bc3c79e5b1bf1b309c6015c4148cd0c1c1e187f5a,14.667
441,100,cbd946cc6d66f7e49f233a6ac3c79a5b1bf0b329c6015c4108cd0c1c1e197f5a,14.700
442,100,cbd946cc6d26f7e49f623a6ac3c79a5b9bf0b329c6015c4108cd0c1c1e197f5a,14.733
443,100,4bd946cc6d26e7e49f667a6ac3c78a5b9bf0b329c6015c4108cd8c1c1e197f5a,14.767
444,100,4bd946cc6924e7e4df667a6ac1c78a5b9bf0b329c6015e4128cd8c1c1e197f5a,14.800
445,100,4bd946cc6924e7e49f667aeac1c78a5b9bf0b329c6015e4128cd8c1c1e197f5a,14.833
446,100,4bd946cc6924e7e49f667aeac1c79a5b9af0b329c6015e4128cd0c1c9e197f5a,14.867
447,100,4bd946cc6924e7e4df627aeac1c78a5b9bf0b329c6015e4108cd8c1c9e197f5a,14.900
448,100,49d946cc6924e5e4df627a6ac1e78a5b9bf0b329c701de4108cd8e1c1e197f5a,14.933
449,100,49d946cc6924f5e4df227a6ac1e7825b9bf0b329f7015e410ccd8e1c1e196f5a,14.967
450,100,41d946cc6924e5e4df627a6ae1e7825b9bf0b329c7015e410ccd8e1c9e197f5a,15.000
451,100,41d940cc6924f5e4df627a6ae9e6825b9bf0b329c701de4128cd8e1c9e197f5a,15.033
452,100,41d940cc6924f5e4ff227a6a69e6c25b9af0b329c701de4128cd8e1cde197f5a,15.067
453,100,41d940cc6924f1e4ff627a6a69e6c25b9af0b329d7015e410ccdce1cda197f5a,15.100
454,100,41d940cc6924f1e4ff627a6a69e6c25b9af0b329f7015e418ccdce1c5a196f5a,15.133
455,100,41d940cc6924f1e4fb627a6a69e6c25b9af0b329f7015e418ccdce1c5a197f5a,15.167
456,100,41d940cc6924f5e4fb627a6a69e6c25b9af0b329d7015e410ccd8e1cde197f5a,15.200
457,100,41d940cc6964f5e4db227aea61e7c25b9bf0b329d7015e410ccd8e1cd6197f5a,15.233
458,100,c1d944cc6964e5e4db227aeac3e7825b99f0b309f701de410ccd8e1c96197f5a,15.267
459,100,c1d94ccc6b64e5e4df627aeacbc7825b99f1b309c6015c414ccd8e1c16197f5a,15.300
460,100,c3d94ccc6b64e7e49f6238eacbc7965b1bf1b309c6015c4148cd8e1c16197f5a,15.333
461,100,c3d94dcc6b64e7e49b6238eac3c7965b1bf1b309c6015c4148cd8e1c1e197f5a,15.367
462,100,c3d94dcc6b64e7e49b6268eac3e796db1bf1b309c6015c4148cd0c1c96197f5a,15.400
463,100,c3d94dcc6b64e5e4db6268eac3e796db1bf0b309c601dc4148cd0c1c96197f5a,15.433
464,100,c2d944cc6b64e5e4db6268eac3e7925b9bf0b309c701de4148cd8e1c96197f5a,15.467
465,100,c0d940cc6964e5e4db6278eacbe7925b9bf0b329c701de4148cd8e1c96197f5a,15.500
466,100,c0d940cc6964e5e4db667ceac9e682db9bf0b369c701d64148cd8e1c96197f5a,15.533
467,100,c0d940cc6964e5e4db667ceac9e682db9bf0b369c701d64148cd8e1c96197f5a,15.567
468,100,c0d940cc6964e5e4db6678eac9e692db9bf0b369c701d64148cd8e1c96197f5a,15.600
469,100,c0d940dc6924e5a4db6678eacbe692db1bf4b369c701d64168cd8c1c9e195f5a,15.633
470,100,c0d944dc6924e5a4db6678eac3e692df1be6b369c701d64168cd0c1c9e195f5a,15.667
471,100,c0db44dc5b2ce5a49b6678eac3e692df1be6b369c701d44168cd0c1c96195f5a,15.700
472,100,c0db44dd5b2ce5a49b66f8eac3e692de1be6b3698601d44168cd0c9c96195f5a,15.733
473,100,cadb449d4b2ce5a4ab6678eac3e692de1ff6b3618601d64148cd0c9c96195f5a,15.767
474,100,c29bc4994b2ce3a4e9277a6ae9e692d69ff6b3618701d64148cd0c9c96195f5a,15.800
475,100,c01bc4d94b2ce1a4e9277b6ae9e682d69ef6b361e701d64168cd0c9c96195f5a,15.833
476,100,c01bc4d94b2ce124e9277b6ae9e6c2de9ef6b361e701d64148cd0c9c96195f5a,15.867
477,100,c09bc4d9492ce1a4e9a77b6ae9e6c2de9ef6b3618701d64148cd0c9c96195f5a,15.900
478,100,c0dbc6d9492ce124eda76b6ae9e6c2ce9ef6b3618701d64148cd0c9c96195f5a,15.933
479,100,40dbc6994d2ce125e1273b6ae1e6c3e69ef6b361a701d64178c50c9c9619df5a,15.967
480,100,64dac6995f2ce325a1271b6ae9c6c3e61ff6b3618701864758c51c9c9431f75a,16.000
481,100,68da86995d2cf325a1271b6bc9c683e63ff6b3e1a703864750c5189c34b1b75a,16.033
482,100,68de87d95f2cd32581271b6bc9ce83e63fe6b363a603844750c5189c34b1b75a,16.067
483,100,4cde86d31c2d932581271b6bcbce87e63fa6b763a6038c47c2c5589c34b1b55a,16.100
484,100,4cde06d3182d932509273b6bcbce8f863fa6b763a60b8c47c2c5789c2cb1b55a,16.133
485,100,49de0ed33825932509273a6bcbce9f2635b6f763260b8c47c2cd709c68b1b55a,16.167
486,100,49de0ed3382592250d273a6bcbce1f0675b6f7632c1b8c47c2cd709c68b1b55a,16.200
487,100,49de1cd33025b6250d233a6bcbcc1f0674b6e7632c1b9c47c2cdf19c68b1b55a,16.233
488,100,49de5ec33225b6251d237a4bcbcc1e0e74b6e7472c1b1c46c2cde19c68b1b55a,16.267
489,100,49de4cc334a5b6253b237a4b4bcc1e0674b6e7e64c0f1c46c6cde19c68b1b55a,16.300
490,100,49de4cc676a5b6253f237a4bdacc1e067436e7e64c0f1c46c6c5e19c40b1b55a,16.333
491,100,4a5e4cce34a5b6273f233b6bfac99b063436f5e644071c46c6c5e19c60b1b55a,16.367
492,100,48dec8ce14a6b6278f233b6b7a499b063e26f1e6e6078c46c6c5e19c68b1b55a,16.400
493,100,485ec8ce94e6b6268f231b6b7a49db06be26b1e6e607cc46c2c5e98c68b1b55a,16.433
494,100,485eccced4e63426e5231b6b1a49db079f26b5e6e607ce06d2c5e88c68b1b55a,16.467
495,100,4a5a4cdef4a6b4a6e1231b631a59db079f06b9e6f607ce06d2c5e88468b1b55a,16.500
496,100,4b5a4edcf4a6b4a6e1230b631a59db039f06bde6f606c606c6c5e8c478b1b55a,16.533
497,100,4a5a4edcb4a5a1a6e12b0b6b3e595b039f16bde6f506c606c6c5e8c458b1b55a,16.567
498,100,4a5a4e5cb7a185a6e12fc96b3e597b039713bde6f506ce06a6c5cac450b1a552,16.600
499,100,da5a5e5c37a195a5e12fc9eb3e5b7a31b713bde2b406ce0686c642c451a1a552,16.633
500,100,5adbda5c763cb5a5032dcb4b4a5b7a79b713bdb0b486ce164cc64284d1a1a552,16.667
501,100,5bd3ca4e742cb524132ccb4b4acb7a6dd739bfb9b1c1ce064ec652c4d121a552,16.700
502,100,4adbc9c2e5263524bf2c4b59cbcb4a6cc32d97b9bde9de064e8652c4d121a552,16.733
503,100,4ad94ad3e1e625272f2f0b5bcbdbcaec732d87a99df81b064e8452c4d121a552,16.767
504,100,5ed95ad9e0e625a32f230b5b49dbeae4f227e3ad9cf81b8646845ec45021b552,16.800
505,100,5acd5a99f4b6342337638b5b49db68f6f0a7f1ad843909c6c784dac45025b552,16.833
506,100,1acd52dcfcacb43125638b5bc9db66f6f0a731adc43989c6c3c4cac45825b552,16.867
507,100,5acd52cdfb8cb42535638b5bcb5b667270a731add43988d4c3c4cbc45825b552,16.900
508,100,4ac912ccd18cfd2d3d630b5bcf5b667274b731a3f43988d4c3d4cbc45025b552,16.933
509,100,4acb52cc538cb5ad3d638b5bcf5b663254a734a3f639c8d4c3d4cbc45021b552,16.967
510,100,4acb52cef18cb5ad3d638b5b4f5a663254a734abf439c89443d4cbc4d129a552,17.000
511,100,4ad352cef38cf5ad39678b5b0f5a6e32542734abf439c89443d44ac4d529a552,17.033
512,100,4ad352cef3acf5ad2b678b5b0b5aee32156235a9f459d8844bd456c495492952,17.067
513,100,4ad3d2cef3bcf5252b278b5b4b5aee321476b5a9f05898844ad456e4b5492952,17.100
514,100,4ad352ced1bcf5642b270b5b4a5afe321576b5a9f0589aa54ad457c4b5492952,17.133
515,100,4ed342ced5bcb5642b27095b4ad9ee32b576b5a9f4588aa54a9457c4a5496952,17.167
516,100,4ed342ded5bcb164392f095b4ad9ee32b576b52bf4588aa54a9455c4a5496952,17.200
517,100,4cd342deb5bcb164652b095b4ad9ee32b576b52bf4588aa54a94d5c4a5496b52,17.233
518,100,4cd3429eb5bcb164a52b095b4ad9ee36b576b52bf458aaa54a94d5c4a5416b52,17.267
519,100,4ed3469c95bcb164ad2b295b4ad9eeb4b536b56bf4588aa54a94d5c429416b52,17.300
520,100,4ed34e9c953cb164a56b294b4a99eeb4b536b56bf458aaa55a94d5c429416b52,17.333
521,100,4e534e9595bcb164e56b294b4ad9eeb49436b56bf458aaa54a94d5e429416b52,17.367
522,100,4e534a97d5bcb164b56b294b4ad9ee949436352bf558aaa54a94d7e4a5416952,17.400
523,100,4edb4ad7d5bcb5643d63894b4ad96e94b436b52b35588aa54ad456e4b5412952,17.433
524,100,4ed962d744ac35243d63c94b6a5b6b94b536b5ab1558de85ead452e49541ad52,17.467
525,100,5ed9c256649c35243963094b6a5b6b9ce736b5ab1558de85ead452e49561ad52,17.500
526,100,4ed9e256609c352c39635b4bea5b6b9ca736b4ab17585685e8d452e49561ad52,17.533
527,100,5ed9e252e094352c3d635b4bea5a6adca536b4ab17585685e8d46ae4d561a552,17.567
528,100,5ad8d352e184352d3d634b4bea5a6bdca736b4ab97584685ecd46ae45161a552,17.600
529,100,4ad95392618c352d3d234b6bea5a62dca536b6ab97584685fcd66ae45161b552,17.633
530,100,4ad85392758c352d9d234b6b6b5a62dcb536b6ab9748468554d6eaf45921b552,17.667
531,100,cad85392358c342d8d2b4b6b6f5a7adc3512b6ab9768429554d6f8f45921b552,17.700
532,100,cad85b923586342d8d2b4b6b6f5a6adc3592b6ab97e8029554d6f8f449259552,17.733
533,100,cad85b92358cb42d8d234b6b6f5a6adc3596b6ab97e8829554d658f449259552,17.767
534,100,cad85b9234ccb42d8d236b636f5a6adcb592b6ab97c88a9554d658f449259552,17.800
535,100,cad95b9234ccb42d8d236b636b5a6adcb592b6a997c88a955cd658f449259552,17.833
536,100,cad95b9234ccb42d8d2369636b5a6adcb592b6a9d7e882955cd658f449259552,17.867
537,100,cad95b9234ccb4258d2369636b5a6adcb593b6a9d7e882955cd658f449259552,17.900
538,100,cad95b9234ecb5258923694b6b5aeadc3593b6a997e882955cd458f469259552,17.933
539,100,4ad95bd234ecb5258923694b6b5aeadc1593b6a997e88a955cd458f469259552,17.967
540,100,4ad95bd234edb4258923695b6b5aeadc1493b6a9d7e882945cd458f46925b552,18.000
541,100,4ad95bd234edb4258923695b6b5aeadc5493b6a9d7e882945cd458f46925a552,18.033
542,100,cad95b9234edb5258923695b6b5aeadc9593b4a997e886145cd458f46925a552,18.067
543,100,cad95b9236edb4258d23e97b6b5aeadc9193b4a997e886145cd458e469252552,18.100
544,100,cad95b92762db4258d23497b6b5beedc9193b5ab96e886145cd478e449252552,18.133
545,100,cad84b92762db4250963497b6b5be6dcb192b5ab96e886145cd4f8e4c9652752,18.167
546,100,48d84b92670db4253963497b6b5be6dcb192b5ab9ee88e9444d4f9e4c9652552,18.200
547,100,48d84fd0770d342db96349734a5b6edcb592b5ab9ee89e944494e9e4c9652552,18.233
548,100,58d84dd0770cb42db9634b734a5b6ed4a59235abbee8de944694c9e4c9652552,18.267
549,100,58d84dda772db425b9634b534a5b4e96a5b2b58bb4e8dc844694cbe4ca653552,18.300
550,100,58d849d8372da525b9636b4b4a596e1ea592b59bb4689cb446c6cbe4ca653556,18.333
551,100,48d84bd8372da525b9636a434a996e1ee5b2b5bbb6e8dca44cc6cae4c2453556,18.367
552,100,48d85fd8362da125a3636a5b6a997a1e9536b7bbb6c9d4e44cc44ee40285b15e,18.400
553,100,4ad87e5b742d81a5a763695b68597a5e973697bba4c9c0c4dcd45e842685a15a,18.433
554,100,5ad87e5b742cb3252d47495bca5952723736b53b97c988c4dcc67e846c859158,18.467
555,100,5ed34cdbd42c37253d07495b4a5966f23636b53b9fc99ac4d4c66a854c851558,18.500
556,100,5ed04cdbd4e4b7253d07495b4a5946f27636b5339f895ac4c4d6eaa54c053558,18.533
557,100,4ed04cdad4e437253d0f495b4a5946f67676b5339f895ac4c4d6eaa5c8053558,18.567
558,100,4ed84cdad4e4b7253d0f495b4a5946d67676b5329f891ac4c4d6eaa5cc053558,18.600
559,100,4ed84cdad426b7253d07495b4a5946d63676b53a9f891ac4d4d6eaa5cc853558,18.633
560,100,4ad86cd8d42cb7253d07495b4a5946d63776b53a97899ac4d4d6eaa56c853558,18.667
561,100,4ad86cd8f42eb7253d23495bca5946d63736b53a97898ac4d4d46ea56c853558,18.700
562,100,4ad87ed8f42cb3253f63495bca594656b336b73b958988c4dcd46ea46c859158,18.733
563,100,4ad87ed8742cb1252f63495b6a597256b136b7bb95c9c8c4dcc47ea46e858158,18.767
564,100,cad85ed87c2cb125a763695b6ad97a569136b7bb94c9ccc45c445ea42685a15c,18.800
565,100,c8d846d8362cb125a363ed5b6ad97a569536b7bbb4e9dcc45e445ea40285a15c,18.833
566,100,48d846dc372cb125a363ed5b4ad97b56b436b5bbb4e9dcc44e445ea48285a15c,18.867
567,100,48d846cc372cb125a363ed5b4ad97a56f4b6b58fb6e9dcc44c444ea48285a55e,18.900
568,100,48d846ce362cb125a363ed5b4ad97a52f4b6b58fb4e9dcd40e065ea48285a55e,18.933
569,100,48d84ecb3625b125a163ed5b4ad95a52f4b6b58fb6e9dcd40e465ea48285a55c,18.967
570,100,c8d84ec93625b125a1636d194bdb5b56f4b6b5a9b6e9dcd4ca065ea48205a55e,19.000
571,100,48da46cc1725a125b163ac194bdb4f52b496b1edb6e9dcd4cc86dae4c225a55e,19.033
572,100,58d846cc0725a525b1632f194bdb4b563496b1edb6e9dcd4c886dab4d225a55e,19.067
573,100,58d842ce07253124b163eb194bdb4f523696b06db6e9dcd4c496caf4d325a55e,19.100
574,100,58d842ce87a5b524b933fb1948594b523696b42fb6e99ed4c496caf4d925254e,19.133
575,100,5ad848cec7a5b52439335b5968db6bd23696b42f96e9ced444964af45925a146,19.167
576,100,4ada4acee7a5b53439334b59685b63d29696b42f96e9c6d4c4964af46925a146,19.200
577,100,4ada6acfe6a5b5343933cb49685b4ad29786b42f96e9d6d444964af46925a146,19.233
578,100,4eda6ecbe7a4b5343921cb49685b4ad297c6b42fb7e8d6d454944af44925a146,19.267
579,100,4cda60c9f7a4b5343921eb49685bcbd297e6942db7e8d4d45c944af46925b146,19.300
580,100,4adb62c9f7a435343921eb49285bebd297a6942db7f8c4d47c844afc4925b146,19.333
581,100,4adb62c9f7a43534b929eb49085bebd216a6b42db7f8c4d47c944afc4925a146,19.367
582,100,4adb62d9e7b43524b929eb4b485b6bd216a6b42db7f8c4947c9448fc4925a546,19.400
583,100,4adb62d9e7343525bb29eb4b485b5bd216a6b42db7f8c4947c844af44925a546,19.433
584,100,4ad94ad9b5343525b329eb5b485b4bd236b6b42d97f8c494dc944af44925a556,19.467
585,100,48d94ad9b7b43525b7292b5b485bffd234b6b42d97e88594c8945af44825a51e,19.500
586,100,d8db42d937b43525a5296b5b485bc6d634b6b02d97f98d94c894daf45825251e,19.533
587,100,d8db4e9937b4b524a5294b59485bc6d634a6b0adb6f98cd4c894dae4f825251e,19.567
588,100,d8da4e9937a4b564a5294b59495b46d6f526b0a9b6b99cd4c884cae4f865351e,19.600
589,100,c8da4e9937a4b56435295959cb5b4ed6f536b0a9b6b91c544a844ee4f265311e,19.633
590,100,48da5e9937a4a5642529d959ca5a4ed6f536b1a9b6b9dc544a844ee4e265b11e,19.667
591,100,48da56d937a4a5212d29f95b4a5a4ed6b536b5a9b6b9d8544a844ee4e265b15c,19.700
592,100,48da5cd97724a564a129f9594a5a6ed69536b5a9b6b9d8545ac44ee46265b15c,19.733
593,100,4ada4cdb7624a564a129f9594a5b6e969536b5a9b6b9d8545ac44ee46265b15c,19.767
594,100,48da4cdb76a4a564212979594b5b4e96b536b5abb6b9d8545ac44ee46265b15c,19.800
595,100,c8da4cdf36a4a56425297959495b4ed6b526b5abb6b9d8545a844ee46265b15c,19.833
596,100,48da4cde76a4a56421297959495b4ed6b566b5abb6b9d8545ac44ee46265b15c,19.867
597,100,c8da4c9b76a4a564212979596b5b4ed6b566b5a9b6b9d8545ac44ee46265b11c,19.900
598,100,c8da5cd93724a564b129f959695b4ed6b536b5a9b6b9d8544ac44ee46261b11c,19.933
599,100,48da56d977e4a521bd29f95b4a5a4e96b536b5a9b6b998544ac44ee46065b11c,19.967
600,100,48db56d97764a520bd29f95b4a5a4ed6b536b5a9b6b998544ac44ee46065b11c,20.000
601,100,48db5e997764a524b929e95b4a5a4ed6f536b5a9b6b998544ac44ee46065b11c,20.033
602,100,48db56d9b764a521bd29e95b4a5a4ed6f436b0a9b7b998544ac44ee4e065b11c,20.067
603,100,48db56d97764a521bd29e95b4a5a4ed6f426b0a9b7b998544ac44ee4e065b11e,20.100
604,100,48db56997764a521bd29e95b4a5a4ed6f526b0a9b7b998544ac44ee4e065b11e,20.133
605,100,48db56997764a521bd29e95b4a5a4ed6f526b0a9b7b998544ac44ee4e065b11e,20.167
606,100,48db5699f764a521bd29e95b4a5a4ed6f436b0a9b7b998544ac44ee46065b11e,20.200
607,100,48db56d9f764a525bd29695b4a524ed6f436b0a9b7b998544ac44ee46065b11e,20.233
608,100,48db5ed9f764a525b929695b4a564fd6f43eb0a9b6b998544a8446e46065b11e,20.267
609,100,48db56d9f764a525b929695b4a564fd6f536b0a9b6b998544ac446e46065b11e,20.300
610,100,48db56d97764a525bd29697b4a5a4fd6f426b0a9b7b998544ac446e46065b11e,20.333
611,100,48da56dd7764a521bd29695b4a5a4fd6b526b0a9b7b998544ac44ee46065f11e,20.367
612,100,48da56dd7764a525ad29795b4a5a4fd6b536b0a9b7b998544ac446e46065b11e,20.400
613,100,48da56dd7764a525ad2979594a5b4fd6b536b0a9b7b998544ac446e46065b11e,20.433
614,100,48da569f7724a525b52979596a5b4fd69576b0abb7b998544a8446e46065f11c,20.467
615,100,48da449ff7a4b524a52969596a5b4fd69566b0abb7b9d8545a8446e46265f11c,20.500
616,100,48da4c9f77a4b524a5296959685b4ed69576b1afb7b9dc54489446e46261f11c,20.533
617,100,4ada4c8ed7a4b526a12969596a5b6ed69566b02fb7b9dcd4c89446e46261f11c,20.567
618,100,4ada4ccf96a43526a1216b59685b6ed69766b02fb7f9dcd4c89446e46261f11c,20.600
619,100,4ad84ccf96a4b526a1236b59685b66d69776b12fb5f9dcd4c89446e46261b11c,20.633
620,100,5ad84cced6a4b526a1236b596a5966d69776b12fb5b9dcd4c89446e46261b11c,20.667
621,100,4ad848ded6a4b526a5236b596a596ed69776b12eb5b9dcd4c89446e46261b11c,20.700
622,100,5ad858de16a43526a5236b596a596ed69776b12fb5b9dcd4c89446e46261b11c,20.733
623,100,4ad84ece16a4b526a9236b596a592ed6b776b12fb5b9dcd4c8944ee46061b11c,20.767
624,100,cad84ace16a6b526a9234b596a5b6ed69776b12fa5b9d8d458944ee46061b15c,20.800
625,100,cada5c8e3724a526ad216b596a5b6ed69556a1afa7b9d85448944ee444e9b15c,20.833
626,100,cada5c8e7424a5a42d21eb596a5b4ed6b556a1af8fb9d4544ad44ee444e9b158,20.867
627,100,4ada5c8ef5a4a5242929eb594a5b7ed6b25687afd5b9d4544ad44ee444c9a158,20.900
628,100,4ada5c4ef52495a5a9316b594adb7a96b2d617ab95b9b4544a945ee45549a158,20.933
629,100,4ada6c4ec5e495a5a9316b5b4adb7ad636d617ab95f9a2544a845ce49549a158,20.967
630,100,4a5a6cde85a49525a9316b5b4a5b7ad622d697a9b5f9e2d44aa45de49549a158,21.000
631,100,4ada5edac7a49525a9396b5b4a5a7ad622d697a9b5f8a2544a845ce4d549a15c,21.033
632,100,4ada5edac7a4b525a9396b5b4a5b3ad6229697a9b5f8a2d44a845ce4c549a15c,21.067
633,100,58da56dac5a4b525a9396b5b4a5b3ad6225697a9b5d8a2d44ab45ce4d549a15c,21.100
634,100,58db5ec2c7a4b525a9796b5b4a5b3a56a21695a9b5d8a2d44ab45ce4d549a15c,21.133
635,100,48db4ed2d5a5b525a979695b4b5aba56a21695a9b5d8a2d44a945ce4d549b15c,21.167
636,100,58db4cd2d4a5b525a979695b4b5bba56a216b5a9b5d8b2544a945ce4d549b11c,21.200
637,100,4ecb46db74a5b521b979295b4b5bba56b016b5a9b5d8b8544a944ee45549b11c,21.233
638,100,4adb56db74a5a521b979295b4b5b8e56b016b5a995d8b8544a944ee45549b51e,21.267
639,100,4ecb46db74a5b521b939295b4bdb4e56b016b5a915d89456cad44ee45449b51e,21.300
640,100,4edb44db74a5a525b939695b4bdb0c56b016b5a915d89c56cad44ee45449b51e,21.333
641,100,4edb54db74a52525b9296b5b4bdb0c56b416b5a915d89c46cad44ee454499d1e,21.367
642,100,cadb50db76a5a525b9296b5b4bdb4c56b506b5ad95d8dc04cad442e47405a51e,21.400
643,100,cadb58db76a525249929ab4b4bdb4456b506a4bd94d8dfc0cadc42f47605a51e,21.433
644,100,cadb5adb36a525249929bb4b6bdb44563506b4ad945cdfc048dc42b47f05a51e,21.467
645,100,4adb5adf36a4a52489297b4b6adb44563506b4ad945cdfc048dc42b4ff05a55e,21.500
646,100,4aca5acf1624a52489295b4b6adb66d63706b4adb45cdfc048dc42bcff21e556,21.533
647,100,4aca4acf1e24b524a9294b4b6adb62563766b4adb45cdfc048dc40bcff61a556,21.567
648,100,4ada48cf1e26b724a9294b594adb62563746b4afb45ccfd04cdcd83cff202546,21.600
649,100,48da48ce1e27b724a9294b496adb62d63746b4afb45c4fd04cdcd83cffe02146,21.633
650,100,48da48ce1e27b724a9294b496adb62d63746b4afb45c4fd04cdcd83cffe02146,21.667
651,100,48d848ce1e26b724a9294b494adb62d63746b4afb45ccfc44cdcd83cff61a546,21.700
652,100,4ad848ce1626b725a9294b496adb62d63746b4afb45cdfc04cdc40bcff21e546,21.733
653,100,4aca48ce1626a524a9295b496adb62d63546b4afb4dcdfc04cdc42bcff21e556,21.767
654,100,4aca48ce16a4a5a5a9295b596adb62563546b4afa4dcdfc048dc42bcff21e556,21.800
655,100,4aca48ce16a425a5a9295b5b6adb62563546b4afa4dcdfc048dc42bcff21e556,21.833
656,100,4aca48ce16a425a5a9295b5b6adb62563546b4afa4dcdfc048dc42bcff21e556,21.867
657,100,4aca48ce16a6a5a5a9294b596adb62563546b4afa4dcdfc048dc42bcff21e556,21.900
658,100,4ac848ce1626a725a9295b596adb62d61746b4afa4dcdfc048dc42bcff21e556,21.933
659,100,4ac848ce362627a5a9295b596adb62d61546b5afa4dcdfc048dc42bc7f21e556,21.967
660,100,4ac848ce362625a529297b596adb42d63546b5af94dcddc04cdc42bc7f21e55e,22.000
661,100,4ad840ce362625a529297b496bdb42d63556b4af94dcddc04cd442fc7f21e55e,22.033
662,100,4ad842ce362625a52929fb496bdb42d6b516b4af84fcddc0cad442f47f01a55e,22.067
663,100,4ad842ce342625a5a929f95b6bdb42d6b546b5af84dcddc2cad442f47701a51e,22.100
664,100,4ad842ce742625a5a929f95b6adb42d6b506b5af04dcddc6cad442f47741a51e,22.133
665,100,4ad846ce742625a5a929f95b6adb42d6b516b4af14dcdd46cad442f47541a51e,22.167
666,100,4ad846ce342625a52929f95b6bdb42d6b516b4ab14fcdd46cad44af47541a51e,22.200
667,100,4ad846ce342625a52929f95b6bdb42d6b516b4ab14fc9c46cad44af47549b51e,22.233
668,100,4ad846ce342625a52929e95b6bdb42d6b716b5ab14f89d46cad442f47549b51e,22.267
669,100,4ad846ce342625a52929e95b6bdb42d6b716b5ab14f89d46cad442f47549b51e,22.300
670,100,4ad846ce342625a52929a95b6bdb42d6b716b5ab15f89d46cad442f47549b51e,22.333
671,100,4ad84eceb42625a52929a95b6adb42d6b716b5af15fc9c46cad442e47549a51e,22.367
672,100,4ad84eceb4a625a52929a95b6adb42f6b716b5af15dc9c46ca9442e47549a51e,22.400
