0,100,a4a966b9ef58d2499af9f80f07f2e9036fe6082dfb6983d8a4a36da40034de54,0.000
1,100,a4a966b9cf58d3491af9f80f07f2e1036fe6083dfb6983d8a4b36da40034de54,0.033
2,100,a4a966b96f58d2491a79f80f0ff2e1936fe6083dfb4987d8a4a36da40034de54,0.067
3,100,a5a966b94f58d3491a79f80f0ff2c1936fe6083dfb4987d8a4a36da40034de54,0.100
4,100,a5e966b94f58d2491a79f80f0ff2c1936fe6083dfb4987d8a4a36da40034de54,0.133
5,100,a5a9e6b94f58d2491a69f80f0ff2c1936fe6083dfb4987d8a4b36da40034de54,0.167
6,100,a5e9e6b94f58d2491a69f80f0ff2c1936fe6083dfb4987d8a4a36da40034de54,0.200
7,100,a5a9e6b94f58d2491ae9f80f0ff2c5936fa6083dfb4987d8a4a36da40034de54,0.233
8,100,a5ad66b94f58d2491a79f80f0ff2c5936fa6083dfb4987d8a4a36da40034de54,0.267
9,100,a5ad66b94f58d2491a79f80f0ff2c5936fa6083dfb4987d8a4a36da40034de54,0.300
10,100,a5ad66b94f58d2491a79f80f0ff2c5936fa6083dfb4987d8a4a36da40034de54,0.333
11,100,a5ed66b94f58d2491a79f80f07f2c5936fa6083dfb4987d8a4a36da40034de54,0.367
12,100,a5ad66b94f58d2691a79f80f07f2c5936fa6083dfb4987d8a4a36da40034de54,0.400
13,100,a5eda6bd4f58d2691a79f80f07f2c4936fa6083dfb4987d8a4236da40034de54,0.433
14,100,a5ede6bd4f58d2491a79f80f07f2c4936fa6083dfb4987d8a4236da40034de54,0.467
15,100,a5ede6bd4f58d2691a79f80f07d2c4936fa6083dfb4987d8a4236da40034de54,0.500
16,100,a5ede6bd4f58d2691a79f80f0fd2c4936f86083dfb4987d8a4236da40034fc54,0.533
17,100,e5e966b94f58d2491ae9f80f1fd2c1936fe6083dfb4987d824a36da40034fc54,0.567
18,100,e4e966b94f58d2491ae9e80f1ff2c1937fe6083dfb4987d824a36da40034fc54,0.600
19,100,e4e966b94f58d2491ae9e80f1ff2c1137fe6083dfb4987d824a36da48034fc54,0.633
20,100,e4e964b94f58d2493ae9e80f1ff2c113ffe6183dfb4987d824236da40034fc54,0.667
21,100,64e964b9cf58d2493ae9e00f1ff2c117ffe6183dfb4987d824236da48034bc54,0.700
22,100,e4a964b9cf58d2493ae9f80f1ff2c1076fe6183dfb4987d824236da48034fc54,0.733
23,100,e4a964b9cf58d2493ae9f80f1ff2c1076fe6183dfb4987d824236da48034fc54,0.767
24,100,e4a964b9cf58d2493ae9f80f1ff2c1076fe6183dfb4987d824236da48034fc54,0.800
25,100,e4a964b9cf58d2493ae9f80f1ff2c1076fe6183dfb4987d824236da48034fc54,0.833
26,100,e4a964b9cf58d2493afb780f1ff2c1076be6182dfb4987d82c236da48034fc54,0.867
27,100,e42964b9cf58d25938fb780f0ff2c1076fe6182dfb4987d82c336da48034fc54,0.900
28,100,e42964b9cb58d36938fb788f07f2c1076fe6182dfb4987d824336da48034fe54,0.933
29,100,e42924b9cb58d3691a7b789f07f2e1076fe6182dfb4987d8a4336da40034fe54,0.967
30,100,e42926b9cb58d3691a7b789f06f2e1076fe6182dfb4987d8a4336da40034fe54,1.000
31,100,a42d26b9cb58d3691a7b789f06f2e1076fe6182dfb4987d8a4336da40034fe54,1.033
32,100,a42d24b9cb58d3791a7b789f06f2e9076be6182dfb4987d8a4336da40034fe54,1.067
33,100,a42d24b9cb58d3791a7b789f06f2e1076fe6182dfb4986d8a4336db40034fe54,1.100
34,100,a42d26b9cb58d3791a3b789f06f2f1076fe6082dfb4986d8a4336db40034fe54,1.133
35,100,a42d26b9cb58d379187b789f06f2e1076fe6182dff4987d8a4236da40034fe54,1.167
36,100,e42d24b9cb58d369187b789f06f2e1076fe6182dff4987d8a4336da40034fe54,1.200
37,100,e42924b9cb58d379387b789f06f2e1076fe6182dff4987d824336da40034fe54,1.233
38,100,e42924b9cb58d37938fb788f06f2c1076fe6182dff4987d82c236da48034fe54,1.267
39,100,e42964b9cb58d27938fb788f0ef2c1076fe6182dff4987d82c236da48034fc54,1.300
40,100,e46964b9cb58d27938fb688f1ff2c106efe6182dfb4987d02c236da48034fc54,1.333
41,100,e46964b9cb58927938fb609f1ff2c106efe6182dfbc987d02c236da48034fc54,1.367
42,100,e46964b9cb58927938fb609f1ff2c106efe6182dfbc987d02c236da48034fc54,1.400
43,100,e46964b9db58927938fbe09f1ff2c106efe6183dfbc987d02c2369a48034b454,1.433
44,100,e46964b9db58927938fbe09f1ff2c106efee183dfbc987d02c2369a40034b454,1.467
45,100,e46964b9db58927938fbe09e1ff2c106ffee183dfbc987d02c2369a40034b454,1.500
46,100,e46964b9db58d27938fbe09f1ff2c106ef6e183dfbc987d02c2369a40034b454,1.533
47,100,e46964b9db58d27938fbe09f1ff2c106ef6e183dfbc987d02c2369a40034b454,1.567
48,100,e46964b9db58927938fbe09e1ff2c106ffee183dfbc987d02c2369a40034b454,1.600
49,100,e46964b9db58927938fbe09e1ff2c106ffee183dfbc987d02c2369a40034b454,1.633
50,100,e46964b9db58927938fbe09e1ff2c106ffee183dfbc987d02c2369a40034b454,1.667
51,100,e46964b9db58927938fbe19e1ff2c106efee183dfbc987d02c2369a40034b454,1.700
52,100,e46964b9db58927938fbe19e1ff2c106efee183dfbc987d02c2369a40034b454,1.733
53,100,e46964b9cb58927938fbe19e1ff2c106efee183dfbc987d02c2369a40034bc54,1.767
54,100,e46964b9cb589271b8fbe19e0ff2c107efee183dfbc987d02c2369a40034bc54,1.800
55,100,e46964b9cb589271b8fbe19e0ff2c107efee183dfbc987d02c2369a40034bc54,1.833
56,100,e46964b9cb589271b8fbe99e0ff2c107efec183dfbc987d02c2369a40034bc54,1.867
57,100,e46966b9cb589263b8fbe9960ff2c1076fec183dffc987d02c2369a40034bc54,1.900
58,100,e46926b9cb5892e338ab699e0ff2c1076fec183dffc987d02ca36da48034bc54,1.933
59,100,e46926b9cb5892e338bb6b9e0ff2c1076fec183dff4986d02ca36da48034bc54,1.967
60,100,e46926b9cb5892e338ab699e0ff2e1076fec183dffc986d02ca36da48034bc54,2.000
61,100,e46906b9db5892e3382b699e0ff2f1076fec183dff4886d82ca36da48034fc54,2.033
62,100,e62906b9db589263382b699e0ff2f1076fec183dff4886d82ca36da48034fe54,2.067
63,100,e62906b9db589263382b699e0ff2f1076fec183dff4886d82ca36da48034fe54,2.100
64,100,e6a906f9db489263382b799607f2f1076fec183dff4886d82ca36da48034fe54,2.133
65,100,e6a906f9db489263382f799687f2f1076fec183dff4884d82ca36da48034de54,2.167
66,100,e62906f9db489263382f799687f2f1076fec183dff4884d8aca36da48034de54,2.200
67,100,e62906f9db489263382b799687f2f1076fec183dff4886d8aca36da48034de54,2.233
68,100,e62906f9db489263382b799687f2f1076fec183dff4886d8aca36db40034de54,2.267
69,100,e6290679db589263382b799687f2f1076fec183dff4886d8aca36db40034de54,2.300
70,100,e62d2679db589273382b799606f2f1076fec183dff4886d8a4a36db40034de54,2.333
71,100,e62d0679db589273382b799607f2f1076fec183dff4886d8a4a36db40034de54,2.367
72,100,e6290679db589263382b799687f2f1076fec183dff4886d8aca36db40034de54,2.400
73,100,e6290679db489263382b799687f2f1076fec183dff4886d8aca36db40434de54,2.433
74,100,e62906f9db589263382b799607f2f1077fec183dff4886d82ca36db404349e54,2.467
75,100,e6a926b9db589263382b79960ff2f1077fec183dffc886d02ca36da400349e54,2.500
76,100,e4a926b9db5892e3382fe9160ff2e1077fec183dffc987d02ca36da400349c54,2.533
77,100,e4a926f9db5892e3382fe1161ff2c1077fec183dff4987d02ca36da40034bc54,2.567
78,100,e4c926f9c35892e3386fe1961ff2c1077fac183dffc987d06ca369a40434b454,2.600
79,100,649924f99358b2e27a6fe11e1ff2c106ffac183dff4987906ca369e41434b454,2.633
80,100,64996cb99358b6e2386f611e1ff2c106fb6c3879ffc987906ca349e49434b454,2.667
81,100,4cb9ecb98358b6e372ef001e3fb2c106ff2c3879fbc9879048a349e4f434b454,2.700
82,100,4cb96cb99358b6e27aef421e3ff6c306df2c30797bc90f9048234be4f024b454,2.733
83,100,4cb96cb99358b6c272ef431e3fb6c306db6c70797ac90f904923cbe4f024b454,2.767
84,100,4cb96cb19358b6c372ef421e3ff6c306db6c707972d90f904923cbe4f024b454,2.800
85,100,4cb96cb19358b6ca72ef461e3ff6c306d36c70797ac90f904923cbe4f024b454,2.833
86,100,4cb96cb19758b6caf2cf061e3ff6c306c32c70f97ad90f904923cbe4f024b454,2.867
87,100,4cb96cb19758b4eaf2cf861e3ff6c306c34c70f97bd90f104923cbe0f024b454,2.900
88,100,4db96db1975835eaf2cf865e3df6c306c74c70f91bd90d104923cbe0f024b454,2.933
89,100,4cb969b11f1835e2f2cf0e5e76f68306870c70f97bd91d1049a3dbe1f064b454,2.967
90,100,4ca949b13f1035e2f2ef0e5e7df68716870c70f97ad93d1049a3dbe1d064a454,3.000
91,100,4da949b13f3035e2e2ef0e5e7df68706970cf0e97ad93d1049a3dbe1d0652054,3.033
92,100,4db949b13e1035e2e2ef1e5e75f687069f0df0e93ad93d104923dbe1c0656454,3.067
93,100,c9b949b13e303546a6cf3adee5f68716af0d60e97ad93d1049239be9d0656054,3.100
94,100,c9a949b13e30756286ef3e9ee5f68716be0c61e97ad93d1049239be1d0656454,3.133
95,100,d9e959b13e30616686ef7e9ec5d686163a0cc1e97e997d1249239be1d0656454,3.167
96,100,c1e9d9b13e3161c684effa9cc7d69706300dc1e97e997d12d9239be190656454,3.200
97,100,c1e9d9b178b1634605cef29cc3d6b646300f03e97e997d32d9239fe192656454,3.233
98,100,c1e1993178318746054ef49ccfd6b646307f03e97e897d329b239fe19265645c,3.267
99,100,c1f19d3178b10746256ee09cdfd6b446607f03e97e9979129b239ea19265655c,3.300
100,100,81f1b93178b107c4254ee0bddbd6b64660fe03c97c99f9329b279fa1924d245c,3.333
101,100,83c1b931f9b107a4254ee0bddad6b456609e1fc97c89f9369b279ea11245355c,3.367
102,100,07c1b931f9b10fa4257ec0b9fe96a45600fe17c96c89d9369b269fa1164d655c,3.400
103,100,17c1f879d9310f242d5ec0b8f69ea45601fe3fc94ca9d9349b269fa1260d655c,3.433
104,100,1fc1f07993311f24695ec1f8f69e24d605e67ec958a9d134bb663ea1260d455c,3.467
105,100,3fc1f07993312f244d5ec1f8e69e60d60fc27e8958a9b134b7663ea12e0d455c,3.500
106,100,bae1c06913212fa449dec1b8e69e04d61fe37e8959a9b174b7663ea16e0d455c,3.533
107,100,ea71c069172568accddc81f8a69f44d63f437c89d9a9937496663ea16c8d455c,3.567
108,100,ea71007937246caccdde81d8249f5f963f435c89fba9ba2495663e216c8d455c,3.600
109,100,e271017837246eaccdde8178249f7f963f435c89fba99a2497663e216c8d055c,3.633
110,100,e271057837246aacc5de8219649fffd62f435c89dba99a6497663e216c8d055c,3.667
111,100,e2f10178372468acc5dea21b648fffd62f435c89db299a2497767e216c8d055c,3.700
112,100,c0f117783f2468acc1de831b448fbfd66f434c89cb699a2497767e216c8d855c,3.733
113,100,c0f107783f2e68acc1dea25b748f3fd22f414d89cb299b249776f621648d855c,3.767
114,100,c0f00f783f2678acc1de825b568f37d22f434c89c9a9db349776f621648d855c,3.800
115,100,e03c0b78372e7aace1dea25b168f17c22f414c89cda9cb349776f621668d855c,3.833
116,100,e03e0b1c372e7ea4f1dea25b128f97c22f414c896da9cb349f727621668d855c,3.867
117,100,e03e0b1c1f2e7ea4c8dea05b1acb97c2274364a965b94b34df367a23628da55c,3.900
118,100,e03e0b9c1f2efea4488ea15b5acb97c3a74324a965b949b459327a23728de55c,3.933
119,100,653e0b9e1f0ebe86488ea55b5acb93c38743a4a964b949b419323ba3728df55c,3.967
120,100,253e0f9e1f0eb6865886255a4acbdbe38743a4a924b969b41d321ba3728df55e,4.000
121,100,643c8d9e5f0eb626ea9625424a695be3c343b2e9a4b928b41db21ba33a85f55e,4.033
122,100,50bd859e5b8ff726ea963442286b4be3c363d269b4b92cb40db20f830aa5f556,4.067
123,100,12bd859e0b8f5726ba96b406246b4bebc963d269f4b9a4b48d920f930aa5f556,4.100
124,100,b039049c0b9b572efed69296a46a69e96963da69f039e4b48d928f930aa57556,4.133
125,100,a93956a9299e538ffec69296a46229e969637a697239e6fc859285930aa53556,4.167
126,100,a93dd6a90b9e538b7dc6d296b44225e96d6379617239c2fc859285930aa57556,4.200
127,100,a93cd7a9099e6b8b7d46da96945225e96da339617239e2dcc792859302a57556,4.233
128,100,a93cd3b9958e6b8f7dce5a96945226e83da33961723942dcc792871306a17556,4.267
129,100,e17a833d958c2b8f6dce4a969256b6d0bda33963703972fcc79a87520281b556,4.300
130,100,c17a8b79958c2b9d6d4bca9692d6a6d29da33963f07952fd879087520a89b554,4.333
131,100,c072ca78b588279c6dcbcb1e12b6aed6bda3f923f079d2f983900f520a89b554,4.367
132,100,44b3ca78b708259c6d8f491f52b6bed6bca3f123e079d1f98ab11f520a89b154,4.400
133,100,44a7ca70db48351c658f490f52b7bed6bce2f1236279d1e91ab99d520a89f154,4.433
134,100,64a7ce70da48351c658f490f5ab4ded6fcc2f1236271d1e91eb99d520a8be154,4.467
135,100,64a74e70da58371c65af490f5ba5ded6f8c6f123627191e91eb99d52380b8154,4.500
136,100,24cf4ef1da50371c25ae490f5b25ded6f8d6f123627111e91eb9fd52380b8154,4.533
137,100,2ccb46b1da70b71c24bc4d0f6b2dd6d6f8d6d1a3237103e99eb9fd12380b8154,4.567
138,100,2ccb66a3ca709b5834bc4d0f6929c6d6f8d6d1a7236103e99eb9fd52f80b8154,4.600
139,100,bccb24874a70994836bc6c8f6929cad6fcded1a7016303e99eb9fc52fc0b8154,4.633
140,100,fd8b24876a70c948369c66af692f6a56ce5ed1a7016301e9dbb9fd12f80b8154,4.667
141,100,df83b4cf2a534968169c363d6d2f6b36ce5ed08701a301e9dbb9fc12f80b8154,4.700
142,100,dd83b4cf22d34d681e9d363c6d2debb6ce5ed08701a301e9cbb9fc12f80b0154,4.733
143,100,5d87d6dba2432d685e9d32bc65ade996ea5ed8c701a301e94ba9fd12f80b0154,4.767
144,100,6d97d6dbb24b25684e4d1ab4f4aded92e35e48c701b301e14be9ff12f80b0154,4.800
145,100,2d965ad3924bb5606e7c1b7076ade592e54e6ec700b301e16fe9ff1a780b0154,4.833
146,100,ac967ad3da4b95e1267c0b5012bde49bf54ee64708f381a12de1ff1a780b8554,4.867
147,100,a49e2fc36b4bd5a136748f521abd769fb54ae64608d381a125e17f1a7a0b8554,4.900
148,100,04debec2a94b580912e4ad7a9bbd729ff5caf36ea0c380a105e57f1a7e0b8454,4.933
149,100,42fe96d6ad4b482d12e5857289b8f29df5caf36ea6c382b104e57d1a7e0b8454,4.967
150,100,02f456debd4b68295aa51772cdb8fa1df0ce912ea6cb82e106e57d1b7e0b8054,5.000
151,100,28b652d6fd0ba5691ae51764dd38ea1df0ded326a64b83e106e57d1bf80b8051,5.033
152,100,a1bd52f65ed2a50b08ed1a645d30eb1df0dfd126a64f07e106e5fc1bf80b9051,5.067
153,100,a52da3f45ad6f51b24c91a657f32e938e05bd1be974e07c102e5f49bf80b8051,5.100
154,100,4429a5ad4af47f12a58b2ae57e667d306059d0bed34e07cb0be5f49bf00bd051,5.133
155,100,4a4b852d8be46b56159ba9cd7e667d30685940bedb2e374b1fa56499f01bc051,5.167
156,100,4acf952983e46b56541ba9cd7a667cb0295948fedb3e3f4b1ba54499e01bc051,5.200
157,100,6bc7142d87246b56549bb9cdea666cb321594afe1b3efe4bdfa10499801bd041,5.233
158,100,2b9734cd9724eb56769bb1cda16660b30d794bfe5b36f64bfea10491001bc051,5.267
159,100,6b1f22cd9727eb5674db9589216442b3c9795fc85b36f64bfaa506b1003b8151,5.300
160,100,e81fea8d166dab1664db148923644ab2c979dfc8dab6b04ffa87deb100bb8051,5.333
161,100,cc3be89d7665a9666ed214993f4c6eb69971d949dab6004da087fca125bb8151,5.367
162,100,543f0a9f76ed9b6668d256b9ff0c4e969971934992b6045920879ca56dbb8151,5.400
163,100,55a32a1d56cdf9662b5656b9b92c4e9693f3b549b2b62458208739a56dbb8151,5.433
164,100,d5e069b8969cd166b93642d1992dcc8692f3354936b664d82c8f79a76dbb8151,5.467
165,100,d1e56db09a9c06c6b96e66d1912dcc0e9ad3354926b666f82c8f49a76dbb8151,5.500
166,100,d3676db18a989eced16e6ed191a99c0c8ad2354926b646f8258d49a76fbb8151,5.533
167,100,d647c5e12e3012cc8d6e669317a9b13c0e9635496e975cf86d89d9274fbb8151,5.567
168,100,504f8fe568b0729ca94ec6937fe1217c6896854bc887ddf0c9199327defb8054,5.600
169,100,405bbe4fc9f0769cab4e1c3bdd83eb6c4096b54b08af9db0c35932271eeb2054,5.633
170,100,54da304f5b21c4b8ab5e54fab583eb6ccfb6b44b1aafb5e10319226774eb0054,5.667
171,100,b4da224fdb21a4b02a5e55e8aa075a6c1db6a04b5aaf35616e59666fe5fb8054,5.700
172,100,a48a524fbd2168b0d25a8de92a0fd4eca9360a5b56afe561ea95ccee9dfb8014,5.733
173,100,6c8fb20d25635fb0a45a7ba9540fb5e06ab6d49bb52e0b411ab51dce3b3ba114,5.767
174,100,09bf668da963bfb04cda5329ac4f2f4452b4b51ba97a5a8174a9b15ee2f3c014,5.800
175,100,bdaac49d2b4776b79d7ab549489d524cb6a4295b5ad2b685e529635e4eb30404,5.833
176,100,696a94bc5a45c4a72b526d9bd29da64c6da4d352b6966dad4b69c656bca33044,5.867
177,100,eb4e35b4a24d1d27d2529d3b24bd4a4cdb24a4526da6db29b249acb679abe144,5.900
178,100,0a4ecda462cdb1aeb6d269634bb9bacd36ae4d52db2d364964991976c36b0154,5.933
179,100,324e9f2846cd69266ed6934b963968994cae9b56366decd9c9b1b364364b4d10,5.967
180,100,a24c3569ce8d9b26cc96324b66b9c999992e37566669999b13b166e464cbdd11,6.000
181,100,06cc6129929db366cc96664bccb99bb9316e66d6cce931933325cec4cd9b9c11,6.033
182,100,1ecce92916adb3665c96cc5b9db933b9626ccc969ce9333366258dc4899b3811,6.067
183,100,1ed8eb6956ade3665996c85b9da93339666ccd9619e96333c62d19cc911b3011,6.100
184,100,36d8cf6944ade3667996885b3ca96739446c999639e96733ce2d39cc111b7051,6.133
185,100,16d88b694cade3667996985b34e96739c46c99963969e663ce2d39cc131b7051,6.167
186,100,16d80b694cede3665996985b24e966b9cc6cb996396be6638e6d31cc031bf051,6.200
187,100,96d92b6944ede3661996985b64e946b9c8ec3196716bc6630ced31cc271bf851,6.233
188,100,96db2d6944cfe3661993185b64e9c69c98cc31167b6bc6638cad31d4271bf851,6.267
189,100,1a43ed6cc6cff3361893184be6a9ce1c91cc3116736bce6318ad71d4e713f841,6.300
190,100,3a68c5acf287b7321893c06bcead8b1c318c3712e6eb8e6318ad73d4e713f845,6.333
191,100,e378c4ad3a073d3218d3c469c6bd995c31863712ceeb8e6338ac73d4e713bc44,6.367
192,100,7138c48f3b473db218d3c769c6bcb95c31863713c6eb8e1b38ac31d4e7131c54,6.400
193,100,393cc6871b43b5b078dbe729c29cb94c11c67713e6eb8e1b38ac31d4e71b0c54,6.433
194,100,198cc6c7b972f4b07c4be72d8a9c9d4c11c67713e6e9ce1b38ac31d4671b0c54,6.467
195,100,8d83c643b93236da6f4963ad989c9d6601d37753e6e9ce1b18fc11d6638b8454,6.500
196,100,c6e362733d38025f6709c1a59cdc9d6601d3737be6e98e1d98f411d6738b8454,6.533
197,100,16f33b721598024f65a9c0a58e5c91661353737be6ad8f1d98f431d673abc454,6.567
198,100,1273391e009dea4965adc8948e5ab163335333f9e7ad8f1d98f431d639abc454,6.600
199,100,331a858f748d6b6164a5ce568f52b0233b5b72a9e7ad8c0d98f419d63babc454,6.633
200,100,290fd48d6ee1636044b7ce56957298b33fda32ade38d8c0d8c7499c61fb96514,6.667
201,100,654b76c123607524c296ef5e9d33d9b399c83aad638dcc4dcc749cc3cbb92114,6.700
202,100,a7a156f0a17659b46296e55adcb3d9f181cc3aad7385e60d4670ccc3e3b93114,6.733
203,100,07b9fa3c0936de956252c56eccb3f8e9cc4f1aa533c566056670ccc379b99114,6.767
204,100,523cb91605877ed3215e7f284ef178ecc60f9ab431c52714b75266e378b99914,6.800
205,100,0a46ed0766c1fa52116e7fa902f15e6dc32799b491c13314b55266ebfcb98d16,6.833
206,100,cf46f48312e8fb4a012f6fa9c0736f656127ccf499c1931cb452366aec89c5d6,6.867
207,100,2562fcb18b68fd2ac1ad7eb9e2373fa560974cd0d8c1999c9652937b068d2456,6.900
208,100,05f2deb8037c7d0fe0a53e19f2379da5309766d04c45c99c5b52d33b664d3056,6.933
209,100,97d87edc813c3f8700b59f9911378ca5981f36782c4560dc7f5b592f324db052,6.967
210,100,47d86a5cc1ae1687f2b5cb895037cea59a0eb37c260524ccaf1b69af9b2f8053,7.000
211,100,02dcfa0cc1a7fe875a35c9c9681366a5ca4e937c960734cca71b2daf8b2f8453,7.033
212,100,a34c7c06f0e73e87083de9cbbc3363e5490ed93cd6079444f79b04afc1278553,7.067
213,100,0f4cfc2740b3020788fdfdc9963133e5480f593cd707de64f79b84af4127d113,7.100
214,100,834f7c2700b39b07e8fd7fc9921133e5641f49b4d3835e64739bc4af61a55111,7.133
215,100,e7c31e33d093df11acfd37c98815b1e7641f6db07b814a6c509bc6a768a15911,7.167
216,100,87c3de9378cb4f55247d17c9c815b8e7b40f2df07bc34b7c18cbd22728a11911,7.200
217,100,c7c3781b49c94e5f94ed13c9cc1499e3b70e8cf02bf3487c58cbd227ac81ed11,7.233
218,100,c7c31c5941c1661cd4e8ffc97f309de3b78e84f021f3e07cc84bda07a481ed51,7.267
219,100,f3c10e49e1e1f71cd0e0ffc86f30dce3178e84f1a1d3e47c6a4b5a03b481a5f0,7.300
220,100,e731ae4d71e0171cfae03fc86f3048e3138ec079b193f42c7e4b5b03f681a5f0,7.333
221,100,e739ae4c31f4461c5af087dc2f324847100ff039f19eb62c7f4b7b039681b5f0,7.367
222,100,730c8e6cb19e075e4af483dca712684fd80f72395c8e172c2feb2bc312c1d7f0,7.400
223,100,f384c06c989ea35e687c51ccb7923447fd0f3a194e86d3ac81eba1e34a7152fc,7.433
224,100,19e4662edcc6f13cac3c78cc5b9316230d879f09ee46e9a4f0ebb0eb6871087c,7.467
225,100,99a666074fc6593ca6342ee04b93972347c7c30da76678e47a23fc6ba83d0a5c,7.500
226,100,9d26330f4de6511cd7b4ae78e993d3a362cc518d35763cf43a315c29b51da01c,7.533
227,100,99a7b0cbe4be589d5274b6796983d2e320cd598d17728cfc0f294e29951ce15c,7.567
228,100,d9a7306ba6bc6a9c5b349f693cc35827b04eeca5d332c66d87a9e7095114654c,7.600
229,100,4d0fd25ba75ca8164b305ee9acb3ec0f924e66b4fb12e2ade3a9f3894106154e,7.633
230,100,e92df91e114c8dbaefb84a6996876d07526630d839d672ad71a939c9a8479546,7.667
231,100,ad2d989cd06ce4babf686e43968725a6da669cda1dd618ad18f988e5c447c466,7.700
232,100,4d0d88d8f27116b8b769eb43d28785a6c97686da8de68e09ecf840e564477766,7.733
233,100,241ec878bb3b56b8b529eb43ca8784be6d7cc65ac4e64e09ee7c406536473326,7.767
234,100,845a4938bb9b6afc1d21af536216869e2d6cf248e6a50f09367cf87592439bb6,7.800
235,100,e17a49b0dbdb68f4152335536006d68e276c7278f2b58329ff34f835914389b6,7.833
236,100,a5380db05aebacb415a3b5427806d2ac952c3b797295c3a9ff34ec31c953ccb6,7.867
237,100,a5388cf35a63b6b1d183b5463b0ed3ac95ac19797291e1ad7fb46c1169536492,7.900
238,100,84f2aaf3db63d391d9c31d46392edbbc95bc093970c161ac6f942613645366d2,7.933
239,100,c4f2ebe35b26d993894b1d06a92cebbcd5bd8d1930d135ec27d42613245336d2,7.967
240,100,c5f2ada74906c98d8d6f1d26e9bce8fcd4b99d1130d135f4a7529611b41332d2,8.000
241,100,c7d28da7098ce4cc8d2e1e963cbc68d8d6b995119ad1b3fca75a9311b013b25b,8.033
242,100,e7e28da70d8cf4cc9d2e1a1634bcf958c6a987519a5393fca35ad31190139a5b,8.067
243,100,c7e6cdac290cf0fc9f3e1a1e3539e958c2a187439a5393fce35a530118339a5b,8.100
244,100,efe4cdac385cda599b3a1b1c3569e958c2a1cf43984353fce35a43011833da6b,8.133
245,100,efa44cac185c5a799b1b1b1c3de9e970c3e1c943986359fee15a49011833db6b,8.167
246,100,9ea4dc9c99585a79cb3b2b9874e9e170c3e1c943996359feb19a28011833cf6b,8.200
247,100,9e941c199959dbf98913a3f574e9e550c3c3cd43986a399eb59a20911c334f6b,8.233
248,100,8c919959f95b63b3a79222f474e1e542cbc3cd4b186e3b9ea59a20911c334f6e,8.267
249,100,988b9149736363a3a7d632e475e1e742cb8b9d4b18ee379eb51e20111c334e6e,8.300
250,100,008d616963e367a6a75672e4756ccb47ca8b184b38fe379eb71e22111c334e6e,8.333
251,100,70ad717a62324f36ac5658eccd69cb1b18ab187a38bcb79ca71820317c734e6e,8.367
252,100,5878eb524a369d1eb85cd8e9895b8a1b18a939fe32bca79ca711603178734e6e,8.400
253,100,cb5bcb521f97b95c30cdd1a98b1b1a9b31a931f6e7b4a714a611e02178634a6e,8.433
254,100,877346b63cac21cc74ada5a92a1376ab71a3e3f6e6b486368e51c0e1c863da4e,8.467
255,100,273634b6b1ac60ccd4a92f336e1676abe5f6e7f6c6b48c128c41d8e1d8425a4e,8.500
256,100,749674ada1cc46c9d5ab6e136a16c7a9e576ced49c3c8c521841d8e1d9ca5b4e,8.533
257,100,709ca1adcbc956a39e236a52cab687e98f561ed41c38385318c1d3c1dbca5bce,8.567
258,100,e09c2bc91ec19c23ba73da5696bc0de80fd43cf43878785372c193c1d3cad2ce,8.600
259,100,029d1ec91cc3b8236a7352d61d8c3d4c7ad470b4f17ae0d3c389878b93ced2de,8.633
260,100,5289744bb0d3aa6352f294962d0c7b44f2d4e1bce173c2938789970b975e96de,8.667
261,100,54c9f043a0f64ae356d2b594eb0deb44c194c1f8835386939e093e0fb65e96fe,8.700
262,100,f4cba0c32af752e397d2af1ceb0dc204859407680f5306973e093e0fb61e36fe,8.733
263,100,a0cb22d74ae656f2b516ab1cca0d168405b40f6b1fd33c157c09fc0f36de36f8,8.767
264,100,2ac34ac65e66b45aad144a1d5a0d15841d243f537e937c35f009f05ff4fe34f8,8.800
265,100,53c35e26be66bd5a29145a1d100db5043d24fa53fe93603de00be05b64fe67f8,8.833
266,100,5742fc66bc76a95a4a1c529d950cbd04fb40fa53f093e039407b20db24fe67f8,8.867
267,100,f446b866a87a69585a7cd689b54eed44eb40fad360b740a9007b00da25fe6ff8,8.900
268,100,a966a87469395978d23cb589a54ee944ea73c29340b501e904db24da6dfe6ff8,8.933
269,100,a864687c4538577896aca509a9466b6442f3069345bd05e905db2dda6ff66ff8,8.967
270,100,093455b85518971cb48dad0f6b464a3516b314b305a905e924db6fd66fb66ff8,9.000
271,100,49bcd7189718b244ac8d6b074a4452b316b344b30d682fc96cda6e966fb66fb9,9.033
272,100,cb998d18aa04a2846a874b065aa656a3349365b38d686f4b6cda6f966fb66eb9,9.067
273,100,8a99ad19224568854aa35a42d2a394a3a5b3ed22a9686eda6cda6eb67fb66ea9,9.100
274,100,94993001628548a75a23d24294a3b5a3adbb6d782b486eda6e9a6eb67fae6ea9,9.133
275,100,b4c3544740e75d23d0139452b4a3ad93ed3b2b482a486ed26a924ab67fee6eab,9.167
276,100,61464067cda39533b452a5f02db1699b4b396b5c6ad84e924ab44ba45fee6aab,9.200
277,100,69668aa7a933b073acd02db869b949195a7c525c52dc4c964eb459ac57ee46ab,9.233
278,100,ca64aab1a93326726cd469b949995a18d25c56dc569c54b65db4552c57ee54ab,9.267
279,100,4eb849b961126e94499c5ba9da18921c96ccb6dcb4b685b6d5ac956c376ea58b,9.300
280,100,56b9433844d84a9cdb8c93a9921cb6bcb6cc248ca5b6ad369d2ca56caf6ea58b,9.333
281,100,75b953d245d8da8c930d92abb69eb4ec24cc6d8c29a7e9261b2c236c6f4ba90b,9.367
282,100,33b997d294cc9a8c9749b6af34de24e46cc44da7692759665b6c6b4c6a4b090b,9.400
283,100,3783b4c6adccb68c354b26a764f66de44984c9275b265b665b6c4a4cd8cb491b,9.433
284,100,e5422cc6298d242d654b6ca74df649ccd9949b27d3669366f24ddaccd4db9013,9.467
285,100,e0424994710d6c6d4c4bc8a7c9f6994e9b349367b266b646b6c99edcb5db9013,9.500
286,100,c546d19cd34dcaed984399a69b56b34c3225366726ce66ce64c9349c2d9b2673,9.533
287,100,b546a31c8649daedb0c6356e3354664c66a5644e6cceccdecd9969986b934473,9.567
288,100,a546a23c84c912ef31c6356e66d4665ceca5cccaccced99e899969b9db324863,9.600
289,100,695e46bda5c9728f61c6654ec694cc9ccced88ce998e99963b19d3319232d863,9.633
290,100,4adc4ead39cbf18fc3d6cd4e8c849c9899ed19de319e331473390331b6369047,9.667
291,100,b2989ca969dba78e9356994e18a539b83b8d3396733e6730e673463164e620c7,9.700
292,100,249975e9d35a270e9756195c38a5713873896716e73ec670c673ce61cce644c6,9.733
293,100,6db96569965a4d3e24b67358622de372c689c716ce7a8c701cf31ce199e68986,9.767
294,100,59b96d49a652d95e6d66e6d8c22dcf728ebb9c361c6818e078f338e131c6218e,9.800
295,100,12f1dd5b6cb6b15edb6c45d086a91e721c3b387638ea71c0f1e371c1638e430e,9.833
296,100,76e1995bd9b6625e174c89901ea93c72383b7076f0dbe1c0e3c3c389c70e471e,9.867
297,100,c5c3321391768adc654c3bb178a9f0c6e06be1e6c3dbc7828787870b8e1ed43e,9.900
298,100,bd43d613a3661abcad5c6ab1f109eac6c5ea83e4079b0f061e071f1b3a1c947e,9.933
299,100,714384b24ee4f5bcab5cd421ab4b43a605da0fc41f323e163c0ffc1bf03cb17c,9.967
300,100,e25339b65ecca73c5a1c84610a4b17ae2fd21eac3d12fa14f00ff81bf07ce178,10.000
301,100,82175526bccc4b3c96bca9695293bd2c6ad2f4acf852f035e00fe07ba1f883f8,10.033
302,100,a707eb467c9c5e30a4bccbcbf6936b0cda97e52cea5680bd801e02f10bf887d0,10.067
303,100,af47eade7cac9e3029fc5ac3a4b17a4cb6b7e94cc2f6002d005e02f10bf82fd0,10.100
304,100,8a47f8b4dc2cacb44bcd9283ed3d7a4db5b7cb5cc2b6212d005e02f10bf82fd0,10.133
305,100,1a47f0b4b46c29b44acdb6a3693df2cfedb3ca5c00b7216d027e02e10ff03fd0,10.167
306,100,52d7f1bcb47c4bf452c9a4a3483df287693bc2dc04a7096c02be02a11ff07ff4,10.200
307,100,60b6b92c2c745bf496892d215a6df4a74b39d2fe04a7007c02b617a15ff05ff4,10.233
308,100,e136b94e0bf65bdcb6a36929524df4a3cb38d2be04a5005c02b613e157f05ff4,10.267
309,100,6904bf4ee976dad4b4a36929524df4a3eb58d2b644ad005c40be10e157f85ff4,10.300
310,100,2d0db70369765ad6b4b32d295a49f4a3f948d296e4afc04c40bf50a952f857f4,10.333
311,100,0d0d970b2d524a5696922d2c1a4f3e937f48fe96f4adc00fc03f50ad50fc57f4,10.367
312,100,0d8d930b2d125a5687922d0c0a4f3e933f487e96fcadf80ff01f502d50fc55fc,10.400
313,100,558d970b2c125a5687922d0c0a433e933f487e96fcadf80ff01f502d50fcd5fc,10.433
314,100,d50997036c125a56a792290c1a433c937f587e92fc2df80fd03fd02d94fc95fc,10.467
315,100,d109b4136c581ad6a5b02b4c1a533c917f587e92fc29f80ef03fd02d94fc95fc,10.500
316,100,9149a5117c4c96d6a5b00b4c12d32c915f587e92fd29f80ef03fd02d94fcb5fc,10.533
317,100,9189a5035c4c9692a5bc4b4c12d30d915f587e92fd29f80ef03f902db4fcb5fc,10.567
318,100,b10325215e4e95922d2c424e16b30f595f507eb27d09f80ef43fb029b4feb5f8,10.600
319,100,a5036d25964ea5b2290c424614b30f595f92feb27d09f81ef43fa029a4feb5f8,10.633
320,100,a1234d059646a5a4694c92c704b30b595e96fea37f4af81ef03fa029a4feadf8,10.667
321,100,a1a1480fb706692c4b4c86c705b30b581e967fa37f4af81ef03fa0292dfe2df8,10.700
322,100,4923904fa5876b2c4b4c04a72db31a58be96fda3fa4af01ee03f206969fe6978,10.733
323,100,9a21b4cf25074b0d125a04a709e336d8fd86fd23f65af01ee03f407b49fa6b78,10.767
324,100,92a3b4cf2d275b2d165a0c264b633610fd26fd27f61ae016c03f407b49fa5b78,10.800
325,100,15a3a4896d87522f165a0c0e5b663698ed26f927b41ea016c07f407bdbfadb78,10.833
326,100,972125b96927926f26984c0edb467e98ed24f827641e6036807ec0dbd3fad3f8,10.867
327,100,376065b8c927926d2498589ebb4efe99ec24f82f641e4036007e82db93fa97f8,10.900
328,100,b76169b84927926d249a586e9b46fe99ed24f827641e6036807e80db93fa93f8,10.933
329,100,923024dc6927920d269a0d2e1b47369c6d26ff27f616e416c03f405bdbfadb78,10.967
330,100,9035b4e62ca75b48964e0d26096f02cc3fa63f27be02f416e83f487b497e5b78,11.000
331,100,823494e724a74b4cfb4ea4b6c14f824e07b60fa31fc23e96fc07e82b687e6978,11.033
332,100,5264523394a7294f5bceb6b3f10fe046c2b681f30bc20fc61f033d0fac1ead7c,11.067
333,100,6a275a13940f8d6f0bef12933d257856f2f3c0f2c1e2c3c20783970fb70ea53c,11.100
334,100,2a135a13d42fa56f0b9b1b831d07385278f3f0fae162e3c2c383878f978ed43c,11.133
335,100,2b535a8754adf4ae89da4fa417863d52385a787c7162f1c3c3c1c38d578e568c,11.167
336,100,a1432aa556a7d4aeedcac2a487c28d5a8e5a1e3c3c7239e378e173c553ae538c,11.200
337,100,814bab250aa774afe54862d4c1e2c71a8f5a8e3e9c321c6938e178e57bee4b8e,11.233
338,100,710ba1230a973687346b32d460e3e74bc71ac71ece328c6b3cf138e53aee6a8e,11.267
339,100,540b1123eb970a87140b32d738f331cb734be31fc732c67b8e790c6138eeeac6,11.300
340,100,1d891569e905eb87870b308738f731c3314b738f6316c73b2e790e613ee66ac6,11.333
341,100,5b1c3548b548ea95c70f870f38f438e33143718f6396c73b2e790e613ee62ac6,11.367
342,100,cab4545cbd48eb14c3058f0f3aa538e531c2334f6316c73a667b3e612ae66ae6,11.400
343,100,4aa456bcad58eb5cd3a48f1b0aad18a531c263c76316e712e6732ae16ae66ae6,11.433
344,100,4aa716b6bdfa6958d3a48f1a0e1d10a5316463d56316e716e6736ae16ae662a6,11.467
345,100,4ad31627b5b268d8d1e0875a8e191cad396463c5639de716a77262e17ae652ae,11.500
346,100,6ad316a335237adbf1e185528e181e2d396473d1639de716a71262e172e652ae,11.533
347,100,6ad3528795277ad3f1e1a1428e1a1ebd396c72c1639de716a712627172e252ae,11.567
348,100,6bd9d295a5277a93d1e1a1428e1a9e39396872d1739de31ea712626172e352ae,11.600
349,100,cad9d285ad275a93d1e3e1c28e1a9e391d6878d1f38de31ea312623172e352ae,11.633
350,100,5ad192952d2f5893f1a3e1428a131d39396873d1f3ade71e66126261d2e357ae,11.667
351,100,da90929d292f5093f1a3c1429e131d3939787391e3adc71e4612e261d6e7d7ae,11.700
352,100,d29ca095282fd0b2f1a3c3429e131d393878f191e3adc71e4632e261d6e7d7ae,11.733
353,100,929c27955a4df0b6e1a1c34216b33c3b3a7833a1e729461c4e36c261c7e7d7ae,11.767
354,100,92dc27b05a4df03ee1a783471f92383b7a5a63a1a7290e1c4e36c66187e7a5ae,11.800
355,100,b2da2d305b8df01ce1af834d1f96783372dae39167290e1c1e36466187e7a52e,11.833
356,100,b0ce2d325b19f29ce12c830d1f86783370fae3b047290e3d5c341e638fe3ad6e,11.867
357,100,b2db2d721b31b09ce1ec836d3f047923f0fae3d247290e395c341e630f632d4e,11.900
358,100,b0cb2df21f23b699e1bc83692f047b27f0f2e39247294e397c3414630f632d4e,11.933
359,100,b2436dd61b23b499e1fc83692f0c7b27f0fae39247236e397c3414630f430d4e,11.967
360,100,b24f61de1b62b499e1bc83680f8c3b25f0f2e3b2c72b6e397c3414730e434d4e,12.000
361,100,b269419e1b623499e1fc83780f1c3b25f0fae3b6c7634e39707494711e434f4e,12.033
362,100,b6b9419e1a623491a1b883f80f9c3a2df0fae3b0c7634e39f074b4711e435f4e,12.067
363,100,b29941fe1a623491a1f803f80f9c3a2de0f2e3b0c72bce39f074b4f11e435f4e,12.100
364,100,249949be3266749183f007f83f1c722de0f2c7b0ce6bde79e074b4e11c435e4e,12.133
365,100,24990bba32e2649307f007f87f1cf22de3f2c7b08e4bdc79c0f4a4e13c435a5e,12.167
366,100,26990bba32e2749387b007f83f1c722de0f2c7b0ce4bcc79e074b4e13c435e5e,12.200
367,100,a6c945981be23c93e1b007f80f983a2de0fae3b0c70bce39e07cb4f11e435f4e,12.233
368,100,b6cd45981bc67893e19207fa1f987a0ce0fac3b2c702ce39e07ca4f13c435e5e,12.267
369,100,b24645991bc63ac3e99207f20f9a3b0c70dae3b2c782ce3be07ca4f03cc35e5e,12.300
370,100,b24605990bc63ac7f99203f20f9a3b0c70dae3b28782ce3be07ca4f0bcc3de5e,12.333
371,100,ba4625898bce3ac7f99383f20f9a3b0c30cae1b2c782ce1be07ca4f0bcc31e5e,12.367
372,100,9b06e48d89861a47f997a1e60fda1b0c30cfe1b2c786ce1be03ca4f0bec31e5e,12.400
373,100,9b66e405c9ac1a46f987a1e60fda1b0c308fe1b6c786ce1be03ca4f0bcc39e5e,12.433
374,100,9b46e405c98c1a47f987a1e605da1b8c300fe1b6c786cf1be43ca4f0bce39e5e,12.467
375,100,9906b485c9861a667987f1e601da1b8c3a0fe1b6e386c79be43ca4f09ee31e5e,12.500
376,100,9926b60549869b663c87f0e6c1da0f841a0f7096e386679bf63cb47096e35f4e,12.533
377,100,4d2697056984c9660c8778a7e0da8d849f073896f1e663cb763cb67096f34f4e,12.567
378,100,49269b256085c9660c871ca7f0facd848f27b8d6f1e663cb723c3630d6734f4e,12.600
379,100,6c068b25248d49260d072c07f8e3c5c48f279c9ef1e6f3cb33bc3630d6734f6e,12.633
380,100,64060b25240d69268f070c077863e5c6cf279c9e79e673eb33bc3630d6734f6e,12.667
381,100,34064b25300d692687070c077863e5c6cfa79c96b8f673eb33bc1634d6734f6e,12.700
382,100,b40e4935160d6926c30704077873e4c4cda79cd6b8f671eb3bbc1e3652724f6e,12.733
383,100,bc1e4d31970d6924c30705073c3364c4c5a68e0eb8f679eb3b9e1e3652726f6e,12.767
384,100,bc1ccd30928d2d24e10785870c2364c4e5a7ce0e9cf679eb3b9e1e3652726f6e,12.800
385,100,bc1e6d30db0c2d24e10785870c3324e4e5a7c60e1cf639ea399e1e365b726f6e,12.833
386,100,be0e6d30db0c2d24e10785870c3324e4e5a7c64e1cf639ea199e1e365b726f6e,12.867
387,100,be0e69319e0c2d24e10784870c3b24e6e5a7c6461cf639eb199e1e365b726f6e,12.900
388,100,bc06c921940c2d26e10704073c6b64e6e5a7cede1cf639eb1b9e1e305b726f6e,12.933
389,100,bd06c92194046d26e50704073c6b64e6c5a7cede18f639ea1b9e1e325b726f6e,12.967
390,100,bd06cb21940c6d26e50704073c6b64e6c5a7ced618f639ea1b9e1e305b726f6e,13.000
391,100,bd1ecb39368c6924e30705073c7b64c4c127cc9e18f639ea399e1e3452726f6e,13.033
392,100,bc1edb38968d792ce9050d05186b64c4cd258c9e18f679eb399c1e34d2f24f6e,13.067
393,100,34dadb389699793ce30c0d05383b64ccc9258c0e98e6f9cb399c1e34d6f24f6e,13.100
394,100,34d8cf7a96997938d31807051a3964d8cb258c0d98d6f9cb399c3c34d6f2cf4e,13.133
395,100,24db6c7a96d93498f37807191a396459c1258c1d9896f1c3399c3cbc96f2cf5e,13.167
396,100,24e368f296f33499f278a5991e317459c1618e198c94d9c1699c38bc96f2df5e,13.200
397,100,02e368f786f334d9f078e599163174596161ce198c94c9c1699c38bc96f2df5e,13.233
398,100,32e568e782f33493f079e4d9163174596171c6098c94c9c1699c38bcb6f2df5e,13.267
399,100,926568e7c26334d370fbe4d9173134596161c6098c1dd9c1699c38bc96f2df5e,13.300
400,100,936568e7c26724d370fbe4d9973134596171c6098c1dc8c1699d38bc94b2df5e,13.333
401,100,936568e7ea6724d3707be4d9971134596171c6098c1dc8c1699d38bc94b2df5e,13.367
402,100,93656887ea6724d3307bf4d9971136596171c609cc1d48c1699d3cbc94b2df5e,13.400
403,100,93257c87ea6724d3307bf4da9701365b6171c609cc1d68c1299d3cbc94b0df5e,13.433
404,100,d3656c07ea6724d3327bf4db970136596171c609cc1d68c129dd1cbc94b05f5e,13.467
405,100,93656827fa6334d3327bf4db970136596161c609cc1d68c129dd1cbc94b0df5e,13.500
406,100,b3656827fa6334d3307bf4d8971136596161c609cc1d68c129dd3cbc94b2db5e,13.533
407,100,f3e56867e26334d3307be4db971136196161c609cc1d68c1299d1cbc96b2db5e,13.567
408,100,f6e56867e26334d3307be4d993113e196161c609cc1578c1299d1cbc96b2db7e,13.600
409,100,f6e56867e26334d3327be4d993113c196161c609cc1578c1299d1cbcd6b2db5e,13.633
410,100,b6c56867e26334d332fbe4d996333c196169c609cc1578c1299c1cbc96b2db5e,13.667
411,100,b6c5686786e334d332fbe4d9963134196169c609cc1578c1299c3cbc96b2df5e,13.700
412,100,36c5686786e334d3327be4d9963334196169c609cc1578c3299c3cbc96b2df5e,13.733
413,100,36c5686786e33493327be5d9963334196369c609cc1578c1299c3cbc96b2df5e,13.767
414,100,36c5686786e334d3327be5d9963134196369c609cc1578c1299c3cbc96b2df5e,13.800
415,100,36c5686786e334d3327be4d9963334196169c609cc1578c3299c3cbc96b2df5e,13.833
416,100,b6c56867e26334d330fbe4d9963334196161c609cc1578c1299d3cbc96b2df5e,13.867
417,100,f3e56827e26334d3327be4db971336196161c609cc1578c1299d1cbc94b2db5e,13.900
418,100,93257c27fe6724c3327be4da9703361b7161c609cc1568c1299d3cbc94b0df5e,13.933
419,100,9b057dc6ca6724c3327bf4ca9703361b7171e609cc1568c1299d3cbc94b0df5e,13.967
420,100,9b457d86eb6724833a6be4ca9307361b7371e609cc1568c129c93cbc94b0df5e,14.000
421,100,93457dc4eb6724833a6bf4ca9307361b7371e609cc1568c129c93cbc94b0df5e,14.033
422,100,93457dc4eb67a4833a6bf4ca9307361b7171e609cc1568c129cd1cbc94b0df5e,14.067
423,100,93057dc6eb67a4c33a6bf4ca9703361b7171e609cc1568c1299d1cbc94b0db5e,14.100
424,100,93057f66eb67a4c3327bf4ca9303361b7171e609cc1568c1299d1cbc94b0db5e,14.133
425,100,93c57f66ef67a4c3327b74ca9303361b7161e609cc1578c1289d1c9c96b05b5e,14.167
426,100,93857f66ef67a4c3327b74ca93033e1b7161e609cc1578c1289d1c9c96b05b5e,14.200
427,100,93857f66eb67a4c3327b74ce93033e1b7161e609cc1578c1289d1c9c96b05b5e,14.233
428,100,93857f66eb67a4c33a7b34ce93033e1b3171e709cc1578c1288d1c9c96b05b5e,14.267
429,100,93c57f66fb67a4c31a7b30ca93033e1b3371e709c41578c128cd1c9c96b05b5e,14.300
430,100,93c57fe4fb67a6c31a6b34ca93031e1b3371e709c415784128cd1c9c96b05f5e,14.333
431,100,9bc57de4fb67a6c31a6334ca93031e1b3371e709c415784128cd1c9c96b15f5e,14.367
432,100,dbc03de4fb67a6c31e6234ca93071e1b3371e309c615784128cd1c9c96b95f5e,14.400
433,100,dbe03de4fb66a6c31e6234ea83271e1b3371e309c615784128cd1c9c16b95f5e,14.433
434,100,dbe03fe4fb66a6c31e6230ea83a71e1b3371e309c615784128cd1c9c16995f5e,14.467
435,100,dbe03fa4fb66a6c31a6230ea83a71e1b3371e309c6157c4128cd1c9c16997f5e,14.500
436,100,dbe03de4fb6686c31a6230ea83a79e1b3371f309c6057c4128cd1c1c1e997f5e,14.533
437,100,dbe43de4fb6686c31a6230ea83a79e1b3b61f309c6057c4128cd1c1c1e197f5e,14.567
438,100,cbe03fc4eb66c6c21a6230eec3a79e5b3b71f309c6057c4128cd0c1c1e197f5e,14.600
439,100,c3e80fc46b66e7c21a6232eec3a79e5b3bf1f309c6057c4128cd0c1c1e197b5e,14.633
440,100,c38907cc6b66e7c29a6232eec3e79a5b1bf1f309c6057c4128cd8c1c16197f5e,14.667
441,100,c18905cc6966e7c2df623aeec3e79a5b1bf9b309c6057c4128c98c1c16197f5e,14.700
442,100,c1990dcc6926e7c2df6632eac1e79a5b9bf1b309c6057c412cc98c1c96195f5e,14.733
443,100,c11905cc6926e7c2dfe672eac1e79b5b9bf1b309c6055c412cc98c1c96195f5e,14.767
444,100,c11905cc6926e7c2cfe67aeac1e69b5b9bf1b309c6055c412cc98c1c9e195f5e,14.800
445,100,c11907cc6926e7c2dfe672eec1e69a5b9bf1b309c6055c412cc98c1c96195f5e,14.833
446,100,c11983cc6926e3c6dfe672eec1e69a5b9bf1b309c6055e412cc98c1c96195b5e,14.867
447,100,c11907cc6926e3c6dfe672eec1e69a5b9bf1b309c6055e412cc98c1c96195b5e,14.900
448,100,c19905cc6926e7c2cfe672eec1e68a5b9bf03309e7055e41acc98c1c96196f5e,14.933
449,100,c19905cc6926e3c2cf6676eee1e6825b9bf03309e7057e41acc98c1c96196f5e,14.967
450,100,c19901cc6926e3c2cfe67aeee1e6825b9bf03309e7055e41acc98c1c96197f5e,15.000
451,100,c19901cc6926e1c6dfe67aeee1e6825b9bf03349c7055641acc98c1c96197f5e,15.033
452,100,419d80cc6926e1c4cfe67ee6e1e6c25b9af23349c7057641acc98c1c9e195f5e,15.067
453,100,419d00cc6926f1c6efe67ee661e6c25b9af21369e3057641ac49861cde196b5e,15.100
454,100,419d00cc6926f1c6efe67ee661e6c25b9af81369e3057641ac4d861cda196b5e,15.133
455,100,419d00cc6926f1c6efe67ee661e6c25b9af81369e3057641ac4d861cda196b5e,15.167
456,100,419d00cc6926f1c6efe67ee661e6c25b9bf01349e7057641ac49861cde196b5e,15.200
457,100,c199018c6966e1c0df627eeee1e6825b9bf03349e7057e41acc98e1c96197b5e,15.233
458,100,c199018c6966e7c0df6272eec1e7825b99f1b309e7057e41accd8e1c96194f5e,15.267
459,100,c1d9098c6966e7c0df6272eec3e7825b99f1b309c6057c41accd8c1c96195f5e,15.300
460,100,c1c909ac6b66e7c2df6270e6c3e7925b1bf1b309c6057c412ccd8c1c96195f5e,15.333
461,100,c1c909ac6b66e7c2df6230e6c3e7965b1bf1b309c6057c412ccd8c1c96195f5e,15.367
462,100,c1d909ac6b66e7c4db6270e6c3e7965b1bf1b309c6057c4128cd8c1c96195f5e,15.400
463,100,c1990d8c6b66e7c4db6270eec3e6965b1bf1b349c6057c4128cd8c1c96195f5e,15.433
464,100,c199018c6b66e5c4db6674e6c3e6925b9bf1b349c7057e412ccd8c1c96195b5e,15.467
465,100,c199018c6966e5c4db667ce6c1e6925b9bf9b349c7057641accd8c1c96195b5e,15.500
466,100,c1dd018c6966e1c4df667ce6c1e6925b9bf0b349c705f641a8cd8c1c96195b5e,15.533
467,100,c1d9018c6966e5c4df667ce6c1e6925b9bf0b349c705f641a8cd8c1c96195b5e,15.567
468,100,c1d9018c6966e5c4db667ce6c1e692db9bf0b349c705f64128cd8c1c96995b5e,15.600
469,100,c1d9018c6966e5c4db667ceec1e692db1bf2b349c705f64128c98c1c96995b5e,15.633
470,100,c1d9018c4924e5c4dfe67ceec1e692db1bf2b349c705f44128c98c1d96995f5e,15.667
471,100,c1d9818c492ce5c4dfe67ceec1e692db1bf2b349c605f44128c98c1d96195f5e,15.700
472,100,c119859d492ce5c4dbe67ceec1e692db1bf2b349c605d44128c98c1d96995f5e,15.733
473,100,c11b849d4b2ce5c4cbe678eec1e692d71bf2b361c605d64128c98c1d96995f5e,15.767
474,100,c11b84994b2ce1c6cba67ceee1e692c79bf2b361c705d64128c98c1d96195f5e,15.800
475,100,c01b8499492ce1c6eba67eeee1e683e69af2b361c705d64128c98c9d96195f5e,15.833
476,100,c01b84994b2ce1c4efa67e6ee1e683e69af2b361c705d64128c98c9d96195f5e,15.867
477,100,c11b8099492ce1c4eda47e6ee1e683fe9ef2b361c705d64128c98c9d96195f5e,15.900
478,100,c01b80d9492ce1c7eda47e6ee1e683ee9ef2b361c701d64128c98c9d96195f5e,15.933
479,100,e07b8699490ce307c1a45f6ee1e683e69ef2b361e701e64338c90c9d96195f5e,15.967
480,100,64368799491de307e5855b6ee1e683e61ff63361a701864370c91c9d9499d75e,16.000
481,100,607697991d1dc307c9851b6ec1e683e63ff63363a603864770cb189d34b1d75a,16.033
482,100,65d687131c1dcb07c9871b6ec9e683e63ff63362a603844770cb389d34b1975a,16.067
483,100,65d687333819db6789851a6ec9ee87a63ff6334226038c47e0cb389d34b1b65a,16.100
484,100,6dd6a7335819da270d851a6ecbec9fa63fc6734326038c47e0c9789c2cb1b45a,16.133
485,100,6dd60f73383992270f859a6ccbec9f263d9677432e130c47e0c971bc28b1b45a,16.167
486,100,6d960e73783992650d05ba6c9bcc1f267dde67432e132c47c0c971bc68b1b55a,16.200
487,100,6d9e1c73389192051f05ba6c9bcc1f267cdee6436c131c47c1c9f1bc68b1d55a,16.233
488,100,cd9e1c637831b2051f05b26c9bcc1f0e75dee6c66c171c47c1c9e1bc68b1955a,16.267
489,100,c91e0ce378b1f6251b01b26d93cc1f2e78dee6c64c171c478789e1bc68b1b55a,16.300
490,100,c91e0ce67ca3f2251f01b269b3ec1f26787ee7c64c171c4687c9e1bd40b1b552,16.333
491,100,cb1e8ce61ca3f2271f213a69f2ec9b067c3ee3c64e170c4687c9e18d60b1f552,16.367
492,100,c91eccce19b372370f233e69baec9b073e1673c666170c4684c9e18d68b1b55a,16.400
493,100,c91eccce99f67a36cf231f293a6d9b073f0671c666168c06c0c9a98d68b1b55a,16.433
494,100,491eeccec0f27ab6c7231e211e6ddb079f0639c66616ce06f0c9a98d68b1b55a,16.467
495,100,0956ec9ed0f27096e3231e611e69db079f1e39c67616c606f0c3a98d78b1b55a,16.500
496,100,8372879cf0d36896e1231ee31e69db879f0639c67606c606e4c3e98d78b1b55a,16.533
497,100,83720f3db4d34096e13f8ee33e69db219f1338e67206c606a6e3a9cd58b1b552,16.567
498,100,62720f7cb7d10196e1bfc8e33e69fb219f1339c67206c606a6c3e1cd50b1e552,16.600
499,100,f25e0e5c36d90b96c39ec9a33ce97b219f1b3dc27206ce06a6c3c3cd51a1a552,16.633
500,100,f352fe5c36581e99039cc1eb04ad78299f1bbfd07056ce1624c353cdd1a9a552,16.667
501,100,93d3db467e4c3e18131cc3c984cd786dd7199fd839d2ee06264352cdd169a552,16.700
502,100,09b3c9e3cd667c641f1c4bfcc1ed486d43099f9939f0fb06260752cdd169a552,16.733
503,100,36b9c9f3e1e77ce33e161b3cc1e0c8ec432dc7991df83b062607324dd129a552,16.767
504,100,b68d98bbe0f32cf33e060b16e1f2e4e4e32d638d9cf81b06a706b34dd029b552,16.800
505,100,378dda99f87b347336438f162dd2e4e4f827718d8c780986a786bbc55029b552,16.833
506,100,13cd938df98cfc7116f387169dd2647678a3798dc43809c6a3c6bbc55821b552,16.867
507,100,13ec938ddbccfc39166387168f926476786379c9c4398986a3c6bbe55821b552,16.900
508,100,176593cddbccfcb916638317879a6632582338ebe4398996a3c6a3e5d029b552,16.933
509,100,056793c7d9ccfcb93665831787dae630586338ebf439889683c6b3e1d029b552,16.967
510,100,066593cff9cc7cb93665831385dae732586338abf439889683c6abe1d129b552,17.000
511,100,256313cefbcc7ce93e678a1785daee30506330abe819c896a3c653e1d569a552,17.033
512,100,2b3393cefbccf4e92a6586970f50ee30556375a9e85888a4a3d657c195492d56,17.067
513,100,073393cedb9cf4e92a4786930f14fc33556374a9e85888a52bd657e1b5492956,17.100
514,100,0523b3ced198f4e92a25061f4bb4fc33116375a9f8588aa54bd657c9b54b6956,17.133
515,100,0523a3ced598fce97e251c1e0ab4fc3315727529f8588aa54bd457cba5496956,17.167
516,100,4523828ed5d8f1e976a5149e4ab4ee321572756bf858aaa54b9695cba54b6856,17.200
517,100,0d23128eb5daf1c976a7141e4ab4ae369572756bf858aaa5439695cba54b4a56,17.233
518,100,0d235296b5daf1c9e6ef145e4ab4ae341572756bf858aaa5429695cba54b4856,17.267
519,100,0d235296b55ae9c9e44f144e5abcee341572757bf058aaa542b495cbad4b4a56,17.300
520,100,0c2356b7951ae9c9e44f144e5abcee348d72757bf058aaa552b495cb294b4a56,17.333
521,100,0c3342a7959af1c8f44f144e4abceeb48c72757bfd58aaa542b695cb25494a56,17.367
522,100,0c334a97d19af1e8766794464abcaeb48832356b7d58aaa54a96d7e9a5496956,17.400
523,100,2533ea97d19b7968366794464a9caf948833352b7d5888a56ad657e9b5492956,17.433
524,100,7733e217419b7c6837e19447ea942b9ce11395ab1d58cc25ead652e19549ad56,17.467
525,100,7731e317e09b7c683fe19447e8d4239ce71294ab1d585c25aad652e19549ad56,17.500
526,100,37b0a316e09b5ce93fe11667e854239ce71294ab1d584e27a8d672e19569ad56,17.533
527,100,17b0a312e99b5ce93fe15263ec44a39c6112d4ab1f584e27a9d672e1d569a556,17.567
528,100,17b8f312e19b7cb91fe15263ec44e3dca112d0bb1f584627a956eae1d161a552,17.600
529,100,97b8f312e19b7cb91fe14263e444e3dca112d2bb8f584627b556aae15161b552,17.633
530,100,8698f31261db7cb91fe14267e74673cca112dabb8f5846273556bae159219552,17.667
531,100,86d8f39271db7ca99ef14a63b5467bcc31125abb875822177456b8f159219552,17.700
532,100,86d8f39231db3ee98ef1ca63b546fbcc31125abb975822177456b87149219552,17.733
533,100,86d8f39271db3ea98eb14b237746fbcc31125a9bd7d822177456b87149219552,17.767
534,100,86d8f39270cb3ea99eb16b233746fbcc31135a9bd7d822177456b87149219552,17.800
535,100,86d8739274cb3ea98eb16b233746fbcc51135a9bd7c8a21734f639704921d552,17.833
536,100,82d8739274cb2ea9ceb1e9233746fbcc51137a89d7c8a21734f679704921d556,17.867
537,100,9ad9719230cbbe29ceb3e9233754f9cc51935a89d7c8a21734f6597149219556,17.900
538,100,8ad9719230cbbe2dcf3763277744e9cc51935a89d748a21774f6796149219556,17.933
539,100,8ad971933cc99e29cb3763277744e9cc519b4a89d7d8221774f6796149219556,17.967
540,100,aad971932c499e3dcb3371273744e9cc519bae89d7c8a21734f6796149219556,18.000
541,100,cad971933c4d9e39cb3761373744e9cc509b2e89c7c8a21734f6796949219556,18.033
542,100,c2d9719330491eb9cb37e3377744e9cc519b9c89c7e8a21734f6796949218556,18.067
543,100,c4d87993304b3cbdce33a5337744e9ccd19b1c89cee8863734f6796949218556,18.100
544,100,c4d83392704b3ead4c6305727344efcc919b1c8bcee8863734f6f9e949612756,18.133
545,100,84d87392634b3ca91c630976eb04e7cc919b348bcee8863734f6f9e9c9612756,18.167
546,100,84fce392e74b3ce959614172ab14c6ccd19b348b1ee88e3764b6f9e9c9610556,18.200
547,100,b4fccd92e78b74a95961c372aa04e6ccc19a348b3ee88e356696f9e9d9610456,18.233
548,100,b4fc4d92678b70cd5960da729a047ecce59a349b3ee81e350616fbe9c9611554,18.267
549,100,bcbc4d92e70bf8ed59609a769e041e8ce59b219b3ce81e340306fbe9da651554,18.300
550,100,7cbc099ad70be47b79e232661e8c2e1ce59b619b7e681c340786dbe9c2453554,18.333
551,100,e8b8099b9709e079f3e6b2e63e8d2f1ec99b639bf6683c240546d3e982453554,18.367
552,100,e9b09f1b3e0ba9c1d3e624e47cad7b1e893ac39be2c8f4241c469fe98285e154,18.400
553,100,83b0be1b7c4b0be7a7c6648cf8adfa3e1b320f1bc3c9e064fc0e3e892685c154,18.433
554,100,93b2f41b54db1bc50fc6c98ce03d527233325c1b0fc989e5f54e7e896c859554,18.467
555,100,3732e41bd0db3f855dc6890cc03976767372551b0fc90ae5d54eeea94c8d1554,18.500
556,100,3632601bc0db7f857d86990c8079b4f67272b53b1bc95ac5c55eeaadcc891554,18.533
557,100,36326c1bc0db7e857d8e990c037984f67672b53a9b895ac5c55eeaa9cc891554,18.567
558,100,3730ec1bc0db7e857d8e9918816984f67672f53a9b891ac5c55eeaa9cc891554,18.600
559,100,3fb06c1ac0db3f857d869948812984f66376f53a9f890bc5d55eeaa9cc891554,18.633
560,100,17b0ec1ac0db3b857dc6d9489129c4f66376553a1f890ac5d55eeea9ec851554,18.667
561,100,1fb06c1af05b33c57dc65949d029d6763376553a1fc90ac5f44e6ea96c851554,18.700
562,100,03b0fe1af01b83851fc649c9d129d67e33365f1a1fc988e5f44e6ea96c859554,18.733
563,100,83f0b71a7c1bd3e507c64dc9f8adf25e11321f9bcfc9886474463ea926859154,18.767
564,100,c1f8971a7e1b58e187e62ce57cadfa56913a0f9bcec9c8643c463ea12685c154,18.800
565,100,e1dc979a3e1b58e183e2a4657ead3b56d93a039beec9e8641d6617a10685c554,18.833
566,100,e9dcc39a1e0b7ae1c3e2e4652ead3b5ed81a019b6ee9ec64136697a19285c554,18.867
567,100,69dec3de1e0bfae1c362a4650ead1b56dc9a03db6ee9ec64112697a18285e554,18.900
568,100,e0da87ca1e0bfae1c366e42c2ead1b56dc9e03dbeee9ec24172697a18285c554,18.933
569,100,e0da974b1e0bdae1c362a4ad2aac1b5afc9203cbeee9fc34172797a19285c554,18.967
570,100,e0d8974b1e0bc3e1e362e4ad0bac5b56fc9a01d96ee9fd64812797a19285e554,19.000
571,100,70dec34f1f09e9f1f160a4ad0bbc1f56fc9a81c96ee97d34812793a19205e554,19.033
572,100,78ccc34b8f2968f1f160b6ad09ac5b567c9aa0cb36e97d34c127dbb1d205a554,19.067
573,100,78ccc34b8f0b69f1f170b68c099c0f523e9ae04f3ee96d30c133dbb9d225a554,19.100
574,100,3c4cf34bcf8b69b1f970b68c88ac4f521e92e04f36e92f10c133dbf9d825a544,19.133
575,100,3e4e794bc78ba8f17970968ce0ac69d21e92f04fb2e9af10e113dbb95925a544,19.167
576,100,1e6e794fc39b39f07930968ce48c01529fd2f86f1aeda790e1935bb959258544,19.200
577,100,1f66796fe3893c705c30d38ce4bc81529fd23c6f9beca75060936bb869259544,19.233
578,100,9f6261abe3990c305c34d3ccb46fcb53cf521c2febe8a7d0749369f849259144,19.267
579,100,1f6231afe3990c305eb5d3ccb41fdb53c7c21c2debe8a5d0f49369b82c259144,19.300
580,100,0f62708befd80c305ba4f3cca41ffbd2434a9c2debf885d07c9369b82d259546,19.333
581,100,0f73708befd80c307ba4f3cc941ffbd207438c2debf885907c9369bc09259546,19.367
582,100,2fe36299ed981430f38ce3cc101bfbd2074e8c2debf8e5927c9369bc49259546,19.400
583,100,7ee3e299cdb01c30f78ca6cc1833dbd2170e8c2dfbf8a5927c8349bc49259546,19.433
584,100,7cabe0998df01431f78ca6de3013dbd2160f386dcbf88512f9a35bbc49258556,19.467
585,100,7ce3c2998df03571f68d269c3037f3d2340e186d9fd88512e9a3dbfc59258514,19.500
586,100,fde3c29999b07170e68d6e9c7076b7d6340e786d9fd88d12c933d3e858252414,19.533
587,100,fdc2c6bb1bf1f160a40d4f9d707687d67d4e70693ed90d12c92393e9d8252414,19.567
588,100,f5c696bb1b71f16045095d99f1368786fd4ef0e93ed90d128123b3e9b0657414,19.600
589,100,d5ce943b3bf1e16015495d39f1768786ed4ee0c93e991d520323b7e9b2617414,19.633
590,100,9dce143b3b71e1411559d939e1762f86cd5ee0e97e991956132336e9b261d114,19.667
591,100,9dce353bb361c3411d59dd39e1f62f06c15ec1d9fe999952132326e9a261d114,19.700
592,100,9dce353b7661c3415559f179a1762d06d95ec1d9ee99b956122326e9a269d114,19.733
593,100,89c63d3b7621e3412559f139e17e2d06c95ec1d9ef99b95612632ee96249d154,19.767
594,100,e9c6153b76a1e36105599919e1f60f06dd56c1cbef99b956132326e9e269d114,19.800
595,100,e9c6153b36a1e3611559dd19e1f60f06dd46c1ebef999952132326e9e269d114,19.833
596,100,e9c6153f36b1e3611549d919e1f60f06dd46c1ebef99b952122326e9e269d114,19.867
597,100,e9c6353b3231e3411549b939e1f60f06dd4ec1f9ef99b956122326e9e269d114,19.900
598,100,c94e343b3771e3401559f179e9760f06d95ec1d96eb9b956122326e9e269d114,19.933
599,100,9d5a343977e1e1511559f178e5660f06d95ec199ff99b956122326e9e249d114,19.967
600,100,9d4237397741c5511519f378e5660f06d95ec1b97fb9b956326326e9e049d114,20.000
601,100,954a3739fb51e1499519f9386d260f86d95ec0b97eb9995612e326e9e069d114,20.033
602,100,e54b3639bb70e1599d19f938ad660fc6d94ee0f97f91191612a326e9e061d114,20.067
603,100,e54b3639fb70e1599d19f938a5660fc6cd4ee0b97f991912122326e9f069d114,20.100
604,100,f54a1739fb60e151dd19d938a5660fc6dd4ee0b97f99991212a326e9e069d114,20.133
605,100,f54a1739fb60e151dd19d938a5660fc6dd4ee0b97f99991212a326e9e069d114,20.167
606,100,f54a3639fb70e1599519f938a5660fc6dd4ee0b97f99191212a326e9e069d114,20.200
607,100,d55b3631fb70e1599d19f9788d260f86d94ee0b97fb1191312ab26e9e061d114,20.233
608,100,d55b3631f370a1599d19f97aad260f86c95ee0b97f90191332ab26e9f061d114,20.267
609,100,f51b3631f370a159dd19f97aa6260f86c94ee0b97fb0191332ab26e9f061d114,20.300
610,100,f51a3639f3706159dd59f978ad260fc6c94ee0b97fb0191312a326e9f061d114,20.333
611,100,f50e173df7506159d559f938a5660fc6cd4ee0b97f98191312a326e9e261d114,20.367
612,100,ed4e133fff6020519559d979a0760fc6cd4ee0b97f98191232a326e9f269d114,20.400
613,100,ed4e123fff702171d559d979b0760fc6cd4ee0996f981912322326e9f069d114,20.433
614,100,edce103fff702171d559d979b0768fc6cd4ee08b6fb81912122326e9b069d114,20.467
615,100,fdce14bfff6061509559b179b1760f46cd46e0bb6f98991212a326e96269d114,20.500
616,100,edc600bf5fb661f18559d159b07e8f46cd46e0cfef989912122326e96269f114,20.533
617,100,edc6c0afdfa661f284c9d9593079af06cd46e04fefb89916902326e96269f114,20.567
618,100,edc6c0af9ea662f2a4c1df593079a7c60d46e04fe7d89d16903326e96269f114,20.600
619,100,eee4c0af9eae6ae6a4c1df593079a7660f46e04ee7d89d16901326e93269f014,20.633
620,100,fee4e08f9eae6be664c5dfd9307927360f46c04ee5b89d14901326e92269f114,20.667
621,100,fae4c0af9eae6ae666c7dfd9303927368f46c04ee5b89914901326e96269f114,20.700
622,100,dfc0d0af1eae6ae646c5d7d9307927369f46c04eedb89914901366e96269f114,20.733
623,100,dbc40caf1eae7ae644c5d7d970792ea61f46c14eedb89916901366e96269d114,20.767
624,100,dbc4812f1eae66e60cc5d759b0792ea61f46c15eefb89956111366e960e9d114,20.800
625,100,d9ce312f372ee1e60dc1b759e2792e869d46815febb8911610336ee944c9d154,20.833
626,100,938e352e772ecfe70dc1b55962790e86995683dfcbb85552a0174ee944c99154,20.867
627,100,930e342ed52ec9a70d99b15962f17e26ba5603bf5fb8b152aa974ee944c98154,20.900
628,100,033e752e95665d811d11a2794af5fa86325e03bb55b8a156aaa75fe9d549a154,20.933
629,100,352ef96e8de21f812e1162f14ee67a16225e0bbb95f0a2566aa75de99549a154,20.967
630,100,7b2eec6e8dc31b812a5162f95ea63a5622de0ba99d70a2565aab5de99549a154,21.000
631,100,696efd62c7c11a912a5162f95ea6ba56225e53a9b570a2574aab5de99549a154,21.033
632,100,792ebd62c7c118912a5962f95ea6ba56225e53a9f570a2574aab5de9d549a054,21.067
633,100,792ef572c5c10d91aa5962f85ea6ba56225e43a9fd50a2574abb55e9d549a054,21.100
634,100,7d2ee562c1c19991aa5922f95e26ba56a25ec3b9fd50a2574ab955e9d549a054,21.133
635,100,3c2ee5e2c1e18b91a259627c5fa6ba56a256c3a9fd50a2174abd55e9d549b054,21.167
636,100,1d2eedf2c0e14c99b259207f5fa6ba56e05ec9a9fd50a2170abd54e9d549b014,21.200
637,100,1d2e65e3c0e1cd91bb59205f4fa6b956e05659b97d50b0172abd56e95549b114,21.233
638,100,1f2e353360e14d91b259a05f4fa6bd56e85669a91d58b8172abd46e95449bd1c,21.267
639,100,1f2e35b370e14d91b159a24f4fa68d56e85679b915d8b113aabd46e954499d14,21.300
640,100,8fa6307370f14f999059a24f4fa68d56b8566ea915d8b513aabd66e954499d14,21.333
641,100,87a630737cf14f999059e30e4fe68d56b9566cb915589d03aabd62e954499d14,21.367
642,100,87a730337ef10fd99858b34e4bf68d56fd462ab9055cdd02aafc22e974498514,21.400
643,100,c7a730333ef12fd9d919f30e43f6c546bd462cb900dcdf02aa7e22e97601c514,21.433
644,100,c7a738333ef126d9d909bb25e3b6c5561d4224bd805cdf02237e22f9ff01c514,21.467
645,100,e3a798333ef126f9c90ddf0da3b6c5561d4224b9c05cdf42017e223dff01c554,21.500
646,100,6386d8b71e73a6f94a0ddf09a1b7e5560d42b4ade05c5fc2011ea239bf21e554,21.533
647,100,63e6e8b71a33b2f1480d5f0d31b9e5561d4294abe45c4fd2011e903dbf61e5d4,21.567
648,100,65e6f8871a33b2f1641d5f0938f9f0562f4296abe05c4fd2011e903dbfe165c4,21.600
649,100,65e678871a33b6f1e01d5f0db8b9f0162d4296abf05c4fd2011e903dbfe165c4,21.633
650,100,65c678871a33b6f1e05d5f0d99b9f0962d4296abe05c4fd2011e903dbfe165c4,21.667
651,100,65c6f9871a33b6f1e05d5f0938b9f0360f4696abe05c4fc2015e903dbf6165c4,21.700
652,100,65c6e1879a33b6f168595f0dbbb9e0364d4294abe05c4fc2015e903dbf61e5c4,21.733
653,100,65c6c9871a33a6f14c195f09bbf9e1161d42b4afe05cdfc2015ea03dbf21e554,21.767
654,100,67c6c1a71ab326f14819df092ab9e1761d4624afe0dcdfc2015e223dff61c554,21.800
655,100,67c6c9a71ab326f14819df092af9e1761d4624afc0dcdf42015e223dff61c554,21.833
656,100,e7c6c9a71ab326f14819df092ab9e1761d4624afc0dcdf42015e223dff61c554,21.867
657,100,65c6c9879ab326f14819df092ab9e1361d46a4afe0dcdf42015e223dff61e554,21.900
658,100,6dc6c1879a3326f14819df093ab9e1365d46a4afe0dcdf42015e223dbf61e554,21.933
659,100,efc6c1871a3326f14859de092ab9e1365d46a4afe0dcdf42015e223dbf61e554,21.967
660,100,efccc1863a332ef148d9de093bb9c1365d462caf80dcdf42095e22397f61c554,22.000
661,100,efccc1863a372ef148d9fe0933a9c1365d462cab80dcdf42895e22b97f41c554,22.033
662,100,e9ccc1863a272ef148d9fe0973a1c1365d562cab80dcdf42ab5e22f97f01c554,22.067
663,100,efccc1863a2766f10cf9ba0973a1c1a6fd462cab40dcdd42ab5e22f97741c514,22.100
664,100,ebccc186f0276eb148d9bc0973a9c126fd462caf44dcdd42ab1e22f97749c514,22.133
665,100,ebccc306f0676eb14cf9bc0973a98136fd5628ab04dcdd42ab1e22f97549c514,22.167
666,100,ebcc8326b0276eb15cf9b04973a981b6fd5628ab04fc9d42ab9622f97549d514,22.200
667,100,ebcc832630276eb15cf9b00973a983a6fd566cab05fc9d42aa9622f97549d514,22.233
668,100,ebcc832630276eb11cf9b00973a987e6fd566cab05fc9d42aa9622f975499514,22.267
669,100,ebcc832630676eb11cf9b00973a983e6fd566cab05fc9d42aa9622f975499514,22.300
670,100,ebcc8326b0676cb31cf9b00973a983e4bd566cab45fc9d42aa9662e975499514,22.333
671,100,ebcc8326b0676ca31cf9b00973a983e4bd566cab45fc9d52aa9662e975499514,22.367
672,100,efcc8b26b0676ca34df9b04972a903e4f94669ab05fcbd52aa9662e975498514,22.400
