0,100,e42926b9cb58d261383b699f0ff2e1076fe6183dff4986d82ca36da48034fc54,0.000
1,100,e42926b9db58d261383b799f0ff2e1076fe6183dfb4986d8aca36da40034dc54,0.033
2,100,e42d26b9cb58d269383b799f07f2e1076fe6183dfb4886d8a4a36db40034de54,0.067
3,100,e62926b9cb58d261383b799f07f2e1076fee183dfb4886d8a4a36db40034de54,0.100
4,100,e62926b9db589261383b799e07f2e1076fec183dff4886d8a4a36db40034df54,0.133
5,100,e62926b9db589263383b799607f2e1076fec183dff4886d8a4a36db40034df54,0.167
6,100,e62926b9db589263383b799607f2e1076fec183dff4886d8a4a36db40034df54,0.200
7,100,e62926b9db589263383b799607f2e1076fec183dff4886d8a4a36db40034df54,0.233
8,100,e62926b9db589261383b799707f2e1076fec183dff4886d8a4a36db40034df54,0.267
9,100,e62d26b9cb58d271383b799707f2e1076fe4182dff4886d8a4a36db40034df54,0.300
10,100,e62d26b9c958d279383b799f07f2e1076fe6082dfb4886d8a4a36db40034df54,0.333
11,100,a62d26b9c958d279383b799f07f2e1076fe6082dff4886d8a4a36db40034df54,0.367
12,100,e62926b9db58d271383b799607f2e1076fec182dff4886d8a4a36db40034df54,0.400
13,100,e62926b9db58d263383b799607f2e1076fe4183dff4886d8a4a36db40034df54,0.433
14,100,e62d26b9d958d271383b799f07f2e1076fe4082dff4886d8a4a36db40034df54,0.467
15,100,e62926b9db58d271383b799f0ff2e1077fe4182dff4886d0a4a36db40034dc54,0.500
16,100,e62926b9db58d261383bf91f0ff2e1077fe4183dff4987d024a36db400349c54,0.533
17,100,e42926b9db5892e1383be91e1ff2e1077fec183dffc987d024a36da404349c54,0.567
18,100,e46926f9cb589261383be19e1ff2c107ffec183dffc987d02ca369a40434b454,0.600
19,100,e42966f9c35892633a6be11e1ff2c106ffac183dffc987d06ca369a41434b454,0.633
20,100,64a96cf99358b6e27a6f601e1ff2c106ff2c383dfbc987906ca349e41434b454,0.667
21,100,44a96cb98359b6e37a6b611e3ff6c106df2c38797ac987906ca349e4f034b454,0.700
22,100,4ca96cb99358b6e3fa6b421e3ff6c306df0c38797ac90f9048a34be4f034b454,0.733
23,100,4cb96cb19358b6e372ef431e3ff6c306d70c70797bc90f904823cbe4f024b454,0.767
24,100,4cb96cb19358b6e372ef431e3ff6c306d70c70797bc90f904823cbe4f024b454,0.800
25,100,4cb96cb19358b6e3f2ef421e3ff6c306c70c70797bc90f9048a3cbe4f024b454,0.833
26,100,4cb96cb19358b6e3f2ef421e3ff6c306c70c70797bc90f9048a3cbe4f024b454,0.867
27,100,4cb96cb19358b6e2f2ef821e3ff6c706c70c70797bd90d9049a3cbe0f024b454,0.900
28,100,4cb96cb19758b4e2f2ef061e3ff6c706c70c70f93bd90d1049a3cbe1f024b454,0.933
29,100,4ca949b1971835e2f2ef0e5e76f68706c70c70f97bd91d1049a3dbe1f024b454,0.967
30,100,4ce949b11f1035e2f2eb0a5e76f68716870e70f97bd91d1049a3dbe1d164b454,1.000
31,100,4da949b13f1035e2e2eb0e5e75f68706970ef0e97ad93d1049a3dbe1d1643454,1.033
32,100,4da949b13f1035e2c2ef1e5e75f687069f0cf0e97ad93d104923dbe1d0656454,1.067
33,100,e9a949b13f30356282ef3e9ee5f687069f0ce0e97ad93d1049239be1d1656454,1.100
34,100,c9e949b13e30756286ef3e9ee5d68706be0e61e93ad93d1049239be1d1656454,1.133
35,100,f9e949b12e30716684ef3e9ce5d68646b60ec1e93e997d1249239be9d0656454,1.167
36,100,e1e9c9b13e3161c684ef7a9cc3d69746b20ec1e97e997d12c9239be190656454,1.200
37,100,e1e1c9b17eb1614485ee7a9cc3d69746300e43e97e997d12d9239fe192656454,1.233
38,100,c1e199b17cb127c405ce709dcbd6b646701e03e97e997d32d9239fa19265645c,1.267
39,100,c1e1993178b10744254ee0bddbd6b646605e03e97e997916db239fa19265755c,1.300
40,100,81e19d3178b107e4254ee0bddbd6b656e0be03c97e8979129b239fa19245755c,1.333
41,100,83c19f31f9b107a4254ee0bdda9eb45660be1fc96c8979369b239fa11245355c,1.367
42,100,07d1bb21f9b10fa4254ec0b8fa9eb45640fe17c96c89f934db229fa1164d655c,1.400
43,100,07c1b961d9310f24255ec0f8f69ea45601fe3fc96ca9d934db269fa1360d655c,1.433
44,100,1fc1f071d1311f24655ec1f8f69ea45601f67ec958a9d934bb663ea1260d455c,1.467
45,100,3fc1f07993313f244d5ec1f8b69e60d60fe27e8958a9b134b3663ea1260d455c,1.500
46,100,bec1f07913312fa44ddec1b8e49e04d60fe27e89d8a9b134b7663ea12e0d455c,1.533
47,100,faf1c069172168a44dde81f8a49f44d63f437c89d9a9b37497663ea16c0d455c,1.567
48,100,eaf10179172468accdde81d8a49f4ed63f435c89dba9ba2495663e216c8d555c,1.600
49,100,ea71017937246aaccdde81d8249f7f962f435c89fba99a2497663e216c8d055c,1.633
50,100,ea71017837246aaccddea159249fbfd62f435c89dba98b2497663e216c8d055c,1.667
51,100,e271017837246aaccddea259648fb7d62f435c89d9e99b2497763e216c8d055c,1.700
52,100,c0f1117837246aaccddea259648fbfd62f434c89c9e99b249776be216c8d055c,1.733
53,100,c0f10b78372c6aacc5dea25b748fb7d22f434c89c9a9db249772b6216c8d855c,1.767
54,100,c0f00b7835267aacc9dea25b528fb7d22f434c894da9cb349776b621668dc55c,1.800
55,100,c0700b78372e7aacc9dea25b528f97c22f434c896da9cb349772f621668dc55c,1.833
56,100,e03e0b1c172e7ea4c8dea35b1a8f97c22f4344896da9cb34df327621668dc55c,1.867
57,100,e03e0b1c1f2efea448dea15b1acf97c2a743248965b94b34df327a23628dc55c,1.900
58,100,e03e0b9c1f0ebea4488eb55b5acb97c3a74324a965b949b459323aa3728de55c,1.933
59,100,653e0b9e1f0eb6a64886355a4acb93c38743a4a964b969b41d323ba3728df55e,1.967
60,100,643c8f9e5f0eb6866886355a4a4bdbe38343a4e924b969b41d321ba33a85f55e,2.000
61,100,74398d9e5f0eb626ea8635426a495be3c343b2e9b4b928b40db21ba33a85d55e,2.033
62,100,70b9a59e4b8ff726ea963446286b4be3c363d269b4b9a4b40db20f830aa5d556,2.067
63,100,32b9859e0b8f5726fe96b406a46a4beb4963d269f4b9a4b48d920f930aa5d556,2.100
64,100,b03906b88b9b572efe969296a44a69e96963da69f239e4b48d928f930aa55556,2.133
65,100,b93956b9899e538f6ec6d296b44220e96d637b697239e6dc859285930aa53556,2.167
66,100,a93dd6a9899e538b5d46da96944625ed6da379617229e2dcc59285930aa57556,2.200
67,100,a93cd7b9859e6b8f5d46da96945225e86da339617229e2dcc792859302a57556,2.233
68,100,a97ac3b9958e2b8f7dce5a96945226e83da33961723962dcc79a871302a17556,2.267
69,100,e17ac339958c2b8f6dce4a969256b6d09da3396370397afcc79a87520281b556,2.300
70,100,e07acb7895882b9d6dcbca1692d6a6d29da33963f07972f9c39887520a81b556,2.333
71,100,d032ca789588a79c6dcbc91f12b6aed69da3b923f079d2f98ab10f528a81b554,2.367
72,100,44b3ca789708b59c6d8f490f52b6aed69ce3f923e079d1e98ab91f520a81b554,2.400
73,100,64a74a70db48b59c658f490f52b7ded6bcc2f123e879d1e90ab91d520a89f154,2.433
74,100,64a74e70da58371c658f490f5bb5ded6fcc2f1236271d1e91ab91d520a83e154,2.467
75,100,64874e70da58371c65af490f5ba5ded6fcd6f1276271c1e91ab91d52380b8154,2.500
76,100,24cf46f1da70b71c25bc490f5b25d6d6f8d6f127627101e91eb9fd52380b8154,2.533
77,100,24cb66b3da70971c34bc4d0f6b2dd6d6f8d6d1a3217101e99eb9fd123c0b8154,2.567
78,100,accb26834a709b5834bc6d8f6929ced6f8d6d1a7216103e99eb9fd12fc0b8154,2.600
79,100,bdcb24874a709b5836bc248f69296ad6fcded1a7016301e99ab9fd52fc0b8154,2.633
80,100,dd8bb4876a71c968169c36ad6d2d6a36ce5ed0a701e301e9cbb9fd12f80b8154,2.667
81,100,df83b48f2ad34d68169c36bc6d2f6b36ce5ed08701a301e9cbb9fc12f80b8154,2.700
82,100,d987b4cf22d34d681e9c36bc6d2d6bb6ee5ed88701a301e9cba9fd12f8030154,2.733
83,100,5d87d6dfb2532d685c5d32bc242de996ee5edcc701a301e94ba9fd12f8030154,2.767
84,100,6d9756db924b25684e4d1ab074aded92e75eccc741b301e14be9ff1af8030154,2.800
85,100,2d965ad3d24bb5e02e7c1b5076ade492e54eeec748b301e12fe1ff1a780b0154,2.833
86,100,ac963ad3da4b95e1267c0b5012bdf49bf54ee64748d381a12de17f1a7a0b8554,2.867
87,100,849eaec36b4bd5a116748f521bbd769fb54ae64628d381a125e17f1a7a0b8554,2.900
88,100,40fe9ed2a94bd80912e4ad7a8bbd729ff5caf36ea0c380b104e57f1a3e0b8454,2.933
89,100,42fed6d6ad4b680952e587728db8fa9df4caf32ea6c382b104e53d1a3e0b8454,2.967
90,100,02b456d6bd4b6d695aa51772cdb8fa1df0ced12ea64b82f106e53d1b7e0b8050,3.000
91,100,a8b452d6ff4aa5490ae517645d38ea1df0ded126a64b83e106e57d1bfc0b9451,3.033
92,100,a1bd62f65ad2b50b08ed1a645d30eb1df05fd12ea74e83e102e57c9bf80b9451,3.067
93,100,a52da1f45ad6f51b24c91ae57f326938e05bd1bed74e07c102e5f49bf80b8051,3.100
94,100,4409a5ad4af45f12a58b2ae57e667d306859d8bed34e07cb0be5749bf80bd051,3.133
95,100,4a4b952dabe46b56151ba9cd7e667db0285940bedb2e374b1be56499f01bc041,3.167
96,100,6acf942983e46b56541ba9cd7a667cb0a95948fedb3e3f4b1ba14499e01bd041,3.200
97,100,6bc7342997246b56549bb9cdea667cb3215948fe1b3efe4bdfa10491801bd041,3.233
98,100,6b9330cd9724ab56761b918da96660b36d794bfe5b36f64bfea106f1001bc041,3.267
99,100,6b1f2acd162dab5674db9589216462b3e9794fc85b36f64ffa8506b1003bc151,3.300
100,100,e81bea9d166da92660da1499236c6ab2c979df48dab6b04ffa87deb100bb8151,3.333
101,100,4c3be89f766d89666ed214993f4c6eb69971d949dab6004d8087dea525bb8151,3.367
102,100,543b8a9d76cd9f6629d256b9fd0c4e96d971934992b60459a0879ca52dbb9151,3.400
103,100,55a0a91d06cdfd662b5656f9b92c4e8693f3b549b2b62458208f3ca56dbb9151,3.433
104,100,95e069b0969cd166b93642d1992dce869af331493eb664d82c8f79a76dbb8151,3.467
105,100,d1e56db0ba9c06c6b96e66d19129cc0c9ad3354926b666f82c8f69a76dbb8151,3.500
106,100,d3676db1aa989accc56e6ed113a99c0c8ad2354926b666f82589c9a76fbb8151,3.533
107,100,164fc5e52c3032cc8d6ee6931fe1b13c0a9635496e875cf86d89d9274fbb8151,3.567
108,100,704b87676930729ca94ec69b7ea1217c6896d54be887ddb0c9199327defb8150,3.600
109,100,40dabe4fc9f1769cab4e1c3add83eb6c4296954b088f9db0cb5932271eeb2054,3.633
110,100,55da304f5b61c6b0ab5e507afd83eb6c4fb6b44b1aafb5a10319222774eb2054,3.667
111,100,b49a224f5b2524b0aa5e55e8ab075a6d1db6a04b5aaf35612e596667e5fbc054,3.700
112,100,a4da524fbd256cb0525a85e92a0754eca9362a5b56afe561ea91ccee9dfb8014,3.733
113,100,6c9fb20d25655fb0a65a7ba9540f95e02bb6549bb52a0b411ab51dce3b7ba114,3.767
114,100,09bb768da961bfb04cde5329ac0f2d4452b4951ba97a5ac174a9b15ee3fbc014,3.800
115,100,bdaac4bd0b4776a79d72b569489d5a4cb6a4295b5ad2b685e529635e4eb30404,3.833
116,100,692a94bc5a45c4a72b726d5bd29da64c6da4db5296d66dad4b69c6569ca33044,3.867
117,100,eb4e35bca24d0d25da529d3b24bd4e4cdb24b4526da6db2992498cb679abe144,3.900
118,100,8a4ecda062cdb1aeb6d26d634bb9bacd36ac4d52db2d364964991976c36b0154,3.933
119,100,324e9d2846cd692e6ed6934b973968996cac9956366d6cd9c9b1b364b64b4d10,3.967
120,100,e64c35684e8d8926cc96324b66b9c999d92c37566669999b9bb166e464cbdd11,4.000
121,100,86cc61299e9db366cc96664bccb99bb9916c66d6cc6919933321cec4cd9b9c11,4.033
122,100,1ecce96916adb3661c96ec5b9cb933b9226cecd69ce9333366250cc4c99b3811,4.067
123,100,1ed8eb6954ade3665d96c85b9da93339666ccc9699e96333c62d19cc911b3011,4.100
124,100,1ed8eb6954ad63667d96c85b1ce96339446c999619e96733ce2d19cc911b7051,4.133
125,100,16d88b694cad63667996985b3c6967b9c46c9996396be663ce2d39cc111b7051,4.167
126,100,96d88b694cad63665d96985b346966b9c46c9996396be6638e6d31cc031bf851,4.200
127,100,96d90b6944ede3665d96185b746966b9cc6c3196316bc6638c6d31cc271bf851,4.233
128,100,96cb296944cde3661996185b64e946bcd8ec31967b6bc6638cad31c4271bfc51,4.267
129,100,1a43ed68c6cff3261893184be6a9ce9c91cc3116736bce631cad31d4e713fc41,4.300
130,100,1a68c5acf28ff7321893506bc6adcb1cb18c3312e6eb8e6318ad71d4e713fc41,4.333
131,100,f378c5ac3a07353218d3c46bc6ad995c31863712e6eb8e6338ac73d4e713bc44,4.367
132,100,7378c48d3b4735b218d3c569c6bd995c31863712c6eb8e7b38ac31d4e7131c54,4.400
133,100,393cc6871b43b5b238dbe729c29cb94c11c63713e6eb8e1b38bc31d4e71b0c54,4.433
134,100,198cc6c79972f4b07c5be72d8a9c9d4c11c67713e6e9ce1b38bc31d4631b0c54,4.467
135,100,8d87c643b93236fa2e4963ad9a9c9d6601c37753e6e9ce1b18fc11d6638b8454,4.500
136,100,c4e36a633538025b6709e1a59edc9d6601d3337be6e9cf1d98f411d6738b8454,4.533
137,100,16f33b721598024f67a9c0a58e5c95661153337be6adcf1d98f431d671abc454,4.567
138,100,1273391a049dea4965adc8b48e5e916333533379e6ad8f1d98f439d639abc454,4.600
139,100,331a858e548d6b6175a5ce568f5ab0233b5b32b9e7ad8d0d987419c63babc454,4.633
140,100,290fe48d7ee1636444b5ce56957298b31bda32ade38dcc0dcc7499c61bb96514,4.667
141,100,694b76c9237071244697e75e9d33d8b399c83aad638dc44dcc749cc3cbb96114,4.700
142,100,a5a156f0a17619b46296655edc33d9f389cc3aad7385660d6670ccc3ebb93114,4.733
143,100,07b9fa7c09365e9562d2657eceb368f9cc4f1aa531c567056610ccc379b99114,4.767
144,100,523d391685877ed3215e77284eb178ecc60f9ab531c52714b75266e378b99914,4.800
145,100,0a46ed0764c1fa52916e7fa902f15e6dc32789b499c13314b55226ebfc99cd96,4.833
146,100,cf46f48312e0fb4a912f3fa9c0732f656127ccf499c1931cb552366a6c89c5d6,4.867
147,100,2562dcb18b78fd2ac1ad3ea9e23737a570874cd0ccc1999c9752937b268d6456,4.900
148,100,05f2fe98017c6d0fe0a53e99f3379da5309766f04c41c99c5d52d33b664d3056,4.933
149,100,97f87edc817c3f8f00b59f991137cca59c173678244560cc7d5b592f324d9052,4.967
150,100,46d86a5cc1ac1787f2b5cb895833c6a59e07b37ca60524ccaf1b69af9b2d9053,5.000
151,100,42dc7e0cd1a7fe877a35c9c9381366a5ca46937c9605b4c4a71b2daf892f8453,5.033
152,100,e34c3c0ef0e73e870835e9c9bc1363e5490ed93cd7079644f79b04afc127c513,5.067
153,100,2b4c7c2750f30207a83dfdc99e1133e54c0f493cd307de64f79b84af4127d513,5.100
154,100,836e7c2740b39b07e87d7fc99a1133e5640f49b45b835e64739bc4af61a55111,5.133
155,100,e3471e33d093df01ac7d37c9ca15b1e7640f6db47b814b6450dbc6a768a15911,5.167
156,100,c7c39e1378d34f53a47d17c9c815b8e7b40facf03bc14b7c18cbd22728a15d11,5.200
157,100,c7c3fe1349c94e57946d13c9ec1498e2b70eacf02bd3487cd8cbd227ac81ed11,5.233
158,100,c3c31e4969c1661ed4e8ddc96f10dde3b78e84f0a1f3e07cc84bda07a481ed51,5.267
159,100,e3c10e49e1e1371cd4e0ffc86f30dce3178e84f1a1f3e47cea4b5a03b481a5f0,5.300
160,100,e3e1ae4d31e0071cfae01fc82fb048e3138ee079b1d3f42c6e4b7b03f681b5f0,5.333
161,100,e331ae6d31f4671c7af087cc2f324847510ff039f09ab62c2f4b7b039681b5f0,5.367
162,100,730c8e6cb19e071e4a7c83dca7126847d80f72395c8f172c2feb2bc312c1d7f8,5.400
163,100,b384c26c9c9ea35e683c51cc97923467fd0f3a194e86d3ac81eba1e34a7152fc,5.433
164,100,19c4622cdcc6f17cac3c78cc599216230d879f1def46e9a4f0abf0eb6879087c,5.467
165,100,99a676074fc6593e96342ee04b93932347c7c38da76668e47a21fc2bac3d885c,5.500
166,100,9da633074de6511ed7b4be686993d3a362c6518d35763cf43a315c29b51da01c,5.533
167,100,d987b04be4be589c5274b7786993d0e3a0cd598d17f28cfc0f314e29951ce51c,5.567
168,100,c9a7306fa6bc6add4b3497693cc35823b04feca5d332c66c87a9e7095114754c,5.600
169,100,6d8fd21ba61ca8176b305ee9acb36c27924e26f4fb12e2ade3a9f3894106154e,5.633
170,100,ad2df91e114c859aefb84a6996936d075a6632d839d672ad70b939c9a8479546,5.667
171,100,ad2d889cd06c449abfb86b63d68725a7d86696da1dd6988d98f988e5c447c466,5.700
172,100,450d08d8f2615698b528eb43d28785a6ed76ce5a8de68e09eef9c0e564477766,5.733
173,100,241ec878bb3b56b8b529bb43ca8784be6d7ec65ac4e64e096e7c406536473326,5.767
174,100,845a4938bbbb7afc1d212d536a16969e256c7248e6a70709367cf87592439bb6,5.800
175,100,e55a4db8dbdb6af415a135536806d28e256c7368f2b58329bf34f835814389b6,5.833
176,100,a5380db048ebacb415a3b5437806d2ae952c3b797291e3a9ff34ec31c953ccb6,5.867
177,100,b5388ef34a63b6b1d5a395423b0ed3ac95ac19397291e1ad7fb46c1169536492,5.900
178,100,8472aaf39b63d391c9c31d46b92edbbcd5bc0d3930d161ac6f942613645366d2,5.933
179,100,d4f2abe35b27d99189cb1d06a92cebbcd5bc8d1938d131ec27d42613245336d2,5.967
180,100,c5f2ada74d0649858d6f1d26adace8fcd4b98d1938d131fca75a9611b41332d2,6.000
181,100,c7d28da70d8ceccc8da61e963cbc68dcd6b995019a51b3fca35a9311b013b25b,6.033
182,100,e7e285a78d8cf4cc9d2e9a9634bc7958c6b987019a5393fca35ad31190139a5b,6.067
183,100,c7e6cda4ad0cf0dc9f3e1a1e3438e958c2a1c7439a5393fcf35a530118339a5b,6.100
184,100,e7e6ccac985cda599b3a1b1c3ca9e978c2a1c743984353fcf35a43011833da6b,6.133
185,100,6fa44cac185c5a59db3b9b1c3ca9e978c3e1c943986359fef15a29011833cb6b,6.167
186,100,9fa4dc9c99585a79cb3b8b1834e9e170c3e1cd43996359feb19a290118334f6b,6.200
187,100,9e949c1999595b79c933abd434e9e550c343c943996a39feb19a28911c334f6b,6.233
188,100,8c918d59b95b63b3a79322f474e1e542c3c3cd4b186e399eb59aa0911c334f6b,6.267
189,100,8883c569f36363a3a7d632e474e1e542cb8b9d4b186e379eb59e22111c334e6e,6.300
190,100,008d716973e367a7a74632e4746ccb42ca8b9c4b38fe379eb71e22111c334e6e,6.333
191,100,30ad756a62324736ad5678eccd69cb1b5aab185a38bcb79ca71820117c734e6e,6.367
192,100,586de9724a368d1eb85c58e98d5b8a1b18a939fe32bcb79ca710603178734e6e,6.400
193,100,cb5bcb525f97b95cb0ccd1a9891b1a9b31a931f667b4a794a611e02178634a6e,6.433
194,100,876346123cbc29dc74ad95a92e1372bb71abe3f6e6b487328e51c0e1c8635a4e,6.467
195,100,a77236b6b5ac20ccd4a927232e1676abe5b6e7f6c6b48c128c41d8e1d8435b4e,6.500
196,100,749674aca1cc46c9d7ab2f136a16d7a9e576ced48e3c8c529841d8e1594a5b4e,6.533
197,100,7494b1adcbc946a39e236a53cab6c7e98f560ed41c3c385218c1d1c1dbca5bce,6.567
198,100,e09c2b8d1ec99c23aa734a5686be8de90fd43cd43c78785372c193c1d3cad2ce,6.600
199,100,229d3ec91cc3b823aa7352d615ac3d4c7ad470b4f17af053c389838393ced2de,6.633
200,100,5a897449b4d3a86342f296962d0c7b4472d4e1bce17bc2d38789870b975e96de,6.667
201,100,54c9f04ba0d74ae356d29596eb0deb44d194c1f8835386938e09be0f965e96de,6.700
202,100,f4cba0c32af75ae397d2a71ceb0dc244c59401780b5306973e093e0fb61e36fe,6.733
203,100,a0cb22d74ae656e3b596ab1cca0d468405b40f6a1f533e953c09fc0f36de34fa,6.767
204,100,2acb4ac65ee6947aad144a1c5a0d15841d243f533ed37c15f809f05fb4fe34f8,6.800
205,100,53c35e66fe66bd5a29144a1d520d15043d24fa53fe936035e00be05f64fe65f8,6.833
206,100,5342dc66bc66a95a4a1c529d9508bd44ff44fa53f093e039c07b20db24fe67f8,6.867
207,100,d546b866a87b69585a7cd689b50aed44fb40fad360b740a9007b00da25fe6ff8,6.900
208,100,b066a876687b4978d27cd489a54ee944ea73f2d340b541e900fb04da25fe2ff8,6.933
209,100,a866687c45385b78d62ca509a9466b7442f3029345bd05e905db25da6ff66ff8,6.967
210,100,093455b85518971cb48dad0f2b464a7552b3049345a905e904db2fde6ff66ff9,7.000
211,100,49bc55989718b244ac8d2b074a045af356b344b30d282f696cda6f966fb66fb9,7.033
212,100,cb998d18ba14a2c42a854b075a8656a3749365b38d686f496cda6e966fb66eb9,7.067
213,100,8a99ad19aa0528854ba35b4252a794a3a4b36d22a9686f5b6cda6eb66fb66ea9,7.100
214,100,8499b409628548a75b23d24296a1b4a3a5bb6d682b486edb6cda6eb66fae6ea9,7.133
215,100,b4c3504740e75da3d0339452b4a3a593edbb29482a486ed26a926ab67fee6aab,7.167
216,100,654650674da79533b452a4d02db12d9b49396b586ad84e924ab64ab47fee6aab,7.200
217,100,61668aa7a933b073a4d22df869b949194a7c5a5c52dc4c924eb459ac57ee4eab,7.233
218,100,ea64aab1a93324726cd46db949995b18d25c52dc569c54965db4552c57ee54ab,7.267
219,100,4ebc4ab921326e90499c49a9db19d21c96cc96dcb4b695b655ac956c376ee48b,7.300
220,100,56b943b844584a9cdb8cd3a9921cb69cb6cc248ca5b6ad369d2ca56caf6ea58b,7.333
221,100,77b9539245d8da8cdb8c93abb69eb4ec24cc259c2da7a926192c236c2f4ba90b,7.367
222,100,53b957d294cc9a8c9349b6af36de24ec2cc46d86692759265b6c6b4c6f4b090b,7.400
223,100,17a3b5d6adccb28c354b26af64d66dcc4d8449274b275b665b6c4a4c4acb491b,7.433
224,100,e5432cc6298d242d654b6ca74df649cec984db27d3669366f24ddaccd4cb9013,7.467
225,100,e1434996518d6c6d4d4b48a7c9e6994e9b8493679266b646b6c99edcb5db9013,7.500
226,100,c546d994d30dcaedc84399ae9b46b34c32253667266e66ce64c9b49c2d9b2673,7.533
227,100,b546a31cc649daedb0c6356e3354664c66a5644e6cce4cdecd9969986b926473,7.567
228,100,a546a23ca44912ed31c6356e66d4665ce4adcccacccedd9e899969b9db324863,7.600
229,100,6d5e463da4c9328d63c6654ee694cc9cccedccce998e99961919d3319332d863,7.633
230,100,ca5c4ead29c9b18fc3d6cd4ecc849c9899ed99d6399e331673190331b636b047,7.667
231,100,929c9ca969dba78e93969d4e18a539983b8d339673be6330e6336631666620c7,7.700
232,100,2698f5a9535b670e9796195c38a5313873896316e73ec670c673ce61cce664c6,7.733
233,100,6cb96569975a4d1e24b67158622de372e689c716ce7a8c701cf39ce199e68986,7.767
234,100,d9b14d492612dd5e6966e4d8c22dc7728ebb9c361e7a1ce078f338e139c6218e,7.800
235,100,92e1dd4b6cb6b85edb6c44d086a91e721c3b3c7638ea31c0f1e371c173ce430e,7.833
236,100,36e19b5bd9b6625e166c89900ea93c72383b707670dbe1c0e3c3c389c78e571e,7.867
237,100,c5e3321391768ad4654c2bb478a978c6e06be1e6e1d3c7828787878b8f1ed43e,7.900
238,100,bdc3d613a3661abcad5c6ab5f109eac6c5ea83e4079b0f060e071f0b3a1c947e,7.933
239,100,714384b30e6677bcab5c5625ab4b438605ca0fc41f323e163c0ffc1bf83cb47c,7.967
240,100,e25339b25ecca73c5b1c84650a4b17a6afd21eac3d12fa14f00ff81bf03ce178,8.000
241,100,82137526bccc2b34d6bca9695a93bd2c6ad2fcacf852f035e00fe07ba0f881f8,8.033
242,100,a607eb466c9c5e34a4bc6bcbf6932b2c5a97f52cea56c0bd801e80f12bf807d0,8.067
243,100,af07aa5678ac9e3429fc5acba4b17a4cb6b7e96cc2f6802d805e02f10bf82fd0,8.100
244,100,8e47ea96dc2cbcb46bcc9283ed3d7a4db4b3eb5cc2b6202d005e02f10bf82fd0,8.133
245,100,0a43f0b4b46c2db44acdb6a3e93d72cfa5b3ca5cc2b7216d027e02f10bf82fd0,8.167
246,100,52d7e1b4b47c49f452cda4a3683df28769bbc2dc00b7096c02be02a11ff07ff4,8.200
247,100,70b6a92c3c764bf496892d215a6df4a74939d2de04a7016c02be57a11ff05ff4,8.233
248,100,6136b94e0a765bdcb6836929524df4a3cb39d2be44a5007c02b652e157f85ff4,8.267
249,100,6916bf4ee976dad4b4a32d295a4df4a3e958d2b644a5004c40be50e157f857f4,8.300
250,100,2d0db70369765ad6b6932d295a4db4a37908f296e4a7c04d40bf50ad52f857f4,8.333
251,100,0d0d970b2d124a569692ad2c0a4f3e937f487e96f4a5e00fd03f50ad50fc57fc,8.367
252,100,058d930b2d124a569692ad0c0a4f1e933f487e96fea5f90ff01f502d50fc57fc,8.400
253,100,0589970b2d125a5697922d2c0a431e933f487e92feadf90ff01f502d50fcd5fc,8.433
254,100,d509970b2c125a568792290c1a433e937f587e92fc29f80ff03fd02d94fc95fc,8.467
255,100,d109b41b6c585a56a5b0294c1a533c917f587e92fc29f80ef03fd02d94fc95fc,8.500
256,100,d1c9b5816c4c96d6a5b0094c12d30d915f587e92fd29f80ef01fd02d94fcb5fc,8.533
257,100,91c9a5034c4c96d2a5bc0b4c12d30d915f587e927f29780ef01f942db4feb5fc,8.567
258,100,910325215c4e9592a52c434e16b30dd95f507e927f09780ef43fb429b4feb5fc,8.600
259,100,81836d21d64ea5b22d0c424e14b30f595fd07eb27f09781ef43fa029a4feb5f8,8.633
260,100,a1b369259646a5a6694c924604b30b581e967ea37f0bf81ef43fa029a4feadf8,8.667
261,100,a1b3480db686ad246b4c82c705b30b581e967fa37f4af81ef43fa029a47e2df8,8.700
262,100,4b21984fa587692c4b4c06a60db31b58be96fda3fe4af01ee03f206929fe6978,8.733
263,100,8aa1b48f25874b0d125a04a609e31658bfa6fd23fe5af01ee03f407b69fa6b78,8.767
264,100,92a3b4cf24274b2d165a0ca64b6336d0fd26fd27f61af016c03f407b49fa4b78,8.800
265,100,1da3a4996d875a2f165a0c0e5b6636986d06fd27b41ee016c03f407b4bfadb78,8.833
266,100,9d2024b969a7922f36984c9e9b667e98ed04f827741e6036807ec05bd3fad3f8,8.867
267,100,bf6025b84927926d249858be9b4efe99ed24f82f641e4036007e82db93fa93f8,8.900
268,100,977165b84927926d2498583e9b66fe99ed24f827641e6036807e80db93fa93f8,8.933
269,100,9330249829a7d32d369a0c2e1b63169c6d067f27fe16e416c03f405bdbfadb78,8.967
270,100,8834b4ce2ca75b4d964e2526096f02cc27a63fa7be42fc16f83f486b487e4b78,9.000
271,100,c03c94e7a4a7694dfb4ea4a6e00f824e87b607a31fc23e96fc07e80b687e6978,9.033
272,100,4a6452339487294f4bceb6b3f10fe046c2b681f303c20fc61f03bf0fad1ead7c,9.067
273,100,6a275a13d40f856f09ee1a933d257806f2f3d0f2e1e2c3c20783970fb70eb53c,9.100
274,100,2b134a13542fa56f099b1b831d273d5278f370faf162e3c2c383878f978ed42c,9.133
275,100,2b534a0754afd4ae89da4fa517863d52385b787c3162f1c3c3c1d38d578e568c,9.167
276,100,a1432aa55ea7d4aee5cac2a4c7c28d5a8e5a1e3c1c7239e378e171e553ae538c,9.200
277,100,c14bab250a27768f744862c4c3e2c75b8f5a8e1e9c321c6b38e138e57bee4b8e,9.233
278,100,710ba1238a973207346b32f460f3730bc71bc71ece32cc6b3cf138e138eeea8e,9.267
279,100,540b1583e9938a87162b30d738f331c3714be31fc732c67b8e790c61b8eeeac6,9.300
280,100,1f091469e985ea97870f9a8738f630d3314b738f6396473b2e790e613ee628c6,9.333
281,100,4b1c3448b568ea95c30f870fbab438f73143718b6396473b26792e713ee62ac6,9.367
282,100,cab4565cb548eb14c3258f0f2aa538e531c2334f6396c73a667b2e712ae62ae6,9.400
283,100,0ab456bcbd58e958d3a48f1a0aad18a531e223c76316e712e6732ef16ae66ae6,9.433
284,100,4ab316b6b5fa6958d1a48f1a0e1d18a5316463c56316e716e7736ae16ae66aa6,9.467
285,100,6ad3162735b269d8d1e0875a8e191cad396473c16395e716a7326af17ae652a6,9.500
286,100,e8d312a335277adbd1e185528e1a1e2d396473c1639de716a71262f172e652ae,9.533
287,100,6bd3528595277ad3d1f1a1428e1a9e3d196879d1639de316a712627172e352ae,9.567
288,100,e9d9d295a5275a93d1e1e1428e1a9e391d6878d1739de31ea712623172e352ae,9.600
289,100,ebd9d285a5275a9350f3e1c28e5a9e391d6878d1738de31ea312623172e352ae,9.633
290,100,4ad8929d2d2f5893f1a3e1428a139e39396871d1f3ade71e6612627152e357ae,9.667
291,100,da98929d292f5893f1a3c1429a131d3939787191e3ade71e6612e261d2e3d7ae,9.700
292,100,d29ca195292d50b2f1a3c3429e131d3b39783191e3adc71e6632e261d2e7d7ae,9.733
293,100,929ca7905a4d3836e1a3c3421eb33c3b387831b1e729c61c4e36c261d7e7d7ae,9.767
294,100,92dc25b05a4df83ee1a783470796383b7a7a71a1a7290e1c4e36c661c7e3a5ae,9.800
295,100,b2de2d305b8df01ce1ae834d1f96393370fa63f067290e1c5e36466187e3a52e,9.833
296,100,b0ca2d325f11f29ce12c830d1f86793370fa63d267290e3d1c341e638fe3ad6e,9.867
297,100,b0db2d721f31b09ce13c83693f84792770fa63d247294e395c341e630f632d6e,9.900
298,100,b2c325f21f33b699e1bc83690f047b2770f2e39247296e397c341e630f630d4e,9.933
299,100,b24b20de1b23b699e1fc83690f0c3b27f0fbe39247236e397c3414730f630d4e,9.967
300,100,b26d60de1b62b499e0bc83680f8c3b25f0fae3b6c72b6e397c3414710e634d4e,10.000
301,100,b269419e1b623499e0bc83f80f9c3b25f0fae3b2c7236e39707494711e634f4e,10.033
302,100,b2f9419e1b623491e0b083f80f9c3a2df0fae3b0c7236e39f07c94711e435f4e,10.067
303,100,b299419a1a623491e1b883f80f9c3a2df0f2e3b0c76bee39f074b4711e435f4e,10.100
304,100,269949ba3a627491a1b007f83f1c722de0f2c7b0c66bce79f074b4e11e435f4e,10.133
305,100,26990bba32e2749307b007f87f1c722de1f2c7b0ce4bcc79c0f4b4e13c435a5e,10.167
306,100,269949ba3ae27493a1b007f83f98722de0f2c7b0c64bce79e074b4e13c435e5e,10.200
307,100,b6c941981be63c93e19007fa0f983a0cf0fae3b0c70bce39e07cb4f11e435f4e,10.233
308,100,b64545991bc63883e99207fa0f9a3a0c70fae3b2c702ce3be07ca4f13e435e5e,10.267
309,100,b24645990bc63ac3f99283f20f9a3b0c70dae3b2c782ce3be07ca4f03cc35e5e,10.300
310,100,b24625890b863ac7f99283e20f9a3b0c70fae3b2c786ce1be07ca4f0bcc35e5e,10.333
311,100,9b0664898b8e3ac7f99381e20fda3b0c30cee1b2c786ce1be07ca4f0bec31e5e,10.367
312,100,9b06e405c98e1a47f997a1e605da1b0c30cfe1b6c786ce1be03ca4f0bec35e5e,10.400
313,100,9966b405c98c1a66f907e1e605da1b8c380fe1b6c386cf1be23ca4f0bce39e5e,10.433
314,100,9966b605c98c1a667987f0e605da1b8c380fe1b6c386c71be43ca4f0bce39e5e,10.467
315,100,9926b405c98c1a667987f0e681da1b8c3a0fe1b6e386479be43cb4f09ee31e5e,10.500
316,100,c926b605498c9b663c87f8a6c1da0f841a0f7096e3a6679b763cb47096e35f4e,10.533
317,100,4d269b05618cc9660c8778a7e0fa8d849f073896f1e663db763c367096734f4e,10.567
318,100,69269b256085c9660c871c07f0eacdc48f27b896f1e663cb333c3632d6734f6e,10.600
319,100,6c068b25240d69260d072c077863e5c68f279c9ef9e673cb33bc3630d6734f6e,10.633
320,100,24064b25340d692687070c077863e5c6cf269c9eb9f673eb33bc363456734f6e,10.667
321,100,340e4b25320d6926c7070c077873e4c4cfa69c96b8f671eb3bbc163652734f6e,10.700
322,100,b41e4935160d6924c30704077c73e4c6cda68c9eb8f679eb3b9c1e3652724f6e,10.733
323,100,bc1ecd30920d692ce10705873c3364c4c5a6ce0e98f679eb3b9e1e3652726f6e,10.767
324,100,bc1ced30da0d2d2ce90585870c2364c4e5a5ce0e9cf639e3399e1e365a726f6e,10.800
325,100,be0c6d30dacc2d24610785870c3324e4e5a7c60e1cf639eb399e1e365b726f6e,10.833
326,100,be0e6d30dbcc2d24e10785870c3324e465a7c60e1cf639eb199e1e165b726f6e,10.867
327,100,be0e6d319b0c2d24e10785870c3324e665a7c64e1cf639eb199e1e165b726f6e,10.900
328,100,b406c9219e0c2d24e50784871c3b24e6e5a7c65e1cf639eb199e1e365b726f6e,10.933
329,100,bd06c921960c2d26e50704071c3b64e6e5a7ced61cf639ea199e1e325b726f6e,10.967
330,100,b506c921960c6d24e70705071c3b64e6e1a7ced61cf639ea199e1e345b726f6e,11.000
331,100,bc1ecb39968c6924e10705073c7b64c4c1a7cc1e18f639eb399e1e3652726f6e,11.033
332,100,bc5ecb389699792ce9050d051c3b64c4c5a5cc8e18f679eb399c1e34d2724f6e,11.067
333,100,34dad9389699793ce90c0d05183964ccc9258c0f98f6f9eb399c1e34d6f24f6e,11.100
334,100,34d8c97a96993998f3780705183964d8c125cc0d9c96f9cb399c3c3cd6f24f7e,11.133
335,100,24d96cf296d93498f17887991a397459c1258c0d9c9469c3299c3cbcd6f2cf7e,11.167
336,100,06e368f296f334d9f078a5991e3174594161ce098c94f9c1699c38bc96f2cf7e,11.200
337,100,02e368e786f334d9f078e6d9163134596171ce098c94c9c1699c38bc96f2df7e,11.233
338,100,92e568e7c2633493f07be4d9163134596171c6098c1cd9c1699c38bc96f2df7e,11.267
339,100,936568e7c26324d370fbe4d9171134596171c6098c1dc8c1699d38bc96f2df7e,11.300
340,100,936568c7ca6724d3707bf4d99711345b6171c6098c1dc8c1699d38bc94b2df5e,11.333
341,100,936568c7ca6724d3307bf4d99711361b6179c609cc1d68c1299d38bc94b2df5e,11.367
342,100,9b257cc7ca6724c3307bf4da9701361b6171c609cc1d68c1299d3cbc94b2df5e,11.400
343,100,9b257c87ea6724c3327bf4da9701361b7171c609cc1568c1299d1cbc96b0df5e,11.433
344,100,9b257c07ea6724c33a7bf4db9301361b7131e709cc1568c129dd1cbc96b05b5e,11.467
345,100,93257c07ea6724c33a7bf4db9301361b7171e709cc1568c129dd1cbc96b05b5e,11.500
346,100,93657807ea6724c3327bf4da9703361b7171c609cc1568c129dd1cbc96b0df5e,11.533
347,100,93656827ea6334d3327bf4db9701361b7161c609cc1568c129dd1cbc96b0df5e,11.567
348,100,f3e56827e26334d3327bf4db931136197161c609cc1578c1299d1cbc96b25b5e,11.600
349,100,f3e56867e26334d3327be4d993113e196161c609cc1578c1299d1cbc96b25b7e,11.633
350,100,f6e56867e26334d3307be4d997113e196161c609cc1578c1299d1cbc96b25b7e,11.667
351,100,b6e56867e26334d330fbe4d9961334196169c609cc1578c1299d1cbc96b2df5e,11.700
352,100,b6c56867e66334d330fbe4d9963134196169c609cc1578c1299c3cbc96b2df5e,11.733
353,100,b6c5686786e334d330fbe4d9963134196169c609cc1578c3299c3cbc96b2df5e,11.767
354,100,b6c5686786e334d330fbe4d9963134196169c609cc1578c3299c3cbc96b2df5e,11.800
355,100,b6c56867e26334d330fbe4d9961134196169c609cc1578c3299d3cbc96b2df5e,11.833
356,100,f6c56867e26334d3307be4d9971336196161c609cc1578c1299d1cbc96b2df5e,11.867
357,100,b3c57827ee6324c3327be4da9703361b7161c609cc1578c1299d1cbc96b0df5e,11.900
358,100,9b057c46ea6724c3327bf4da9303361b7171e609cc1578c1299d1cbc96b0df5e,11.933
359,100,9b457dc6eb67a4833a6bf4ca9303361b7171e609cc1578c129cd1c9c94b0db5e,11.967
360,100,93457d84eb67a4c33a63f4ca9307361b7161e709cc1578c129c93cbc94b0df5e,12.000
361,100,9b457d84fb67a6c33a63f4ca9307361b7161e709cc1578c128c91c9c94b0df5e,12.033
362,100,9b457d84fb67a6c33a63f4ca9307361b3361e709cc1578c128c91c9c94b0df5e,12.067
363,100,93c57d84fb67a4c33a63f4ca9307361b3371e709cc1578c128cd1c9c94b05f5e,12.100
364,100,93c57dc6eb67a4c33a6b74ca93033e1b3171e709cc1578c128cd1c9c94b05f5e,12.133
365,100,93c57f66eb67a4c33a7b74ca93033e1b3161e709cc1578c1288d1c9c96b05b5e,12.167
366,100,93c57f66eb67a4c33a7b34ca93033e1b3171e709cc1578c1288d1c9c96b05b5e,12.200
367,100,93c57f66eb67a4c33a7b34ca93033e1b3171e709c41578c128cd1c9c96b05b5e,12.233
368,100,9bc57f66eb67a6c31a6b34ca93031e1b3371e709c41578c128cd1c9c96b05b5e,12.267
369,100,9bc57de4fb67a6c31a6b34ca93031e1b3371e709c415784128cd1c9c96b05f5e,12.300
370,100,dbc13da4fb67a6c31a6334ca93071e1b3371e709c615784128cd1c9c16b95f5e,12.333
371,100,dbc03fe4fb67a6c31a6334ca93071e1b3371e309c615784128cd1c9c16b95f5e,12.367
372,100,dbe03fc4fb66a6c31a6330ea83a71e5b3371e309c615784128cd1c9c16995f5e,12.400
373,100,dbe03f84fb66a6c31a6330ea83a71e1b3371e309c6157c4128cd1c9c1e995f5e,12.433
374,100,dbe03f84eb66a6c31a6230ea83a79e5b3a71f309c6057c4128cd1c9c1e995f5e,12.467
375,100,dbe03f84eb66a6c31a6232ea83a79e1b3b71f309c6057c4128cd1c1c1e995f5e,12.500
376,100,cbe03fc46b66e6c21a6232eec3a79e1b3b71f309c6057c4128cd1c1c1e195f5e,12.533
377,100,cbe03fc46b66e6c21a6232eac3a79e5b3b71f309c6057c4128cd0c1c1e197f5e,12.567
378,100,c3e80fc46b66e7c21a6232eac3a79e5b3b71f309c6057c4128cd8c1c1e197f5e,12.600
379,100,c3880fc46b66e7c29a6232eec3e79e5b1bf1f309c6057c4128cd8c1c16197f5e,12.633
380,100,c18807cc6966e7c2df663aeac3e79a5b1bf1f309c6057c4128c98c1c16197f5e,12.667
381,100,c19805cc6926e7c2df663aeac3e79a5b9bf1b309c6057c412cc98c1c96195f5e,12.700
382,100,c11c81cc6926e7c2cfe67aeac1e69b5b9af0b309c6057c41acc98c1c9e195f5e,12.733
383,100,419c81cc6926e3c6cfe67aeac1e68b5b9af0b309c7057e41acc98c1c9e195b5e,12.767
384,100,419c81cc6926e3c6cfe67aeec1e68b5b9af0b309c7057641acc98c1c9e195b5e,12.800
385,100,c19c81cc6926e3c6cfe67aeec1e68b5b9bf0b309c7055641acc98c1c96195b5e,12.833
386,100,c19881cc6926e3c6cfe67aeec1e68b5b9bf2b349c70556412cc98c1c96195b5e,12.867
387,100,c19981cc6926e3c6cfe67aeec1e68b5b9bf0b309c7055641acc98c1c96195b5e,12.900
388,100,419901cc6926e3c6cfe67aeee1e68a5b9bf03309e7055e41acc98c1c96195f5e,12.933
389,100,419d01cc6926e3c2cfe67ae6e1e6825b9bf03309e7057e41acc98e1c96196f5e,12.967
390,100,419d81cc6926e1c6cfe67ae6e1e6c25b9af03349e7057641acc98c1c96196f5e,13.000
391,100,419dc0cc6926e1c4cfe67eee61e6c25b9af23349e7057641acc98c1c96194f5e,13.033
392,100,419dc0cc6926e1c4efe67ee661e6c25b9af21369e3057641ac498e1cd6194f5e,13.067
393,100,419dc0cc2926f1c4efe67ee661e6c25b9af21369e3057641ac49861cde194f5e,13.100
394,100,419dc0cc29a671c6efe67e6661e6c35b98f21369e3057641ac49861cda196f5e,13.133
395,100,419dc0cc29a671c6efe67ee661e6c25b98f21369e3057641ac49861cda196f5e,13.167
396,100,419d80cc6926f1c6efe67ee661e6c25b98f21369e3057641ac49861cde194f5e,13.200
397,100,c19d00cc6926f1c6cfe67ee661e6c25b9bf03349e7057641ac49861cd6195b5e,13.233
398,100,c199018c6966e5c0df627ee6e1e6825b9bf03349e7057e41accd8e1c96194f5e,13.267
399,100,c199018c6966e7c0df6272e6c1e7825b99f1b309e7057e41accd8e1c96195f5e,13.300
400,100,c1d9098c6966e7c0df6270e6c3e7925b99f1b309e6057c41accd8c1c96195f5e,13.333
401,100,c1d9098c6b66e7c0df6270e6c3e7925b9bf1b309c6057c412ccd8c1c96195f5e,13.367
402,100,c1d9098c6b66e7c6db6270e6c3e6925b9bf1b309c6057c412ccd8c1c96195f5e,13.400
403,100,c1d9018c6966e5c6db6674e6c3e6925b9bf1b349c6057e412ccd8c1c96195b5e,13.433
404,100,c1d9018c6966e5c4df667ce6c1e6925b9bf0b349c705f6412ccd8c1c96195b5e,13.467
405,100,c1d9018c6966e5c4df667ce6c1e6825b9bf2b349c705f641acc98c1c96195b5e,13.500
406,100,c1d9018c6966e5c4df667ce6e1e6825b99f2b349c705f641acc98c1c96195b5e,13.533
407,100,c1d941cc6926e5c4df667ce6c1e6825b99f2b349c705f641acc98c1c96195b5e,13.567
408,100,c1d9418c6926e5c4df667ce6c1e682db9bf2b349c705f641a8c98c1c96195b5e,13.600
409,100,c159018c692ce5c6dfe67ce6c1e682db9bf2b349c705f64128c98c1d96195b5e,13.633
410,100,c119818c492ce5c6dbe67ce6c1e692db9bf2b349c705f64128c98c1d96195f5e,13.667
411,100,c119849c492ce5c4dbe67ceec1e692d39bf2b349c705f64128c98c1d96195f5e,13.700
412,100,c11b849d492ce5c4cbe67ceec1e692d39bf2b361c705d64128c98c1d96195f5e,13.733
413,100,c11b849d4b2ce1c4cba67ceee1e692e71bf2b361c705d64128c98c1d96195f5e,13.767
414,100,c01b8099492ce1c6eba67eeee1e683e69af2b361e705d64128c98c9d96195f5e,13.800
415,100,c01b8099492ce1c6efa67eeee1e683e69af2b361e705d64128c98c1d96195f5e,13.833
416,100,c01b8499492ce1c6eda47e6ee1e683e69af2b361e705f64128c98c9d96195f5e,13.867
417,100,c01b8099492ce1c6eda47e6ee1e6c3e69ef2b361e701f64128c98c9d96195f5e,13.900
418,100,c01b8099492ce1c7eda47e6e61e6c3e69ef2b361e701f64128c98c9d96195f5e,13.933
419,100,601b8699492ce107e1845f6ee1e6c3e69ef6b361e701d64338c98c9d96195f5e,13.967
420,100,64368799091de307e9855b6ee1e6c3e61ff633618701c64378c91c9d9499d75a,14.000
421,100,64f687930d1dcb07c1851b6ec9e683e61ff63363a703864370c91c8db4b1d75a,14.033
422,100,64d687b31d19cb27c9851b6fc9e683a63ff63362a6038647e0cb188d34b1975a,14.067
423,100,6dd687331c19db2789851a6fc9ee83a63ff6336226038c47e0cb389d34b1965a,14.100
424,100,6dd687331819da6709851a6fcbec9fa63ff6734226038c47e0cb388c3cb1b45a,14.133
425,100,6dd60773383992670f851a6fcbec9f263d96774226038c47e0c9719c28b1f55a,14.167
426,100,6d960f73383192650f05ba6c9bec9f267d9e67432e130c47c0c971bc68b1d55a,14.200
427,100,6d160c7338b192651f05ba6c9bcc1f267d9ee7426e131c47c0c9f1bc68b1d55a,14.233
428,100,cd160c6378b1b2251b05b26d9bcc1f2e7cfee6466c131c47c3c9e1bc68b1555a,14.267
429,100,c9160ce378b1f2251b01b26d93cc1f267c7ee7c64c171c4787c9e1bd68b1555a,14.300
430,100,c91e0ce67ca3f2271f013269b2ec1f067c7ee7c64c170c4687c9e19d60b1f55a,14.333
431,100,c91ecce61db3f2371f233a69b2ec9b063c1e63c646170c4686c9e18d68b1f55a,14.367
432,100,c91eccce1db272368f233e29baec9b073f1671c666060c46c2c9e98d68b1f55a,14.400
433,100,c956cccec8f27a364f231f213e6d9b07bf0671c666164c06c0cba98d68b1f55a,14.433
434,100,8956ecdec0f2789667231f211e69db079f0639c66616c606f2c3a98d68b1f55a,14.467
435,100,0356cd9ef0d27896e1231ea11e69db879f0e39c67606c606f0c3a98d78b1f55a,14.500
436,100,83728f9ef0d3489661370ee31e69db059f0638c67206c606f6c3a9cd78b1f55a,14.533
437,100,a3720f3cb4d14896e03fcce31e69db219f1338c67206c606b6e3e9cd58b1f552,14.567
438,100,f25a0f3cb7d18996e19ec0e33e695b219f133dc67206c606a6c3e1cd50b1f552,14.600
439,100,f25e0e1c36f99991c39ec1a33ee97b219f1bbdc27206c606a6c3c1cd51a1e552,14.633
440,100,f352da5c36581e99039cc1eb04ed7869df19bfd03056ee16264353cdd1a9a552,14.667
441,100,13d3cb467e4c3e19131cc3f984ed586dd7199fd839d0ee06264352cdd169a552,14.700
442,100,51b3c9e3cd667c651f1c4bfcc1ed486d43098f9939f07b06260772cdd129a552,14.733
443,100,36b9c9f3c9e76ce33e161b3cc1e0ccec432dc3991df81b06a607324dd129b552,14.767
444,100,368d9ab9c0f32cf33e028b16e9f2ece4f12f638d9cf81b06a706b34d5029b552,14.800
445,100,37cd9b99f85b647336d38f160dd2e4e4f827718d8c780986a786bbc550299552,14.833
446,100,13cd938df98cfc79167387169dd264767823798dc43c09c6a3c6bbe558219552,14.867
447,100,3764938ddbccfc39167387168fd22672782379c9c43989c6a3c6b3e55821b552,14.900
448,100,356793c5dbccfcb936e3831787da2630582338ebe439c896a3c6a3e55029b552,14.933
449,100,256793c7d9ccfcb93661831785dae630586338ebf439c896a3c6a3e1d029b552,14.967
450,100,256393c7dbcc7cb93665831385dae732586338abf439c89683c6a3e1d129b552,15.000
451,100,253393c7dbcc7ce93e658a1785daef30546330abec19c896a3c643e1d529a552,15.033
452,100,2b3393cefbccdce93a6582970dd0ee30556374abe85888a4a3d657e195492d52,15.067
453,100,073393cedb9cf4e92a6586970f54ee32556274a9e85888a52bd657e1b5492956,15.100
454,100,0533b3ced198f4e92a25849f0b94fc32157275a9f8588aa52bd657e9b5496956,15.133
455,100,053382ced198f5e97aa5049f0ab4ee331572752bf8588aa54bd457cbb5496956,15.167
456,100,4d33028ed198f1e976a5141e4ab4ae319572756bf858aaa54b96d7cba5496956,15.200
457,100,4d330286f59af1e976e5144e4ab4ae341572756bf858aaa54b9497cba54b6856,15.233
458,100,4d334286b59af1c976ef144e4ab4ae359572756bf858aaa54a9495cba54b4856,15.267
459,100,4d334286959ae9c9f4cf144e4abcee349572756bf058aaa54ab495cba54b4a56,15.300
460,100,0c335aa7959ae1c8e4cf144e4abcaeb50c72757bf558aaa552b495cb254b4a56,15.333
461,100,ac334ab7959ae1c8f46f144e4abcaeb48872757bf558aaa542b495cba5494856,15.367
462,100,25334a97d19af9e876e794464a9caeb48832352b7d58a8a54a96d7e9a5496956,15.400
463,100,6533ea17d19b796836e19447ca9c2f9cc133152b5d58a8a56ad656e9b5492956,15.433
464,100,7731e317c19b7c683ee19447ead4239ce51295ab1d58cc25aad652e19549ad56,15.467
465,100,77b1e317e09b5c683fe19467e854239ce71294ab1d584e25a8d652e19569ad56,15.500
466,100,15b0a316e99b5ce93fe15663e854a39ce312d4ab1d584e27a8d672e19569a556,15.533
467,100,15b8e332e39b5cf91de15663ec44a39c6112d4ab1f584627a8d67ae1d569a552,15.567
468,100,15b8f332e19b7cb91de15263ec44a3cc2312d0bb9f584627ad56eae1d161b552,15.600
469,100,95b8f332e19b7cb91fe15263e44673cca112d2bb87584627bd56aae151619552,15.633
470,100,86d8f31271db7cb99ee14a63f5467bcca112dabb875842073556bae159219552,15.667
471,100,86d8f33271db7c899eb1ca63b5467bcc31525abb875822177456b8f159219552,15.700
472,100,86f8f39271da3cc98eb1ca23b566fbcc31527a9bd7d822177456b87049219552,15.733
473,100,86d8fb9271cb3ec98eb1cb233566fbcc31527a9bd7c8a2171456b8704921d552,15.767
474,100,86d8fb9271cb3ea98eb1cb233766fbcc31925a9bd7c8a217345638704921d552,15.800
475,100,86d87b9270cb3ea98eb1eb233746fbcc51935a9bd7c8a21734d638704921d552,15.833
476,100,86d8739274cbbea9ceb1e9233746fbcc51136a89d7c8a21734d679704921d552,15.867
477,100,82d8719234cbbe29ceb3e9233746fbcc51937a89d7c8a21734f659704921d556,15.900
478,100,8ad9719230cb3e29ceb3e9233744e9cc519b7a89d7c8a21734f679714921d556,15.933
479,100,8ad9719334cbbe29ce3761233744e9cc519b3a89d7c8a21734f679616921d556,15.967
480,100,cad9719334499e3dcb3361233744e9cc519b2a89d7e8a21734f679696921d556,16.000
481,100,cad9799330499ebdcb3361333744e9cc519b0e89c7e8a21734f679694921d556,16.033
482,100,c6d87192304b1ebdce33a5337746e9cc519b1c89c7e8a21734f679694921d556,16.067
483,100,c6d87193324b3eadce3385337746ebccd19b1c8bc6e8861734f6796949210556,16.100
484,100,c4d87392724b3ead0c7101737304efccd19b1c8bcee8863734f679e9c9212756,16.133
485,100,84d8e392e34b3ca95c714972ab04e7ccd19b348b8ee8863774b6f9e9c9612556,16.167
486,100,84fcc592e7cb3ca95d614172ab14e6ccd19b348b1ee88e376496f9e9c9610556,16.200
487,100,967ccd92e78b70a91d61ca72ab44e6ccc19a348b3ef88e352696f9e9c9610556,16.233
488,100,b67c0d92e78b708d1d619a728a44e6cce59a349b3ee89e350616f9e9c9651556,16.267
489,100,3cbc4d92e78bf0cd5960ba769a040e8ce59a319b3ee85e340616fbe9cb651554,16.300
490,100,7cbc4d9ac70be46b79e2b2661e8d2e1ce59b619b7c681c340706ebe9d2451554,16.333
491,100,e8bc099b970be479f3e6f2e63e8d2f1ec99a619bf0683c240706c3e992453554,16.367
492,100,e9b09b1b3e0ba8e9d3e624c47cad3b1e893ac39be2e8f4240d469fe982857554,16.400
493,100,c3b0bf1b7c0b0bc5a7c664c4f8adfa3e9b321f1be2c9e0647c463e892685c154,16.433
494,100,1330f61b74db1bc52fc6cd8ce03d52723b321c1b0fc9a8e5f54e3e896c859554,16.467
495,100,3732e41bd0db3f855d86d90c8039f6763372553b8fc90ae5d54eeea94c811554,16.500
496,100,3730601bc0db7f857d86d90c80e9c4f67272f53b1bc91ac5d55eeaa9cc891554,16.533
497,100,37306c1bc0db7f857d8e9908836984f67672f53a9b891ac5c55eeaa9cc891554,16.567
498,100,37b0641bc05b3f857dc6d948812984f67772f53a9b891ac5d55eeaa9cc891554,16.600
499,100,1fb06c1ac05b3b857dc659488129c4fe7372d53a9b991bc5d54eeaa9cc8d1554,16.633
500,100,1fb0ec1ac05b33857dc659489129c4fe3372553a9f890ac5d54eeea9ec8d155c,16.667
501,100,13b0ec1ae05bb3857fc65949c029d67e3372553a1fc98ac5f44e6ea96c85155c,16.700
502,100,83b0be1af41ba2851fc64dc9d82dd67e33325f1a0fc988e5f4466ea16c85955c,16.733
503,100,83b0bf1a7c1bd2a507c64dc5f92df25e11321f9bcfc9c86474463ea32685915c,16.767
504,100,c1fc979a3e1b58a187e624e57cadfa5e91320f9bcec9c8643c663ea12685c154,16.800
505,100,e9dc839a3e1b78a183e2a4e56cad3b5ed93a039beec9ec641d6617a10685c554,16.833
506,100,69dcc3da1e0b5aa1c3e2e4652ead1b5edc1a03db6ee9ec64172697a19285c554,16.867
507,100,68dcc3da1f0b5aa1c362a4652ead1b5edc9a01db6ee9fc64932697a19285e554,16.900
508,100,68dac3ca1e0b7ae1c362e42c0ead1b5efc9e01db6ee9fc64932697a18285e554,16.933
509,100,e0da874b1e0b5ae1c362a42d0aad1b5efc9e01db6ee9fc74132797a19285e554,16.967
510,100,e0d8834b1f0bebf1e362e4ad0bac1b5efc9a81cb6ee97c34812793a19285e554,17.000
511,100,70dac34b1f0be8f1f162b6ad0bac1f5a7c9a80cb6ee97d34812793b19205e554,17.033
512,100,78dcc34b8f0b69f1f170b68d0b8c0b567c9aa0cb36e97d34c123dbb1d205e554,17.067
513,100,78dec34b8f0b69b1f170b68c098c4f523e92e04b3ee92f34c133dbb9d225a554,17.100
514,100,3c4e734bc78b69b1f970b6ada0ac4d521e92f04f32e92f10c113dbf9d925a544,17.133
515,100,3e4e794fc78ba9f17970968ce08c61d21e92f04fb2eda710e113dbf959258544,17.167
516,100,1e6e794bc38b29b07930928ce48ce1529fd2b86f9aeda750e5936bb979258544,17.200
517,100,1f66796fe389acb05c30d38ca4ecc1538fd23c6f8b6ca7d0e0936bb869259544,17.233
518,100,9f6279ebe3990c305c30d3ccb48fc9d3cf521c2fcbeca7d0749369b829259144,17.267
519,100,8f6221abe3990c305cb5d3ccb43fcb53cfc20c2dfbe8a7d0749369b82d259146,17.300
520,100,1f62308be3990c305bb4f3ccb41ffbd243c28c2debf885d07c9369b82d25d546,17.333
521,100,0f63728bedd80c305ba4f3ccb41ffbd203c28c2debf885d07c9369bc0d259546,17.367
522,100,2fe36289edd81c30fb8ce3cc901bdbd207468c2debf8c5927c9369bc49259546,17.400
523,100,3ee36299cdb01c30f38ca6cc101bfbd2174e9c2debf8e5927c8369bc49259546,17.433
524,100,7cebe299edf01430f78ca6cc1813dbd2164e182dcbf8c512f8a35bbc49259556,17.467
525,100,7ce3c2998df03531f68d269c3037d3d2344e186d9bf88512e9a3dbfc59258554,17.500
526,100,fde3c2999bb07170a60d2e9c7036d7d63d4e786d9ed88d12c923dbe958250514,17.533
527,100,f5e2c69b9bb1f170a40d4f99703697d67d46706d3ed90d12c92393e9f8251414,17.567
528,100,f5c286bb1bb1f16055095d99f93687967d46f0e93ed90d12c92393e9b0657414,17.600
529,100,f5c6953b1bb1e16015495d19f1768786ed4ef0e93e991d528323b3e9b2617414,17.633
530,100,ddce153b3b71e1601549d939e1760f86cd5ee0e97e991956132326e9b261d514,17.667
531,100,85ce353b37f1c3411559d939e1f62f06dd5ee0d96e993956132326e9a261d114,17.700
532,100,9dce353b3671c3411559d939e1f62d06d95ec1d9eeb9b956122326e9a249d114,17.733
533,100,a9c61d3b76a1e34105599919f17e2d06dd56c1dbef99b956122326e9a269d154,17.767
534,100,e9ce153f36a1e36105499d19f1f60f06dd56c1cbee99b956132326e9a269d114,17.800
535,100,e9c615af36a5e3611559dd19f1760f06dd56c0cb6e999956132326e9e269d114,17.833
536,100,e9ce153f36a5e3611549dd19f1760f06dd46c1cb6e99b952132326e9e269d114,17.867
537,100,e9ce153f36a1e3611549dd19f1760f06dd46c1eb6e99b952132326e9e269d114,17.900
538,100,c9ce353b3771e3411549d939e9760f06dd4ec0f96eb99956122326e9e269d114,17.933
539,100,8d4e343b3761e3511559f179e1760f06dd5ec1f96e99b956122326e9e261d114,17.967
540,100,9d4a35397761e5511559f178e5660f06dd4ec1b97f99b952122326e9e269d114,18.000
541,100,d55a37397f71e1519519f938ed660f06d94ee0b97f999912122326e9e069d114,18.033
542,100,e54a3739bb70e1519d19f938a5660fc6dd4ee0b97f999912122326e9f069d114,18.067
543,100,d54a1739ff70e1519519f978a5660fc6dd4ee0b97f991912122326e9f069d114,18.100
544,100,f54a173dff60e1519519d978b1660fc6dd4ee0997f991912122326e9f269d114,18.133
545,100,f54e163df760e1519519d979b1660fc6dd4ee0997f99191212a326e9f261d114,18.167
546,100,f54a1739f760e5519519d978a5660fc6dd4ee0b97f99191212a326e9f261d114,18.200
547,100,f54a3639f370e159dd19f978a5660fc6dd4ee0b97f91191212a326e9e061d114,18.233
548,100,f55a3639f370e159dd19f978a5260f86d94ee0b97f90191312ab26e9f061d114,18.267
549,100,f54a3639f770e159dd19f978a5660f86d94ee0b97f90191312a326e9f061d114,18.300
550,100,f54e17397f70e159d519d978a5660fc6cd4ee0b97f98191312a326e9e061d114,18.333
551,100,f54e173f7f706151d519d939a1668fc6cd4ee0b96f98191212a326e9f261d114,18.367
552,100,ed4e162f3f706171d559d979b0760fc6cd4ee0b96f981912122326e9f269d114,18.400
553,100,edce162f37606171d559d979b0760fc6cd4ee0bb6f981912122326e9f269d114,18.433
554,100,edce142f3f606151d559d979b1768fc6cd4ee0ab6f981912122326e9e269f114,18.467
555,100,edce04af7f6661708559d979b1768fc6cd46e0bb6f981912122326e9e269d114,18.500
556,100,edc6c0af1fa663f28559d959b07b8f46cd46e0cfefb89912102326e96269d114,18.533
557,100,edc6c0af1fa662f284c9dd593079a7c60d46e06fe7d8d916903326e96269f114,18.567
558,100,edc6c8af9ea672e6a4c1ddd93079a7460d46f04fe7d81d16903322e93269f114,18.600
559,100,efe0c08f9eae2ae6a4c1ddd93079a7760f46f04ee6f89d14901326e93269f114,18.633
560,100,fae4c08f9eae6ae624c7dfd93079a7960f46c04ee5b8dd14901326e96269f114,18.667
561,100,fae4c08f1eaf7aa666c7dfd93079a7960f46c04ee5989d54901326e96269d114,18.700
562,100,dee0d0af1eaf7aa666c7d7d9307927960f46c04ee7b89954901326e96269d114,18.733
563,100,dbc0d8af1eae7ae644c5d79930792f969f46c14eefb89914901326e96269d114,18.767
564,100,dbc494af1e2e7ee644c5d599b0792ea61f46c14eefb89956111326e960e9d114,18.800
565,100,d9ce992f162ee6e60d81d559e0792ea69d56815febb8991611132ee944e9d154,18.833
566,100,93ce3d2f772ec7e60dc1b55962790e86995683dfcbb85152a0172ee944c99154,18.867
567,100,838e352ed52ec1a70d99b15962717e86ba56039f4bb8f552aa974ee954c99154,18.900
568,100,132e752ed566cd811f11a2594ae5fa86325603bb55b8b156aab75fe95549a154,18.933
569,100,132efd6e85e25d812b11a2f14ee67a1622de0bbb95f0a2566aa75de99549a154,18.967
570,100,792efd6e85e31b812a5162f95ea63a5622d60bb99d70a2564aab5de99549a154,19.000
571,100,692ef566c5e319912a5962f95ea6ba56225e43a9b570a2564aab5de9d549a154,19.033
572,100,7d2eb522c5e319812a59e2f94ea6ba56225e43a9f570a2564aaf5de9d549a154,19.067
573,100,792ef562c5c19981aa5962794ea6ba56225e43a9fd70a2574abf55e9d549a054,19.100
574,100,7d2ef562c1e19991aa5922794e26ba56a256c3b9fd50a2574abd55e9d549a054,19.133
575,100,3d2ef562c1e10d91aa59227d4f26ba56a256c3b9fd50a2574abd55e9d549b014,19.167
576,100,1d2ef572c0e14d91bb59227f4f26ba56a056c9a97d50a2172abd56e9d549b114,19.200
577,100,1d2e6563c0e1cd91bb59225d4fa6b956e85649b97d50b0172abd46e95549b51c,19.233
578,100,1f2e35b360e14c91bb59a0594fa69d56a85669a95dd8b817aabd46e954499d1c,19.267
579,100,1fae15b370e14d919959b24d6fa68d56e85669a915d8b113aabd66e954499d14,19.300
580,100,8fa7303370e14f999059b24f4fa68d56b9566ca915d89513aafd66e954499d14,19.333
581,100,87a630337cf14fd99159b20f4fa68d56b9566cb915d89503aabd62e954499d14,19.367
582,100,87a730337ef10fd99859b30f43b68d56fd462eb9055cdd02aafc22e97409c514,19.400
583,100,c7a710333ef127d9d909fb0f63b6c5567d422cb9045cdf02aa7e22e97701c514,19.433
584,100,c7a718333ef126f9d909fb0da3b6c5561d4224bdc05cdf02237e2279ff01c514,19.467
585,100,e3a798373ef126f94d09df09a3f7e5561d42a4adc05cdf42011e223dbf01c554,19.500
586,100,63c6d8b71e33a6f9480d5f0da1b7e5561d42b4ade05c5fc2011e823dbf21e554,19.533
587,100,61e6f8971a33b2f1481d5f0d38b9f1561d4294abe45c4fd2011e903dbf61e5d4,19.567
588,100,65e6f8871a33b2f1e05d5f0d98b9f0162d4296abe05c4fd2015e903dbfe165c4,19.600
589,100,65e671870a33b2f1e05d5f0d99b970962d4296abf05c4fd2015e903dbfe165c4,19.633
590,100,25e671878a33b2f1e05d5f0d99b970b60d4296abf05c4fd2015e903dbfe165c4,19.667
591,100,25e6f1861a33b2f1e25d5f0d19b9f0360d4696abe05c4fd2015e903dbfe165c4,19.700
592,100,65c6f1861a33b6f1605d5f0dbbb9e0365d4294abe05c4fc2015e903dbf61e5c4,19.733
593,100,65c6e1871a33a6f148595f09bbb9e1b65d42b4abe05cdfc2015ea03dbf21e544,19.767
594,100,6dc6c1a79a3326f14819df09bbb9e1365d4624afe05cdf42015ea23dbf21c554,19.800
595,100,6dc6c1a79a3326f14819df093ab9e1365d46a4afe05cdf42015ea23dbf61c554,19.833
596,100,6dc6c1a79a3326f14819df093ab9e1365d4624afe0dcdf42015ea23dbf61c554,19.867
597,100,6dc6c1879a3326f14819df093ab9e1365d46a4afe0dcdf42015ea23dbf61c554,19.900
598,100,6dc6c1879a3326f14a59df093bb9e1365d4624abe05cdf42015ea23dbf21e554,19.933
599,100,6dc4c1861a3326f14a59de093bb9e1b65d46a4abe0dcdf42015ea23dff61c554,19.967
600,100,efc4c1861a3326f148d9de093bb9c1b65d46acab80dcdf42895e223d7f61c554,20.000
601,100,efc4c18638332ef14cd9de093bb9c1b65d462cab80dcdf42895e22397f41d554,20.033
602,100,efc4c186383326f14cd9de093ba9c1b65d462cab00dcdd42ab5e22f97f41d554,20.067
603,100,ebc4c186b82726f104f9de0973a9c1a6fd462cab40dcdd42ab5e22f97741d554,20.100
604,100,efccc106b82766b10cf99c0973a9c1a4fd462caf40dcdd42ab5e22f97749d514,20.133
605,100,ebccc106b0276eb34cf9b80972a9c1b4fd4628af44dcdd42ab5e22f97549d514,20.167
606,100,ebccc126b0276eb34cf9b84972a985b4fd5628ab04fcdd42ab1622f97549d514,20.200
607,100,ebcc8326b0276eb34cf9b04973a981b4fd5668ab04fc9d42ab9622f97549d514,20.233
608,100,ebcc8326b0276eb34cf9b00973a987a4fd5668ab04fc9d42ab9622f97549d514,20.267
609,100,ebcc8326b0276eb34cf9b00973a987a4fd5668ab05fc9d42aa9622f97549d514,20.300
610,100,ebcc8326b0276ea34cf9b00973a987a4fd5668ab05fc9d52aa9622f97549d514,20.333
611,100,ebcc8326b0666ea34cf9b81973a983a4fd4668ab05fc9d52aa9662f975499514,20.367
612,100,ebcc8b06b0666ea34cf9b85972a983a4f94669af05fc9d52aa9662e975499514,20.400
613,100,ebcc8b06b0666ea34cf9b85972a983a4f94669af05fc9d52aa9662e975499514,20.433
