0,100,24a966794b58db491a69f90f0ff2e5937fa6183dfe4886d0a4b36da40034df54,0.000
1,100,24a966794b58db491a69f90f0ff2e5937fa6183dfe4886d0a4b36da40034df54,0.033
2,100,a4e966794b58db491a69f90f0ff2e5937fa6183dfa4886d0a4b36da40034dd54,0.067
3,100,a4e966794b59db491a69f90f0ff2c5937fa6183dfa4886d0a4b36da40034dd54,0.100
4,100,a4e966794b59db491a69f90f0ff2c5937fa6183dfa4886d0a4b36da40034dd54,0.133
5,100,a4e966394b59db491b69f90f0ff2c5937fa6183dfa4886d0a4b36da40034dd54,0.167
6,100,e4e966394b59db491b69690f0ff2c5937fa6183dfa4886d0a4b36da40034fd54,0.200
7,100,a4e966394b59db491b69f90f0ff2c5937fa6183dfa4886d0a4b36da40034dd54,0.233
8,100,a4ed66394b59db691b69f90f0ff2c4937f86183dfa4886d0a4b36da40034dd54,0.267
9,100,a4ed66394b59db691b69f90f0ff2c4937f86183dfa4886d0a4b36da40034dd54,0.300
10,100,a4ed66394b59db691b69e90f0ff2c4937fa6183dfa4886d0a4b36da40034dd54,0.333
11,100,a4ed66394b59db691b69f90f0ff2c4927fa6183dfa4886d0a4b36da40034dd54,0.367
12,100,a4ed66794b59db691b69790f0ff2c49377a6183dfa4886d0a4b36da40034dd54,0.400
13,100,a7ed66394b59db691b69790b0ff2c49277a6183dfa4886d0a4b36da40034fd54,0.433
14,100,a7ed66394b79db691b69690b0ff2c49277a6183dfa4886d0a4b36da40034fd54,0.467
15,100,e7ed66b94b79d3691b69690b0ff2c4927786183dfa4886d0a4b36da40034fd54,0.500
16,100,e5ed66b94b79d3691b69690b0ff2c492f786183dfa4886d0a4b36da40034fd54,0.533
17,100,e4ed66b94b79d3691b69690f0ff2c493ffa6103dfa4886d024b36da40034fc54,0.567
18,100,e4e966b94b59d3693969690f0ff2c597ffa6103dfa4886d024b36da40034fc54,0.600
19,100,e4e966b94b79d3693969690f0ff2c597ff86103dfa4886d024b36da40034fc54,0.633
20,100,e4e966b94b79d3493969690f0ff2c196ff86103dfac987d024b36da40034fc54,0.667
21,100,64e966b94b59d3493969e90f0ff2c117ffa6103dfac987d024b36da40034fc54,0.700
22,100,e4e966f94b59d3493969690f0ff2c117ffa6103dfac887d024b36da40034fc54,0.733
23,100,e4e966b94b59d3493969690f0ff2c117ffa6103dfec887d024b36da40034fc54,0.767
24,100,e4e966b94b59d3493969690f0ff2c117ffa6103dfec887d024b36da40034fc54,0.800
25,100,e4e966b94b59d3493969690f0ff2c117ffa6103dfec887d024b36da40034fc54,0.833
26,100,e4e966b94b59d349396b690f0ff2c106ffa6183dfec887d024b36da40034fc54,0.867
27,100,e4e966b94b59d369396b690f0ff2c106ffa6183dfec886d024b36da40034fc54,0.900
28,100,e4a966f9cb59d369396b690f0ff2c1067fa6183dfec886d024b36da40034fc54,0.933
29,100,e42966f94b59d369396b690f07f2e1067fa6183dfec886d0a4b36da40034fd54,0.967
30,100,e42966d94b59db69196b780f07f2e1067fa6183dfec886d0a4b36da40034ff54,1.000
31,100,e42966d94b59db69196b780f07f2e1067fa6183dfec886d0a4b36da40034ff54,1.033
32,100,e62966d94b59db69196b780f07f2e10677a6183dfec886d0a4b36da40034ff54,1.067
33,100,e62d66d94b59db69196b780f07f2e10667a6183dfec886d0a4b36da40034ff54,1.100
34,100,e62d66d94b59db69196b780f07f2e10667a6183dfec886d0a4b36da40034ff54,1.133
35,100,e62966f94b59d369196b690f07f2e10677a6183dfec886d0a4b36da40034ff54,1.167
36,100,e42d66f94b59d369296b690f07f2e10677a6183dfec886d0a4b36da40034ff54,1.200
37,100,e42966b9cb59d369296b690f07f2f1067fa6183dfec886d0a4b36da40034fd54,1.233
38,100,e46966f9cb59d369296b690f0ff2d1067fa6183dfec886d024b36da40034fc54,1.267
39,100,e46966b9cb59d369296b690f0ff2d106ffa6183dfec886d024b36da40034fc54,1.300
40,100,e46964b9cb59d369396b690f0ff2d106ffa6183dfec886d024b36da40034fc54,1.333
41,100,e4696cb9cb59d369396b690f0ff2c106ffa6103dfec886d02cb36da40034fc54,1.367
42,100,e4696cb9cb59d369396b690f0ff2c106ffa6103dfec886d02cb36da40034fc54,1.400
43,100,e6696cf94b59d369396b690f1ff2c106ffa6103df6c886d02cb369a40034fc54,1.433
44,100,e6696cf9cb59d369396b690f1ff2c106ffa6103df6c886d02cb369a40034bc54,1.467
45,100,e6696cf9cb59d369396b690f1ff2c106ffa6103df6c886d02cb369a40034bc54,1.500
46,100,e6696cf9cb59d369396b690f1ff2c106ffa6103df6c886d02cb369a40034bc54,1.533
47,100,e6696cf9cb59d369396b690f1ff2c106ffa6103df6c886d02cb369a40034bc54,1.567
48,100,e66968f9cb59f369396b690f1ff2c106ffa6103df6c886d02cb369a40034bc54,1.600
49,100,e66968f9cb59f369396b690f1ff2c106ffa6103df6c886d02cb369a40034bc54,1.633
50,100,e6696cf9cb59f369396b690f0ff2c106ffa6103df6c886d02cb369a40034bc54,1.667
51,100,e66968f9cb59f369396b690f1ff2c106ffa6103df6c886d02cb369a40034bc54,1.700
52,100,e66968f9cb59d369396be90f0ff2c106ffa6103dfec886d02cb369a40034bc54,1.733
53,100,e6696af9cb59d369396b690f0ff2c106ffa6103dfec886d02cb369a40034bc54,1.767
54,100,e6696af9cb59d369396b690f0ff2c106ffa6103dfec886d02cb369a40034bc54,1.800
55,100,e6696af9cb59d369396b690f0ff2c106ffa6103dfec886d02cb369a40034bc54,1.833
56,100,e6696af9cb59d369396be90f0ff2c106ffa6103dfec886d02ca369a40034bc54,1.867
57,100,e6696af9cb59936b396be90f0ff2c106ffa4103dfec886d42ca369a40034bc54,1.900
58,100,e66942f9cb49936b396b690f0ff2f107ffa4103dffc886d42ca369a40034bc54,1.933
59,100,e66946b9cb49d36b296b690f0ff2f1077fa4103dffc886d42ca369a40034fc54,1.967
60,100,e6e942f9cb49d369296b690f0ff2f1077fa4103dfec886d42ca36da40034fc54,2.000
61,100,e66942f9cb49d36b296b690f0ff2f1077fa4103dffc886d42ca369a40034fc54,2.033
62,100,e6294279cb49d36b296b690f0ff2f1867fa4183dffc886d424a36da40034fd54,2.067
63,100,e6294279cb49d36b296b690f0ff2f1867fa4183dffc886d424a36da40034fd54,2.100
64,100,e6294279cb499b6b296b690f07f2f1877fa4183dffc886d424a36da40034fd54,2.133
65,100,e6a94259cb499b6b296b690f07f2f1877fa4183dffc886d424a36da40034fd54,2.167
66,100,e6294259cb499b6b396b690f07f2f1867fa4183dffc886d424a36da40034ff54,2.200
67,100,e6294259cb499b6b396b690f07f2f1867fa4183dffc886d424a36da40034ff54,2.233
68,100,e6294279cb499b6b396b690b07f2f1866fa4183dffc886d4a4a36da40034ff54,2.267
69,100,e6294279cb499b6b396b690b07f2f1867fa4183dffc886d4a4a36da40034df54,2.300
70,100,e6294279cb499b69796b690b07f2f18677a4183dffc886d4a4a36db40034df54,2.333
71,100,e6294279cb499b69796b690b07f2f18677a4183dffc886d4a4a36db40034df54,2.367
72,100,e6094279cb499b6b396b690f07f2f1867fa4183dffc886d4a4a36da40034df54,2.400
73,100,e6094259cb499b6b396b690f07f2f1877fa4183dffc886d4a4a36da40034df54,2.433
74,100,e6290679cb499b6b796b690b0ff2f1877fa4103dffc886d424a36da40034dd54,2.467
75,100,e6a90679cb499b6b396b690b0ff2f1077fa4183dffc886d424a36da40034bd54,2.500
76,100,e68906f9cb499b6b296b690f0ff2f1077fa4103dffc886d46ca36da40034bc54,2.533
77,100,e6c966f9cb49936b296b690f0ff2e1077fa4103dffc886d06cb369a40034bc54,2.567
78,100,e4c966f9cb49d36b396be90f0ff2c106ffa4103dfed886d06ca369a40034bc54,2.600
79,100,e4996ef9cb49b36b696be10f1ff2c106ffa4103df6d087906ca369e40434b454,2.633
80,100,64996ef98349b76b696b690f1ff2c106ffa4103df6d187906ca349e43434b454,2.667
81,100,4cb96cf98b49b36b7b6b210f3fb2c106dfa4303df6d9879048a34be47824b454,2.700
82,100,4cb96cf98359b76b6b6b430f3ff28306d78c30b9f6d1079048a34be4f824b454,2.733
83,100,4c996cf91359b76b696b490e3ff6c306d78c30f976d10f9048a3cbe4f024b454,2.767
84,100,4c996cf91b59b74b6a6b490e3fb6c306d78c70f976d10f9048a3cbe4e124b454,2.800
85,100,4cb96cf91b59b74b626b490e3df6c306d78c70f976d10f9048a3cbe4e124b454,2.833
86,100,4cb96cf90b59b76b726b070e3df6c306d78c70f932d10f9048a3cbe4e164b454,2.867
87,100,4cb969b90b59256bf26b0f5e3df6c306d78c70f912d11f9049a3cbe0e164b454,2.900
88,100,48b969b90f59256bf26b0f5e3df68706d78c70f912d11f9049a3cbe1e164a454,2.933
89,100,4cb969b90f59256be26b0b5e7df68716978c70f91ad11d9049a3dbe9e1642054,2.967
90,100,4cb949b92b79256be26b0a5e7df68716968cf0f95ad11d9049a3dbe1e1652054,3.000
91,100,4da949b13f792d6be26b0a5e6df68716960cf0f956d13d1049a3dbe1c1656054,3.033
92,100,4db949b12f792d6ae26b0a5e65f68716960cf0f91ed13d1049a3dbe9c165605c,3.067
93,100,49b949b92f796d6aa26b3a5ee5f68616b60cf0f91e913c1049a39be9c165605c,3.100
94,100,c9a949b13b39696a076b3a5ee5f68616b60ce0f95e913d16c9239be9c165605c,3.133
95,100,d9e949b12b31696a056b7a5fc5d68616b60cc0e936917d16d9279be9c165645c,3.167
96,100,d1e959b16b31696a056b78ddc7d69606b61cc3e936917c16d9239be18165645c,3.200
97,100,c1e1d9316931616a0d6b689dcbd6b616b41e83e976917c1699279fe98165655c,3.233
98,100,c1f1d9317931036e0d6b689dcbd6b606309e03e97e917c169b279fe18265655c,3.267
99,100,c1f159317931034e2d6a60bddfd6b456e09603c97e91f8169b23bea1836d655c,3.300
100,100,c1f1d93179390b6c2d4ae0f9dbc6a456e09613c97691f8169b279fa1826d655c,3.333
101,100,83c19b6979310b652d6ae0f9dbdeb456649617c97491d8369b369fa1124d255c,3.367
102,100,07d1bb69e9310f65296ac0f9fe9ea45604be17c97c91d8369b269fa1024d655c,3.400
103,100,17c1f969c9310f246d4ac8f9f69ea45605b636c95c91d9369b26bfa1260d655c,3.433
104,100,1fc1f079cb312f24694ec1f9f69ea4d605f6768958b1d036b3663ea1260d455c,3.467
105,100,3fc1f06993212f256d5ec1f8e49e24d61fd67699d8b19034b6663ea12e0d455c,3.500
106,100,bec1c1691b296f2c495ec9b9e69e04d61ff27681d8b19234b6663fa16c0d455c,3.533
107,100,faf1c1691b29692c4dde81f9a49f44d63ff35491d2a1923496763ea16c0d455c,3.567
108,100,eaf1016b3f69692cc95e8179249f5f963f935491d2a1923496763ea16c8d455c,3.600
109,100,e27301793f6c6b2ccd5ea179248ff7963f835491d2a1923497763e216c8d055c,3.633
110,100,e2710378372c6baccd5ea159248fbfd63f835c99daa1923497763e216c0d055c,3.667
111,100,c2f101783f2c69accd5ea359648fb7d62ec35c99daa1923497767e216c0d055c,3.700
112,100,c2f103783f2c69acc9dea35b648fb7d62ec15499d2a19a3497763e216c8d055c,3.733
113,100,c0f10b783f2c68acc9dea35b648fbfd22e434499daa19a349776f6216c8d055c,3.767
114,100,c0f00b783f2e68acc9dea35b648fb7d22e434499c6b1da349776f621648d855c,3.800
115,100,e0344b783f2e68ace9cea15b168f37d22e434499c4b1db349776f621668d855c,3.833
116,100,e07e0b1c3f2e6aace9cea14b1acf97c226414499e4b1cbb49f367621668dc55c,3.867
117,100,e0360b1f1f2e7aac69cea14b1acb97c22743249964b14bb4df367a23628de55c,3.900
118,100,e03e0b1e1f2eeaac48cea14b5acb97c2a74324b964b14bb45f367a23628de55c,3.933
119,100,643e0b9e1f0efea648ce254b4acb97c38753a4b964b148b41d323ba3728de55c,3.967
120,100,643e0b9e5f0ebe2668ce254b4a49d3e38743b4a9a4b148b41d321ba37a8df55e,4.000
121,100,643c0d9e5b0fbd666886254a4a695be39343b2a9b4b928b41db21ba32aadf55e,4.033
122,100,52bd859e4b0ff566eac6254a28694be3c373d2e9b4b924b40d920f830aa5f55e,4.067
123,100,12bd059e4b8b576eeac63447246b4ba3c173d269f4b9a4b48d920f930aa5f556,4.100
124,100,b23947980b8b572eeec6b207a56a69a96963d261f2b9c6b48d928f930aa57556,4.133
125,100,b93956a9299b532bed46da87a46221ed6d637a61f239e69485928d930aa57556,4.167
126,100,a93dd6a90b9e4b8b6d46da97b46225e96da37a717239c6d4859285930aa56556,4.200
127,100,a93cd7a909ce6b8b7d4eda97944225e97da339717239c2d4c79285930aa16556,4.233
128,100,a97cd3a9958f6b8b7d4e5a16945226e83da339717239d2dcc792871302a96556,4.267
129,100,e15ac33995896b8f6d6b4a169256b6d0bda339337239d2dcc79287520a89b556,4.300
130,100,c07acb7995896b8d6d4bca1792d6a6d29da33933f279d2fc869087520a89a556,4.333
131,100,d072ca78b5892f8d694bcb0f12b6aed6bda3b923f079d2f996900f520a89a554,4.367
132,100,40b3ca78b709258c6dcb494f52b6bed6bca3f123f279d0f99ab11f520a89a154,4.400
133,100,44b34a70db49251c6d8b494f52b7bed6bce6f127e271d1f91ab11d520a89e154,4.433
134,100,44a74e70da49251865af494b5ba5ded6bcd6f12762f1d1e91eb91d520a0be154,4.467
135,100,64a74e70da49251c65af490b5ba5ded6fcd6b12762f191e91eb9bd52280b8154,4.500
136,100,64c74e71da58371825ad490b5b25d6d6f8d691a722f193e99eb9fd52380b8154,4.533
137,100,2ccb4ef1da783f0825ac4d0f6b29d6d6f8d691a7227113e99eb9fd12380b8154,4.567
138,100,2cdb66a34a701b49353c6d0f6929c6d6fcd6d1a7037103e99eb9fd52780b8154,4.600
139,100,bcdb24834a70994937386d0f6929cad6dcded1a781f303e99eb9fc52780b8154,4.633
140,100,dc8b248b6b71c96837b9242d692f6ab6ceded0a701b301e9dab9fd12f80b8154,4.667
141,100,df83b4cb6b5349681699762d6d2f6b36ce5ed08701a303e9dab9fc12f80b0154,4.700
142,100,db83b4cb2a434d681e8d363d6d2debb6ce5ed48601a303e9cbb9fd12f80b0154,4.733
143,100,5d97d6dba24b2d685a4d3239252de996e65ed4c711b301e1cbb9fd12f80b0154,4.767
144,100,4d96d2dbb24b25684e4d3a78f4aded92e75ec4c710b301e14bf1ff12f80b0154,4.800
145,100,2d965acbd24ba5696e6d1b7836ade492e55ec6c700b301e16fe1ff1a780b0154,4.833
146,100,ac967ac3db4b95e9266d0b5812bde497f55ee6c608d381a12de0ff1a780b8154,4.867
147,100,849e2fc36b4bd5a9366cad5a1bbd769fb55ee64600d381a125e07f1a780b8154,4.900
148,100,14de9ec3294b590912e5ad6a8bbd729fb59eb766a2c380b104e57f1a7a0b8554,4.933
149,100,52fed6daad4b482912e5857a89b9f29df49eb326a6c382b104e57d1b7e0b8054,4.967
150,100,02f656debd4b69695ae51772cdb8fa1df0ce9326a6c382b106e47d1b7c0b8050,5.000
151,100,28b652d6fd4bad690aed1760cd38ea1df0ded326a64b83e106e57d1bf80b8051,5.033
152,100,a1b55af65bd2a50b08ed1a655d30eb1df0ded1b6a64e87e106e57c1bf80b8051,5.067
153,100,a52da3f45ad6f50b2d491a657d32e938e25ed1b6964e87c106e5f49bf80b8051,5.100
154,100,4409a5ad4af67f1a254b2b6d7e627d306059d0b6d34e97c31be5f49bf80bc041,5.133
155,100,5acb85298be46b52250ba9ed7e667db0a85940be933eb7cb1fa56499f01bc041,5.167
156,100,4ac795298b646b56751ba9cd7a667cb0a05942fe9336bf4b5fa544d9e01bc041,5.200
157,100,4bd7142987646b56641bb9cdea667cb3a1584afe1b36fe4bdfa144d9801bc041,5.233
158,100,6b97304d9f206b56741bb9cda96660b38d784afe5b36f64bfea504f1003bc041,5.267
159,100,6a1f22cd576feb56645b8189216442b3cd785fd8dab6f64ffaa506b1003bc141,5.300
160,100,e81b6a8d1669e94660fb1d89236c4ab2d179dec8dab6b04ff287deb101fb8141,5.333
161,100,4c33e89f766989666cfb11b92f4c6eb6997192c8d2b6804f8087fea12dfb8141,5.367
162,100,50370a9d76edcb6e695a5eb9fd0c4e969171974992b6045920879da56dfb8141,5.400
163,100,55b64a1946cdf96e2b5a5cf9b92c4e9692f1b549b2b624d8208739a56dbba141,5.433
164,100,d5e0693916ddc16ea96a62d9992dcc869293354936b664d82c8f79a76dbba141,5.467
165,100,d0e56d319a9c464ff96e66d19129cc0e9293374936b646f82c8f49a76dfb8141,5.500
166,100,d3676db12a989ecfc96e6ed191299c0c92d2354926b656f8248d49a76ffb8141,5.533
167,100,d647c5e16d3832cd8d6a629b1fa9b03c1e96354966965cf86d9999274f6b8141,5.567
168,100,504f8f616931729da96ecc1b7da1217c7096954bcc97ddb0c9199327de6ba141,5.600
169,100,50dabe4f49f1669dab4e1c3bfda3e36cc696944b089795b0c31932271eeb2045,5.633
170,100,d4da304f5b61c4b9ab4e507bbd83ab6cdeb6b4531a97b5b0031922677ceb2044,5.667
171,100,b4da624f5b212cb12b5a55e9ab075aec1db6a05352b735e06e19666fe5eb8044,5.700
172,100,a4da5a4ffd2168b0535a0de92a0fd4e4a9b602db56afe540ea95ccee1dfb8014,5.733
173,100,6c9fb24d29635bf0a45a6b29440fb5e42ab6d49bb52e0bd01ab51dce3b7b2114,5.767
174,100,09bf660da961bfb0495a5329ac4f2f4452b4951ba8765a9574adb15e6b7bc114,5.800
175,100,bdaac6dd6b4f6727897aa569688dd244b6a42d525ad6b685e529635e4eb30404,5.833
176,100,6b6a94dc5a4dcd272b7a6d4bd29da44c6da4d35296966cad4b69c656bca32044,5.867
177,100,cb4e35bcea4d496fcb52ad2b24bd4c4cdaa4b4526da6da2992c98cb6692be144,5.900
178,100,9a4e4da86a4d396faed2696b4bb9bacd36a64dd2db24364964991976c36b0150,5.933
179,100,524e9f294acd692e6cd69b4b973968994ca693d6362dc499c9b1b364364b6d11,5.967
180,100,d24c3d694a8d496ee896234b66a9c99998ae36d66669999393b166e46c4bfd11,6.000
181,100,c6cc69694a8d3b66cc96644becb993b9906e66d6cce911933325cec4cd8bbc11,6.033
182,100,1edceb695ead6b664d96ec4b8da933b9366ccc969cc9333346250dc4891b3811,6.067
183,100,1edceb694ead63664996c85b3da93339466cdc9698d96733c62519cc991b3051,6.100
184,100,12d8cb694ced636e7996885b3de967b9c4ec989618b96633ce2d39cc011b7851,6.133
185,100,16d88b694ced636e7996885b256966b9c4ec999638bbe633ce2d39cc011b7851,6.167
186,100,56d80b694ced636e7996985b646966b9d4ec919630bbc6738ead31cc231b7841,6.200
187,100,96d80b694ced636e7996195b6469c6b894ccb19672bbc6630ced31cc271bf841,6.233
188,100,96d349694ccf636e3993195b64e9c6bc90cc319672ebc6e38cad31c4271bf841,6.267
189,100,1a434d6842cfeb2e1993284be6a9ce9c90cc3316f6e38ee31cad71d4e71bf841,6.300
190,100,1a70c5ac6acf6b321893686bcead8a1cb1843712f6e38ee318ad73d4e71bf841,6.333
191,100,f378c48d7a47393208d3cd69cead991c31863712c6e38e7338ac73d4e71b3c41,6.367
192,100,f378c48f3b432d3228dbc569c7bdb95c31863712c6e38e1338bc33d4e70b1c44,6.400
193,100,793cde871b43edf2685be729c29db95c11863712c6e38e1b38bc31d4e70b0c44,6.433
194,100,999ccec72972ecf8684b672d8a9cbd4c11c67713e6e9ce1b38bc31d4630b0c54,6.467
195,100,8d86ce43793a2c796f4963ad989c9d6611d37613e6e9ce1f18f411d6638b8454,6.500
196,100,d6e36a6339380a4b6f09c1ad9cdc9d6610d3763be6ad8e1c98f411d673ab8454,6.533
197,100,16f37b7a15184a4b6529c8a58e5cb56612d336bae6ad8f1c98f431d671abc454,6.567
198,100,12733b1a009d6b4961a9c8a58f5ab16733d336b8e6ad8f1c98f439d679abc454,6.600
199,100,731a890f78896b6961a5ce568f5ab0a3375a32bce7ad8c1c98f419c63bab4554,6.633
200,100,490fcc8d6a616b694cb7ce56957290b33fda32ade38d8c0cdc7499c61ba96514,6.667
201,100,e5437ec92360792d4297ef5a9d3399b39fc832ad6385c40dcc749cc3cbb92114,6.700
202,100,e7a142f8217259ad6a136d5add33d9f195cc3aa57385e6054670ccc3ebb93114,6.733
203,100,47b9fa7c093f4d996b52ed6accb3f8e8c4cf1ab5338566046610ccc379b91114,6.767
204,100,523e3916058f6edb215a7d694ef178ecc60f9ab431c52714f61266e378b99914,6.800
205,100,0a46ed0767c9fa4b216e7fa90af15e6dc22798b491c53314b55266ebf8b98d04,6.833
206,100,cf46f58313e9fb4a012f6fa9c87b2f6560a7ccb499c19314b452366a6c89c5c6,6.867
207,100,2562d8b1cb68fd2bc1ad7ea9e03737a57097ccd0d8c1999c9652937a66cd2446,6.900
208,100,15f2de980b786d0be0ad3f39f1379da5309766d04c45c99c5e52d33b664d2056,6.933
209,100,97d87edc816c3f8f60ad9f0911378ca59c173674244560dc7f5b592f324db052,6.967
210,100,46d86a5cc1af0787f2bd8b894833c6a59e16b37ca60534ccaf1b69af9b2d8053,7.000
211,100,42dc7a4cc1e7fe836a3dc9c9283366a5ca06937c9607b4c4a71b2daf892f8553,7.033
212,100,6a4c7c46d0e33f07087de9c9bc3363e5480ed93cd60794c4f79b04afc12f8553,7.067
213,100,0f4c7c2740e30b07087dfdc9be3133e54c1e5934d70796e4f79b84af4127d113,7.100
214,100,87467c2700b3db07e87d7fc9921133e5641f59b4d3875ee4539bc4af61a15111,7.133
215,100,c7c71e13c093ff012c7d37c98815b1e7641f6db47b815af4509bc6a769a15911,7.167
216,100,c7c3de9378cb4f41246d37c9c815b9e7b41eacf07bd34afc18cbd22728a10911,7.200
217,100,c7c37a5b49c96d5f846913c9ec149de3b60e8cf00bd3487c58cbd227ac81ed51,7.233
218,100,c3c11e5949c96e18d4e9fdc96f309de3b78e84f001f3e07cd84bd207ac81ed51,7.267
219,100,f3c10e4961e17f0cd0e87fc86f30dce3178e84f0a193e47cfa4b5a03b481adf1,7.300
220,100,4311ae4d79e14f1cf8e83fc86f3048e3138ec479b192f43c7e4b5b03f681a5f0,7.333
221,100,e311ae4d39784f1c5ae887c82f324847101ff439f096b62c7fcb5b03f681b5f0,7.367
222,100,730c8e6cb11e2f5e4a7883ccaf126847d00f76395c96172c2feb2bc312c1f5f8,7.400
223,100,f384c26c990ea34e687c59ccb7923447fd873e194e86d3ac81eba1e34a7158f8,7.433
224,100,19c4620eddcef178ac3c68c8599316270d869f1deec6e9a4f0ebb0eb6879087c,7.467
225,100,99a6660f4fc6593ca73c2e684b9397274686938ca7e678a47a21fc6ba93d085c,7.500
226,100,9d26330b4de25919d724af68e993d3a362d6518d35f63cf43a315c29a51da91c,7.533
227,100,d987b24b6c3a58995264bf696983d2e3a2dc598d16b68ef40f314e29951de15c,7.567
228,100,d9a7304baf3d68d94b349f693cc35827b04eeca5d336c6ec87a9e709410d614c,7.600
229,100,4d0f525b275ca85b4b385e69acb3ec07924666b4fb96e2ade3b9e3894107114e,7.633
230,100,e92df91e114c8d1beb394a6996876d07526630de39d672ad70b939c9a8478d46,7.667
231,100,a92d98dc50696dbaaf696b43968725a6da6694da1dd6988d98f908e1c447e566,7.700
232,100,450dc8d8726945b8ad696b43d28785a6cd7696da8cd69e89ecf8c0e564476766,7.733
233,100,241eca78bb3943b8b969eb43ca8784be6d5cc65ac4f64e09fe7c406534473326,7.767
234,100,845a4978bbbb6bf81d21ad436a06869e2f7cf258e6b507093674f87591439b26,7.800
235,100,c15849b8dbdb68f41d2335436006d68e276c7278f6b583a9ff34f835894389b6,7.833
236,100,a5380db04aeb2c311523b543780ed2ac95ac3b787295c3adff34ec31c953cdb6,7.867
237,100,a5384af34b63a5b159a33d423b0ed3bc95bc19397295e1ac5fb46c1169536c92,7.900
238,100,84f2eaf35b63db91494b1d46392ed3bc95bc1d3930d571ac4f942613645364d2,7.933
239,100,d1f2ebe35b67d993894b1d26a92cebbcd4bc8d1130d535a427d42613245336d2,7.967
240,100,c5f2ada7490ec9cd8d6f1d2629ace8dcd4b99d1130d135f4a7529611b05332db,8.000
241,100,c7d28da7490ce9cd8d6e1e163c3ce8d8d6b9951192d1b2f4a75a9311b013ba5b,8.033
242,100,c7e2cda74d0cfccc8d2e1a16343cf958c6b197119a5393fcb35ad31190139a5b,8.067
243,100,c7e6cdac294cf06d9f3e1a1e3539e958c2a197539a5393fce35a430118339a4b,8.100
244,100,c7a4cdac285cda599b3b1b1c3969e958c281c753985353fef35a43011833db6b,8.133
245,100,cfa45cac195c5a798b3b0b1c3de9e970c3a1c743986359fef11a4b011833cb6b,8.167
246,100,9eb4dc9c19595b79c93b2b5935e9e170c3e1cd43986259feb19a280118334f6b,8.200
247,100,9e941c1999595b79c93b23f174e9e550c3c3cd439866399eb59a28911c334f6b,8.233
248,100,8c91d959f95b63b3a75322e475e1e542c3c39d4318f6339eb59a20111c334f6b,8.267
249,100,988bd169736363a3a74632e475e1e742ca839c4318f6379eb79e20113c334f6e,8.300
250,100,028d6169636367a7a7463a6c656ccf46ca8b980f38be379eb71e22111c334f6e,8.333
251,100,50ad716a62334f36a95e786ccd69cb1b18ab189e38bcb79ca71820317c734e6e,8.367
252,100,5878eb524a368d1eb85c58e9895b9a1b18ab39fe32bcb79ca711603178634e6e,8.400
253,100,cb5bcb521f97b95c31cdd1a9891b1a9b31ab31f666b4e714a611e02168634b6e,8.433
254,100,877366b63dac214c74a9a5a92e1376a375a3e3f6e6b486368e51c0e1c8635a4e,8.467
255,100,277636b6b1ac21ccd5a92d236a1676abe5f6e6d6c6b48c128c41d8e1d8435b4e,8.500
256,100,749674ada14c47c9d52b2f136a16c7a9e776ced49c3c9c521841d8e1d94a5b4e,8.533
257,100,7094a1ad4bc94eab9d236a53ca3e85e98fd61ed41c3c385218c1d3c1dbca5bce,8.567
258,100,e09c2bc91ec99c23aa73ca5696bc0de81ed43cd43878785372c193c1d3cadbce,8.600
259,100,029d5e491c43b8636a7352d62dac3d447ad470b4f172f0d3c389878b93ced2de,8.633
260,100,5a897c4bb8432a6342f295f62d0c7f44f2d4e1b4e172c2938689970b975e96de,8.667
261,100,54c9f043a0e74a6356d2b51ceb0deb44d194c1f083d286979e093e0fb65e96fe,8.700
262,100,f0cba0c32ae75ae397d2af1ceb0dc2048594077007d306973e093e0fbe5e36fa,8.733
263,100,a0cb22d74be656e3bd52ab1cca0d168405b40f521ed33e957c09fc0f36de34f8,8.767
264,100,0ac34ac65e66bd5aad144a5d5a0d15841d243f533e937c35f009f05f74fe34f8,8.800
265,100,52c25e66be66bd5a295c4a0d100db5043d24fa53fe93e035e01be05f64fe65f8,8.833
266,100,5342de66b86e295a4b5c52099508bd04ff44fad3f097e0b5407b00db24fe6ff8,8.867
267,100,d246b866a87b69585a7cd609b54aad44fb50f2d360b740b900fb00da25fe6ff8,8.900
268,100,b066a87469794978d36cb589a54ee944ea73929344b500f904db04da6dfe6ff8,8.933
269,100,a864687c49785b78956ca509a9466b6442f3169305b505e904db27da6ffe6ff8,8.967
270,100,193455b85518954cb58dad0b6b464a3516b3149305a405e924da6fde6ff66ff9,9.000
271,100,5bbcd7189b18b24ca88d6b434a4452b316b354b31d200fc16cda6f966fb66fa9,9.033
272,100,cb998d18aa05a205690b4b035a2456a3b49365b39d686fd26cda6f966fb66fa9,9.067
273,100,8a99a9192a4568cd49235b42d2a394a3a4b3ed32a9686ed26cda6eb66fae6ea9,9.100
274,100,969930096245492b5b23d34294a3b5a3a5b3ad70ab486ed26e9a6eb66fae6ea9,9.133
275,100,b4c3504741e75923d1639542b4a3ad93adb32b502a586ed26e924ab66fee6aab,9.167
276,100,25464067c9a39933b452a5f02db1699b4b386a5c7adc4e924ab44ba47fee6aab,9.200
277,100,6966caa7a933b173ac502df869b949195a7c525c529c44964eb459ac57ee4aab,9.233
278,100,ca648ab1a93322726ddc69b949995a18d25cd6dc569454b65db4552c57ee54ab,9.267
279,100,4eb84bb9213a6e90499c49a9db19921c96cc96dc94b695b6d5ac956c276ea5ab,9.300
280,100,56b953b845584e8cd90c9329921cb6bcb6cc249ca5b6adb69d2ca56caf6aad0b,9.333
281,100,77b953d245d8da8c934d93abb61eb4ec24c4659429a6f9261b2c2b6c6d4ba90b,9.367
282,100,53b917d28dcc9a8c9349b6af34de24e46cc44db66926d9265b6c6b4c6b4b490b,9.400
283,100,57d3b5c6a9cdb2ad254b26af64f66de44d84c9275b2653665a6c4a4c48cb490b,9.433
284,100,c5422cc6290d256d6d4b6ca74df6c9c4d9949b27d3669266f24ddaccd4cb5113,9.467
285,100,c24249c6610d6d6d4d4bc8a7c9f6994e939492679266b646b6c99edcb5dba053,9.500
286,100,c046d19cd369cb6d994b99ee9b46b34c32a5366626c6e6c664c9749c299b2573,9.533
287,100,b546a31cc749daedb143356e3354664c66a564c66cceccd6cd99699869136963,9.567
288,100,e546623c84495aeb2146756e66d4665ce4a5ccc6ccced996999969b9db324963,9.600
289,100,495e4a3d8dc971cb6946654ee694cc9cccad98d6999e99961b19d3319332d863,9.633
290,100,5adc4ea929cbe18bcb46cd4e8ca49c9899ad99d6319e3316733953313636b067,9.667
291,100,b2989ca9695be78f8b46994e18a539b8338d339673be6734e6334631666620c7,9.700
292,100,249871e94b5b6f0e1756194c39a57138738d6796e73ec67486738e614ce648c7,9.733
293,100,4cb96769875a4d2e2d667158622de372c68dc6168e7e8c701cf31ce199e6a98e,9.767
294,100,5bb16d492e52d94e6966e558c2298f728ebb9c361e7818e078f338e139ce298e,9.800
295,100,12f14d4b6cb6b95ed96c0dd806a91e721c3b3c7638fa70c4f1e361c163ce630e,9.833
296,100,76e1995b59f6625e336c89901ca93cf2383b70f6f0d2e1c4a3c3c389c70e471e,9.867
297,100,c5c33213d1664adc654c2b3178a9f0c6f0fbe1f6c392c7868787070b8f1ed43e,9.900
298,100,bd435613a3665abcad5c6a21f109eac6c5fa83e487930f161e071f0b3a1cb47e,9.933
299,100,73438cf24e6c75bc2b5cd421ab4b43a605da0fc41f123e163c0ffc1bf83ca17c,9.967
300,100,c25339b65eccaf385a1cac690a4b17a6afd21e843d12fa14f00ff81bf07ce178,10.000
301,100,c2175d66bccc4b3c92bca9695293bd2c6ad2f4acf852d035e00fe07b21f883f8,10.033
302,100,8607eb4e6c8c5e30adbc4bcbf6936b0cda97f52cea5690bd801e00f12bf80fd0,10.067
303,100,af07ea5e58ac9e3029fc5acba4b17a4cb4b7e95cc2f600bd805e02f10bf82fd0,10.100
304,100,8a47fab4dc6cacb04bcd9283ed3d7a4db4b7ca5cc2b6a02d007e02f10bf82fd0,10.133
305,100,1a47e8b4bc6c29f04acdb6a3693df2cfa5b7c25c82b6216d027e42e10bf82fd0,10.167
306,100,52d7f12cbc7c4bf452c9a4a3483df28769b3d2dc04b6017c02be02a11ff87ff0,10.200
307,100,f0b6b92c28764bfc96892d295a6df4a74338d29e04a6007c02b617e15ff87ff0,10.233
308,100,e936b94e4b765bccb6ab6929524df4a7c318d2b604a5005c02b613e157f85ff4,10.267
309,100,6914bb4e69765bccb5a36929524df4a3fb58d2b644a5005c40b650e157f85ff4,10.300
310,100,290dbb4b69725a5eb5a32d295a49b4a3f918d296f4a7c04c40bf50a953f857f4,10.333
311,100,0c0d830b29524a5e9f932d291a4f36937f18fe96f4a5c00ed0bf50ad50fc57fc,10.367
312,100,878d930b2d124a5e8f922d0c0a4f3e933f587e96fca5f00ef01f502d50fc55fc,10.400
313,100,558d930b2d125a4e8f922d2c0a433e933f587e96fca5f80ed01f502d50fcd5fc,10.433
314,100,d109930b6c525a5ea5b2290c1a433c937f587e96fc2df00ed03fd02d94f8d5fc,10.467
315,100,d309b4136c585a5aa5b8294c1a533c917f587e96fc2df00ef03fd02d94f895f8,10.500
316,100,d149a5196c489e5aa5b80b4c12d32c915f587e92fc29f80ef03fd02d94fcb5fc,10.533
317,100,9189a513484c96d2a5ac4b4c12f30d915f587e92ff09f80ef03f902db4feb5f8,10.567
318,100,918325215a4e85922d2c4b4e16b30d595f507e92fd09f81ef43fb029b4feb5f8,10.600
319,100,81836d21df4ea5a2294c424f04b30f595e96feb27d08f81ef43fa029a4fea5f8,10.633
320,100,a1b349059646ad22694c924704b30b581e96fea3ff0af81ef43fa029a5feadf8,10.667
321,100,21a1480fa707692c4b4c86c705b30b581e96ffa3ff4af81ef43fa0292d7e2d78,10.700
322,100,4b21984fa5076b2c4b4c04a72db31a5cbe96fda3fa4af01ee03f206969fa6978,10.733
323,100,9a21b4cf2d074b0d165825a709231658fd86fc27f65af01ee03f407b69fa6b78,10.767
324,100,92a3b4cf2d274b2d165a2d264b633690fd26fc27f612f016c03f407b49fa4b78,10.800
325,100,13a3a4996d871a2f365a0c0e5b663698ed06f827f616a016c07f407bcbfadb78,10.833
326,100,972025b96927926f26d84c0edb667e98ed06f82774166036807ec0dbd3fad378,10.867
327,100,376065b84927926d2c98596ebb4efe99fc24f02764964036007e82db93fa97f8,10.900
328,100,977069b84927926d2c98596e9b4efe98fd24fa2764164036807e80db93fa93f8,10.933
329,100,923024986927930d269a0d2e1b6f369c7d26fe27f616e016c03f405bdbfadb78,10.967
330,100,903434c22d275b49964e2d26096f02cc3fa63fa7be16f416f837487b497e4b78,11.000
331,100,923494e324a74b49fb4ea5a6c14f824e07b60fa31fc23e96fc07e82b687e6978,11.033
332,100,d274523394a7294f4b4ef6b3f10fe046c2b681b207c20f96bf033d0bad1e2d7c,11.067
333,100,6a275a13d40f896b4b6b1a9b3d257856f2f2d0f2c1e2c3c20783970fb70ea53c,11.100
334,100,2a135a03542fa56b0b5b1b833d273c5278f2f0f2f1e6e3c2c383878f970ed52c,11.133
335,100,2b534a07542ded6f89cb0fa515863c52385278fc70f6f1c2d3c1c38d57ae570c,11.167
336,100,a1530aa55e27c46bed4bcba487c28d5aae5a1e3c1c7638e278e173c553ae538c,11.200
337,100,814bab254a27646b656962e5c1e2c71a8f1a8e3e9c321ce338e178e57bee4b8e,11.233
338,100,d18ba1230a07220b356b22e560e3e75bc71ac71ece329c7b3cf138e139ee6b8e,11.267
339,100,548b1123eb830a03152b38e738f331cb770be39ec732c67b8e710ce138ee6bce,11.300
340,100,1c891569c901eb87870b38c7387731c3314b739f6396c73b8e790e613eee68c6,11.333
341,100,5a1c7548e948eb95cf0f850f38e438f731c2718f6396c73226792e613ee62ac6,11.367
342,100,4ab45658bd48eb14cb0d8f0f3aa538a431d233d76396c732667b2e612ae66ae6,11.400
343,100,4ab4563cad48e958c7248f0b0aad38a531d663d76316e712e6732ee16ae66ae6,11.433
344,100,5ab71636ad7a6958c1248f5a0e1d10a531a463d56396e716e6736ae16ae66aae,11.467
345,100,4ad3162735b269d9c1e18f5a8e191cad312472d5e394e716e73262e17ae652ae,11.500
346,100,6ad3162335237bdbe1e1854a8e191e2d396472d5e395e716a71262e172e652ae,11.533
347,100,4ad3520715277bdbf1e1a1428e1a1ebd396472d56395e716a712627172e352ae,11.567
348,100,6ad9d289a527799bd1e1a1438e1a9e39396872d1f395e316a712626172e353ae,11.600
349,100,4ad9d28dad275b9bd1e1e1438a1a9e391d6c70d1f39de316a312623172e352ae,11.633
350,100,4ad192992d2f589bf1e3e1438a131c3939687391f3bde71e6612626152e357ae,11.667
351,100,da90929d292f589bf1e3c1429e131d3939787390e3adc71e4612e261d2e3d7ae,11.700
352,100,d298a09d692fd0b3e1e3c3421e131d393878b391e3adc71e4632e261d2e3d7ae,11.733
353,100,929c27915a4d783ee1a98b4216b33c3b3878b3b1a72d861c4e36c261c7e3d7ae,11.767
354,100,92dc27b05a4df83ee1ab83431f92383b727af3a0a7290e1c4e36c661c7e3a52e,11.800
355,100,b6da2d305b49f05ce92f834d1f96783370fae39067290e3c1e36466187e3a52e,11.833
356,100,b0de2d325b09f2dce92c834d1f86783370f2e3b067290e3c1c341e630fe3ad6e,11.867
357,100,b2db6d725b21f09de16c83693f047933f0f2e39247290e395c341e630f632d4e,11.900
358,100,b2cb2df21b23b699e17c83692f047b27f0f2e39247234e397c3414630f632d4e,11.933
359,100,b2436dd61b63b499e1fc83692f0c7b27f0f2e39647234e397c3414630f430d4e,11.967
360,100,b24f61de1b62b499e1bc83690d0c3b25f0f2e3b6c7236e397c3414730e634d4e,12.000
361,100,b2e9419e1b623499e1fc83680f1c3b25f0f2e3b6c7634e39f07494711e634d4e,12.033
362,100,b299419e1a623499a1f883f80f9c3a2df0f2e3b6c7234e39f074b4711e435f4e,12.067
363,100,b29941de1a623499a1f803f80f9c3a2de0f2e3b4c723ce39f074b4f11e435f4e,12.100
364,100,269949be3262749181f807f83f1c722de2f2c7b4c663de79c074b4e11c435f4e,12.133
365,100,26990bba3262649307f807f87f1cf22de2f2c7b48e43dc79c0f4a4e13c435a5e,12.167
366,100,26990bba32627493a5b807f83f1c722de2f2c7b4c643ce79e074b4e13c435e4e,12.200
367,100,b6d945981be23c93a1b007f80f983a2de0fac3b4c703ce39e07cb4f11e435f4e,12.233
368,100,b6c545981be67883e99207fa0f987a0ce0fac3b6c702ce3be07ca4f13c435e4e,12.267
369,100,b24645990bc63ac3e99227e20f9a3b0c70dae3b6c782ce3be07ca4f03cc35e5e,12.300
370,100,b24605890bce3ac7e99303e20f9a3b0c70dae3b6c786ce1bc07ca4f0bcc3de5e,12.333
371,100,9a4665898bce3a47f993a1e20f9a3b0c30dee1b6c786c61be07ca4f03cc31e5e,12.367
372,100,9b06e48d898e1b47f993a1e60dda1b0c308fe1b6c786ce1be03ca4f0bce31e5e,12.400
373,100,9b46e405c98c1a67f907a1e70dda1b8c308ee1b6c786c69be03ca4f0bce39e5e,12.433
374,100,9b46e405c98c1b677907a1e705da1b8c308ee1b6c786c69be43ca4f0bce39e5e,12.467
375,100,99063605c98e1b677983f1e605da1b8c3a0ee1b6c386c79be43ca4f0bee31e4e,12.500
376,100,9926b605498e8b672d83f8e781ca0f841a0f7096e386679bf63cb47096e35f4e,12.533
377,100,4d269305698cc9670c83f8a3e0ea8d849f063896f3e663db763cb67096734f4e,12.567
378,100,49269b25618dc9660c873c27f0eacd848f27389671e663cb723c3632d6734f6e,12.600
379,100,6c268b25240d69260d072d07f863c5c48f279c9671f6f3cb33bc3630d6734f6e,12.633
380,100,64060b25240d69268f072d077863e5c6cf279c9679f673c333bc3630d6734f6e,12.667
381,100,34064b25340d692685070d077863e5c6cfa69cd6b8f673e333bc1634d6734f6e,12.700
382,100,b41e4921130d6926c50704077873e4c6cda69cd638f671eb3bbc1e3652736f6e,12.733
383,100,bc1e4d31930d6924e12705073c3364c4c5a6ce1698f679eb3b9e1e3652726f6e,12.767
384,100,bc1cc930934d2d2ce10785872c2364c4e5a6ce0e9cf679e23b9e1e365a726f6e,12.800
385,100,be1e6930db4d2d24e10785870c3324e4e5a6c6061cf639ea399e1e365b726f6e,12.833
386,100,be0e6931db0d2d24e10785870c3b24e4e5a7c6061cf639ea199e1e365b726f6e,12.867
387,100,be0e69319b0d2d24e10785070c3b24e6e5a7c6561cf639ea199e1a365b726f6e,12.900
388,100,bc06c9211c0d2d26e10704073c6b64e6e5a7ced61cf639ea1b9e1e325b726f6e,12.933
389,100,bd06c921940c6d26e10705073c6b64e6c5a7ced618f639ea1b9e1e325b726f6e,12.967
390,100,bc06cb219c0c6926e50705073c6b64e6c5a7ced618f639ea1b9e1e305b726f6e,13.000
391,100,fd1ecb39360c6924e10705073c3b64c4c1a7cc9618f639ea3b9e1e3652726f6e,13.033
392,100,bc1edb389689692ced0d0d05386b64c4cd258c9e18f679ea399c1e34d2726f6e,13.067
393,100,34dadb389699792ce90d0d05383b64ccc9258c0e98f6f9ca399c1e34d6f24f6e,13.100
394,100,34d8cf7a96997938e3780505183964d8cb258c1cd896f9c3399c3c34d6f2cf6e,13.133
395,100,24db6c7a96d93498f17807191a396459c3258c1d9896f1c3399c3cbc96f2cf5e,13.167
396,100,26e368f296f33499f078a5991e317459c3218e199c94d9c1699c38bc96f2cf5e,13.200
397,100,02e368e786f324d9f079a599163174594171ce199c94d9c1699c38bc96f2cf7e,13.233
398,100,12e568e78263349bf079e4d9163174596131c6198c94d9c1699c38bcb6f2df7e,13.267
399,100,92e568e7ca6324d3707be4d9173134596171c6198c15d9c1699c38bc94f2cf7e,13.300
400,100,936568e7ca6724d3707be4d9973134596171c6198c15c8c1699d38bc94b2df5e,13.333
401,100,d36568e7ea6724d3707be4d9971134596171c6098c15c8c1699d38bc94b2df5e,13.367
402,100,d36568c7ea6724c3307bf4d99701365b6171c609cc1548c1699d38bc94b2df7e,13.400
403,100,d3657cc7ea6724c3387bf4db9701361b6131c609cc1548c1299d3cbc94b0df5e,13.433
404,100,d3657c47ea63a4c3387bf4d9970136597131c609cc1558c129dd1cbc94b05f7e,13.467
405,100,d3656847ea6324c3387bf4d9970136597171c609cc1578c129dd1cbc94b0df7e,13.500
406,100,d3656867fa6334c3387be4d99701361b6161c609cc1578c1699d3cbc94b2db5e,13.533
407,100,f3e56867e26334d3307be4d9971136196161c619cc1578c1699d1cbc94b2db5e,13.567
408,100,f6e56867e26334d3307be4d993113e196161c609cc1578c1299d1cbc96b2db7e,13.600
409,100,f6c56867e26334d3307be4d993113e196161c609cc1578c3299d1cbc96b2db7e,13.633
410,100,b6c56867e26334d3307be4d996313c196161c619cc1578c3299c1cbc96b2df7e,13.667
411,100,b6c56867866334d3307be5d9963134196361c619cc1578c3299c3cbc96b2df5e,13.700
412,100,36c5686786e324d3327be5d9963134196361c619cc1578c3299c3cbc96b2df5e,13.733
413,100,36c5686786e324d3307be5d9963134196361c619cc1578c3299c3cbc96f2df5e,13.767
414,100,36c5686786e324d3307be5d9963134196361c619cc1578c3299c3cbc96f2df5e,13.800
415,100,36c5686786e324d3307be5d9963334196361c619cc1578c3299c3cbc96b2df5e,13.833
416,100,f6c56867e26334d3307be4d9963134196361c619cc1578c3299c3cbc94b2df5e,13.867
417,100,f3e56827e26334c3307be4db971336196161c609cc1578c1699d1cbc94b2df5e,13.900
418,100,93057867ee6724c3327be4db9703361b7171c609cc1578c1299d1cbc94b0df5e,13.933
419,100,9b057dc6eb6724c33a6be4ca9703361b7131e609cc1558c1299d3cbc94b0df5e,13.967
420,100,93456dc6eb6724833a6be4ca9707361b7351e609cc1558c1299d3cbc94b0df5e,14.000
421,100,93457d84eb6724c3386be4ca9307361b7371e609cc1558c129d93cbc94b1df5e,14.033
422,100,93457dc4eb6724c3386be4ca9307361b7371e609cc1558c129dd1cbc94b0df5e,14.067
423,100,93457dc6eb6724c33a6be4ca9703361b7331e609cc1558c1299d1cbc94b0df5e,14.100
424,100,93c57f66eb6724c33a6be4cb9303361b7131e609cc1558c1289d1cbc94b0df5e,14.133
425,100,93c57f66eb67a4c3326bf4cb9303361b7131e609cc1578c1289d1c9c96b05b5e,14.167
426,100,9bc57f66ef63a4c3327b24cb9303361b7131e609cc1578c1289d1c9c96b05f5e,14.200
427,100,93857f66eb67a4c33a6b74cb93033e1b7131e609cc1578c1289d1c9c96b05b5e,14.233
428,100,93c57f66eb67a4c33a6b34cb93033e1b3371e609c41578c1289d1c9c96b05b5e,14.267
429,100,93c57f66eb67a4c33a6b34ca93033e1b3351e709c41578c128cd1c9c96b15b5e,14.300
430,100,9bc57f64fb67a4c31a6b34ca93031e1b3351e709c41578c128cd1c9c96b15f5e,14.333
431,100,9bc07de4fb67a6c31a6b34ca93031e1b3351e709c615784128cd1c9c96b95f5e,14.367
432,100,dbc03de4fb67a6c31e6334ea83031e1b33f1e309c615784128cd1c9c16b95f5e,14.400
433,100,dbc03de4fb67a6c31e6334ea83271e1b3271e309c615784128cd1c9c16b95f5e,14.433
434,100,dbe03fc4eb67a6c31a6320eb83a71e1b3271e309c615784128cd1c9c1e997f5e,14.467
435,100,dbe03fc4eb66a6c31a6330eb83a7161b3271f309c6157c4128cd1c1c1e997f5e,14.500
436,100,dbe03fc4eb66a6c31a6230ea83a79e1b32f1f309c6157c4128cd1c1c1e197f5e,14.533
437,100,dbe43de4eb6686c31a6230ea83a79e1b33f1f309c6157c4128cd0c1c1e197f5e,14.567
438,100,cbe03fc46b66e6c31a6230eac3a79e1b3af1f309c6157c4128cd0c1c1e197f5e,14.600
439,100,c3e80fc46b66e7c31a6330eac3a79e5b3bf1f309c6057c4128cd0c1c1e197b5e,14.633
440,100,c38907cc6b66e7c29b6232eac3e79e5b1bf1f309c6055c4128cd8c1c16197f5e,14.667
441,100,c19907cc6966e7c2df623aeac3e79a5b1bf1f309c6055c4128c98c1c16197f5e,14.700
442,100,c19c0fcc6926e7c2df663aeac1e79a5b9af0b309c6055c412cc98c1c9e196f5e,14.733
443,100,c11c07cc6926e7c2cf667aeac1e79b5b9af0b309c6055c41acc98c1c9e196f5e,14.767
444,100,c11803cc6926e7c2cfe67aeac1e69b5b9af0b309c6055e41acc98c1c9e197f5e,14.800
445,100,c11983cc6926e7c2cfe67aeac1e69a5b9af0b309c6055e412cc98c1c9e197f5e,14.833
446,100,c39983cc6926e7c2cfe67aeec1e69a5b9af0b309c60556412cc98c1c9e195b5e,14.867
447,100,c19d03cc6926e3c2cf667aeec1e69a5b9af0b309c6055e412cc98c1c9e197f5e,14.900
448,100,c19905cc6926e7c2cf667eeac1e78a5b9bf0b309c6055e41acc98c1c96196f5e,14.933
449,100,c19901cc6926e3c2cf627eeae1e78a5b9bf03309e7057e41acc98c1c96196f5e,14.967
450,100,419d01cc6926e3c2cf667eeae1e68a5b9bf03309e7055e41acc98c1c9e196f5e,15.000
451,100,419d01cc6926e1c2efe67e6ee1e6825b9af03349c705d641acc98c1c9e197f5e,15.033
452,100,419dc1cc6926e1c4efe67e6ee1e6c25b9af21349c7055641acc98c1c9e196b5e,15.067
453,100,419d40cc6926e1c2efe67e6a61e6c25b9af21369e7057641ac4d861cde196b5e,15.100
454,100,419d40cc6926f1c2efe67e6e61e6c25b9af01369e3057641ac4d861cde196b5e,15.133
455,100,419d40cc6926f1c2efe67eee61e6c25b9af01369e3057641ac4d861cda196b5e,15.167
456,100,419d00cc6926f1c2ef667eee61e6c25b9af01349e7057641accd861cde196b5e,15.200
457,100,c19901cc6966e1c2cf627eeee1e6825b9bf03349c7057e41accd8e1c96196b5e,15.233
458,100,c199018c6966e7c0db627aeec1e7825b99f1b309e6057e41accd8e1c96196f5e,15.267
459,100,c1d9098c6966e7c2df6272eec3e7825b99f1b309c6057c41accd8c1c96194f5e,15.300
460,100,c1d909ac6b66e7c0df6230eec3e7925b9bf1b309c60574412ccd8c1c96195f5e,15.333
461,100,c1c909ac6b66e7c2df6230eec3e7965b1bf1b309c60574412ccd8c1c96195f5e,15.367
462,100,c1d9098c6b66e7c0db6270eec3e7965b1bf1f309c6057c4128cd8c1c96195f5e,15.400
463,100,c199098c6b66e7c4db6270eec3e7965b1bf1b309c6057c4128cd8c1d96195f5e,15.433
464,100,c199098c6966e5c4db6674eec3e6925b9bf0b349c605fe412ccd8c1c96195b5e,15.467
465,100,c1d9018c6966e5c4db667ceec1e6925b9bf0b349c705d641accd8c1c96195b5e,15.500
466,100,c1dd018c6966e1c4df667ceec1e6925b9bf0b349c705d641a8cd8c1c96195b5e,15.533
467,100,c1dd018c6966e1c4df667ceec1e692db9bf0b349c7055641a8cd8c1c96195b5e,15.567
468,100,c1d9018c6966e5c4db667ceec1e692db9bf2b349c705d64128cd8c1c96195b5e,15.600
469,100,c19901cc696ee5c4db667ceec1e692db1bf2b349c705d64128cd8c1c96195b5e,15.633
470,100,c1d901cc692ce5c4df667ceec1e692db1bf2b341c605f64128c98c1d96195f5e,15.667
471,100,c1d981cc492cedc4df667ceec1e696db1bf2b341c605d44128c98c1d96195f5e,15.700
472,100,c159859d492cedc4cfe66ceec1e692db1bf2b341c605d44128c98c1d96995f5e,15.733
473,100,c31b859d492ce9c4cbe668eec1e692d79af2b361c605d64128c98c1d96995f5e,15.767
474,100,c31b84994b2ce1c6e9a67ceee1e692e79af2b361c605d64128c98c1d96195f5e,15.800
475,100,c01b84994b2ce1c7eda67c6ee1e693e69af2b361c705d64128c98c9d96195f5a,15.833
476,100,c01b8499492ce9c5eda67e6ee1e693e69af2b361c705d64128c98c9d96195f5a,15.867
477,100,c01b8099492ce9c5ede47e6ee1e683f69ef2b361c705d64128c98c9d96195f5a,15.900
478,100,c01b80d9492ce9c7eda46e6ee1e6c3e69ef2b361c705d64128c98c9d96195f5a,15.933
479,100,601b8699492de945e9a54f6ee1e683e69ef6b361c701d64338c90c9d96195f5a,15.967
480,100,64368799490deb07e9855b6ee1e683e61ff633618705864370c91c9d9499df5a,16.000
481,100,60769719091dcb47c9851b6ec9e683e63ff633e28607864770c9189d34b9d75a,16.033
482,100,64d687131919cb67c9851b6fc9e683a63ff63362a607844770cb389d34b1975a,16.067
483,100,65d687331919cb6709051b6fc9ee87a63f9633c226078c47e0cb389d34b1b75a,16.100
484,100,6dd607335919cb6709051a6fcbec97a63fd6734226138c47e0c9789c2cb1b55a,16.133
485,100,6dd60f733839926f0b059a6dcbec9f263c9677c226138c47c0c971bc28b1b55a,16.167
486,100,6d960e7378399a6d090dba6d9bcc1f267c96f6422e170c47c0c971bc68b1b55a,16.200
487,100,6d960c7338199a6d1b0dba6c9bcc1f267496e6c66c171c47c0c9f1bc68b1d55a,16.233
488,100,49960c637831ba2d1b0db26d9bcc1f0e749ee6c66c171c47c3c9e1bc68b1755a,16.267
489,100,c91e0ce37821f26d1b09b26db3cc1f2e749ee6c64c171c468789e1bd68b1b55a,16.300
490,100,c99e0ce27ca1fa651f013269b3ec1f267476e6c64c161c4687c9e1bd49b1b55a,16.333
491,100,cb1e8ce65da3fa271f213a69f3ec9b067c16e3c646160c4686c9e18d60b1f55a,16.367
492,100,c91ec9ce19b37a2f0f233b69bb6c9b063e1673c666160c4684c9e18d68b1f55a,16.400
493,100,c916c8cec9f27a2ecf231f293a6d9b07bf1671c666168c06c0c9a98d68b1f55a,16.433
494,100,4816eccec8f2783e4f231f691e6ddb079f1638c66616ce06f0c1a98d68b1b55a,16.467
495,100,0a56cc9ed8f3789e63231f611e69db079f1638c67616c606f0c3a98d68b1b55a,16.500
496,100,03728f9ce0d3689e612b1e611e69db879f1638c67616c606f4c3e98d78b1b55a,16.533
497,100,83720f0de4d3489ee12f8ce33e69db219f123cc67216c606b6c3e9cd58b1b55a,16.567
498,100,f2720f6c27f1099ee12fc8e33e69fb219f123cc67216c606a6c3e1cd51a1e552,16.600
499,100,f25e0e5c37f9099bc10fc9e33c697b219f13bcd67216c606a6c3c1cd51a1a552,16.633
500,100,f352da5c7e591f99031cc9eb0cad7829971bbed07096c61624c353cdd169a552,16.667
501,100,13d3cb467e4c3e49131ccbe984ed586dd7199f9838d2f616264352cdd169a552,16.700
502,100,4bb3c9e3c96e7d611f0c4b68c1ed086dc3199f9839d0ff06260772cdd169a552,16.733
503,100,76b9c9f3c9676d633f0e0b7cc1e9c4ec430dc79d9cf81b062606324dd129a552,16.767
504,100,368dda7bc8eb2c632f030b1ee9f2e4e4f22dc38d9cf81b86a706b34d5029a552,16.800
505,100,168ddb99e87b647337638f122df2e4e4f8a7718d84bc0996a7869b455029b552,16.833
506,100,13ccd38de94c6c7916638b128dd264f6f8a7718dc4bc0996b3c6bbc55829b552,16.867
507,100,13c4938dcb4cfc79366387138fda647678a37085c6bc8996a3c6abe55829b552,16.900
508,100,166593cddbccfc693c6303178fdaa63058b338a7d6bc8896a3c6a3e55029b552,16.933
509,100,066793cf5bcc7c6938618b1385dae6325c3338a3f6bcc89683c6b3e1d129b552,16.967
510,100,066713cfd9cc7de93a658b1385dae63254e330b3f69c889683c6abe1d129a552,17.000
511,100,237313cfdb4c6de93a658b138d5ae630546330bbf61c889683c653e1d569ad52,17.033
512,100,2b3393cefb4c7de92a658e1b0d50ee30547274b9e89c98b4a3d657c195492d52,17.067
513,100,073393cedbc875692a67871b0f50f432545274b9f85c98a52bd657e1b5492956,17.100
514,100,0533b3ced9c9f5692a250d1b0b34fc32145274b9d8dc9aa54bd657c9b5496956,17.133
515,100,073303ced159fd696a6d0d1f0bb4fc32155275b9d2588aa54b9457cba5496956,17.167
516,100,453302ced159f9696e6d0d0f4bb4ae329572f5bbd0588aa54a9695cba5496956,17.200
517,100,0c73028ef159f969666f054f4ab4ae34947275fbf0d0aaa5429695cba54b6956,17.233
518,100,4d33528eb15be9496c6f0d4e4abcae349572757bf058aaa5429695cba5494956,17.267
519,100,4c334287915be949ec6f1d4e5abcaeb49572757bf050aaa5529495cb2d4b4856,17.300
520,100,4c3342a7815be9c9654b354e5abceeb49476f55af450aaa552b495cb294b4a56,17.333
521,100,0c334aa7911be9c9656b254e4abceeb49c76757af450aaa552b695cba9494856,17.367
522,100,0c334a97d19be969756b854e4abcaeb48432153bf458aaa54a96d7e9a5496956,17.400
523,100,67336a17c19b79693769844f4a9caf94843215bb55588aa56ad657e9b5492956,17.433
524,100,7731ea17419b7d693f618447e8dc239cc41294bb1758cea5ead652e195492d56,17.467
525,100,5731e317499b7d6939699443e85c239cc61294bb1f585ea5aad652e19549ad56,17.500
526,100,57b0e313699b796939691563e844a39cc61294bb1f5856a7a8d672e19569ad56,17.533
527,100,17b0e312699b5d6939695363ec44a39ce612d4bb175846a7a8d67ae1d569a552,17.567
528,100,17b8f312e99b6c691d695263ec44a3dca312d4bb975846a7a9566ae1d169a552,17.600
529,100,1698f31269db6c691d694363e544d3dca512d2bb97d84697b556aae15161b552,17.633
530,100,96d8f31269db6c691d694b63e54473cca512d29b979846973556bae159619552,17.667
531,100,96d8f31271db6c698d694b63a546fbccb192d29b979822977456b8e159219552,17.700
532,100,96d8f392714b6e698d694b63b566fbcc3592529b9798229754d6b87149219552,17.733
533,100,96d87b92714b2e698f694b633566fbcc3192529b97d8229774d6b87149219552,17.767
534,100,86d87b9279cb2e698d696b233746fbcc91925a9bd7d8a29734d6387049219552,17.800
535,100,82d87b93784b2e698d616b233746fbcc91935a9bd7d8a29734d639704921d552,17.833
536,100,92d87b93704b2e69cd6169233746fbcc91935a99d7d8a21734f659714921d552,17.867
537,100,dad97993304b2e69cf63e9233744f9cc11935a99d7d8a21734f6597149219552,17.900
538,100,dad97993384b2e29cb6361233744e9cc51935a99d7d8a21774f6796169219556,17.933
539,100,cad9799328493e29cb6361233744e9cc5493de99d7d8a21774f6796169219556,17.967
540,100,cad979932c499e29cb636123374ce8cc50939e99d7d8a21734f679696921d556,18.000
541,100,cad9799368499e29cb236123374cebcc509b9e99d6dca21734f679694921c556,18.033
542,100,c2d87993384b1e29cb6361237744ebccd0939e99d6fca21734f6796969218556,18.067
543,100,c6d87993304b3c294f63ad637744efccd0939c99d6fc861634b6796969210556,18.100
544,100,c4d85b93634b7c694d6309636744e7cc9193149bd6fc863634b6f9e949612556,18.133
545,100,84d84b93634b7c690d634963eb04e7cc9193149bdefc863634b6f9e9c9612556,18.167
546,100,94dc4b92634b7ce959616963ab04c6ccd192349b9efc863664b6f9e9c9612556,18.200
547,100,96fccd92674b78e959614963ab04e6ccc192349b1ef89e346696f9e9c9610556,18.233
548,100,d4fc4d92670b78e95961cb62ab04768cc59a349b3efc9eb40696f9e9c9610554,18.267
549,100,1c9c4d9ae70be86959613b628e059e8ce59a349b3ef81eb40696fbe9cb611d44,18.300
550,100,7c9c499bc30be86b79633a660e0d2e1ce59a609b7efc1e340686dbe9ca453d44,18.333
551,100,f8b8499b0f09e969f36332663e8d3f1ec19ae29bf6f8b4340646cbe982453544,18.367
552,100,c9b01b1b3e0b69e9e3e324e57cad3f1e8932c69bf6d8f4a414469fe902856154,18.400
553,100,d3b0ff1b7c4b09e1a7c66dcce82dfa3693329693c6c0e0e4fc163e892685c154,18.433
554,100,93b2fc1b485b0be12dc7c94de03d76763332949386d98ae4f4467e896c8d915c,18.467
555,100,1732ec5bc85b3bc17dc689498039b6f63672d4929fd902e4d54eeea94c89155c,18.500
556,100,3632685bc1db7fcd7d0e99490179b4f6767294329e9112c4d55eeaa9cc09155c,18.533
557,100,3632685bc1db7fcd7d0e9949016984f67676b4329f9152c4c55eeaa9cc09155c,18.567
558,100,3630681bc15b7fc97d4e9949816984f67676f5329f9112c4d55eeaa9cc09155c,18.600
559,100,1fb06c1bc05b3bc97d4e5949816984f67676f4329f911ac4d45eeaa9cc89155c,18.633
560,100,1fb06c1bc05b3bc97d4f59498129d4f63276d4329f991ac4d45eeea96c09155c,18.667
561,100,1fb06c1be05b2bc17d474949c129d4f63336d6b29f998ac4f45e6ea96c09155c,18.700
562,100,13b0fe1af85b0be90fc74949e929f656b336169296998ac4f4566ea96c8d115c,18.733
563,100,83f0bf1b7c1b4be90fc34d69f92df25691361692d69980e474467ea92e85815c,18.767
564,100,c3f81f1b7c1b49e907632d697dadf2569136169aced9c0e436463ea12685c15c,18.800
565,100,e1dc9b9b3e0b69618363a4696dadbb56d0b6169ae6c9f474166617a12685c15c,18.833
566,100,e8dcc3db1f0b6961c363e4692cad3b56dc96829ae6c8fc34932697a18285e55c,18.867
567,100,68dec3ca1f0b6b61c363a46d2fad1b56dc96829ae6e8fc34172697a18285655c,18.900
568,100,68da8b4b1e4b6961c363e42d2fad1b56dc96129ee6e9fc34172697a98201e55c,18.933
569,100,e0da8f4b1e0b4b61e363e42d2bad1b56f49612dae6e8fc34172797a18205e55c,18.967
570,100,f0d89f4b1f0b6b61e163642d0bac1b56f49680daf6ecfc34932797a18205e55c,19.000
571,100,f0dec34b1f29e961e161a42d0bad1f56fc9690dcf6e47c34813793a19245655c,19.033
572,100,78dcc34b0f296971f161242d09ac1f567c9680df36ec7f14c127dbb9d245654c,19.067
573,100,78dcc34b8f0b6971f161b60d09ac0fd2369290ceb6ec6f14c137dbb9d3652544,19.100
574,100,3c4e434bcb0b69717971b60da8ac0d561e96b0cfb6ec2f94c113dbf9d9252544,19.133
575,100,3e4e794bc30b69717971970da0ac61d61e92b0cf92fca794c193dbb95925a544,19.167
576,100,1e4e7b4bc30b69717971938de4cc81d29e92b46f92fca790e0935bf94925a544,19.200
577,100,1f66796be3c92d715d31d30ca42c81d297d2b42f92fcb7d4e0936bb86925a144,19.233
578,100,1f6269cbe3990d784d29d34ca46f8bd287d2142fdafcb794749369f869258144,19.267
579,100,1f6261ebeb590d305929c3cca42fcb52d7d2942dfafc9794f49369b829259144,19.300
580,100,1f62708be9590d38592de3cca41bebd287d6942dfbfc8794749369b829259146,19.333
581,100,0f73728be9590c397b2de3cc241bfbd206969c2dfbfc8494749369bc09258546,19.367
582,100,0fe36289ed580c39fb4de3cc001bfbd216969c2dfff885967c9349b849258546,19.400
583,100,56e36299cd780d39fb4da7cc283bdbd216869c2ddbf884967c9349bc49258544,19.433
584,100,56e3e299cd701969fb0d27cd2013d3d21696982dd7f88596f8b35bbc49258546,19.467
585,100,5ce3c299c9703969ef0d2f8d3077f7d23416182d96d88516e0b3dbf85925a554,19.500
586,100,dcc3c29949717969ef0d6f897076b7d6349650ad96d08516c1b3d3e85925255c,19.533
587,100,d5c2c21b1b79f9696d494d09707697d6749670adb6d80d16c13393e9f8252d1c,19.567
588,100,d5c6963b1b79e1694d494d19e1368796fc96f0fd36981d168023b3e9b0616d1c,19.600
589,100,d5c6163b1b69e1690d495d39e1768786f4d6f0d936911d161223b7e9b0696d1c,19.633
590,100,ddce1c3b3b61e1696d49d939e1662f96ddd6d099f6911816122326e9a069e15c,19.667
591,100,99ce373b7b61cb490d49f939e9e62f86d55ec099fe919816122326e9a269c154,19.700
592,100,99ce3d3b7b61c3496d49f979a1662d16dd568099fe91b85612232ee96269c154,19.733
593,100,99d61d3b7b69eb416d49f979e16e2c86ddd68099f691b81612232ee96249c154,19.767
594,100,e9d61d3b7b69e3610549f979e17e0d86dd56c0dbf6919816122326e96269c154,19.800
595,100,e9c6153b3b61e3610d49d939e97e0f86dd56c0dff6919816122326e9e269e154,19.833
596,100,c9d61d3b7b69e3610549f979e17e0f86dd56c0dbf6919816122326e96269c154,19.867
597,100,d9c61d3b7b69e3610549f979e97e0d86dd56c09bf6919816122326e9e269c154,19.900
598,100,d9ce343b7b61e3490d49f979e9760f86dd56c099fe91981612a326e9e269c114,19.933
599,100,9d5e353b7b61e1491d49f979e5660f06dd56c099fe91981612a326e9e269c154,19.967
600,100,9d5237397b61e1491d49f979e5660f86d55ec0b9fe919a1632a326e9e049c154,20.000
601,100,d55a37396b61e9491d49f979ed660f86d5dec0b97e909a1612a326e9e069c114,20.033
602,100,d54a3739fb61e9490d59f979ad660f86d4dee0b97e909a1612a326e9e069c114,20.067
603,100,d5431739fb616949cd49f979ad660f86d4dee0b97e90991612a326e9e069e114,20.100
604,100,f54a1339fb616169cd19f979a5660fc6d4dee0997e90991612a326e9e069f114,20.133
605,100,f54a1739fb616169cd59f979a5660fc6d45ee0997e90991612a326e9e069e114,20.167
606,100,f55a1739fb616149cd49f979ad660f86d45ee0b97e90991612a326e9e069e114,20.200
607,100,d55a3f39fb616149dd49f979ad260f86d05ee0b97e909a1612a326e9e069d114,20.233
608,100,d55a3e39fb616149cd49f97bad260f96d0dee0b97e90981612a326e9e069d114,20.267
609,100,d55a3679fb616159cd49f97bad260f96d05ee0b97e90981612a326e9e069d114,20.300
610,100,d51a1739fb616149dd49f979ad260f86d45ef0b97e90981612a326e9e069f914,20.333
611,100,f55e13397b606149cd49f979ad660fc6d45ef0997e90981612a326e9e069f914,20.367
612,100,ed5e133f7b606169cd49f979a1660f86dd56f099fe90981612a326e96069f114,20.400
613,100,edde123f7b606169cd49f97920660f86dd5ef099f690981612a326e9e069f914,20.433
614,100,e9de102f7b606179c549f97921668f86dd5ef09bf690991612a326e96069f914,20.467
615,100,fdce002f7b606149c549f97921760fc6dd56f09ffe90991612a326e96269f114,20.500
616,100,fcc640af5b236161a549f959b07f8fc69d56e09ff6909916123326e96269f114,20.533
617,100,fac6c08f5f2e6963e149f959307987968d56f09ef6989916909326e96269f114,20.567
618,100,e9c6c88f1b2f6b636149f959307987c68d56f09ef6989d16901326e96269f914,20.600
619,100,eac4c88f1f2f6b632149f9593079a7c68f56f01ef6989d16901326e96269f914,20.633
620,100,fae4c08f5f2f6b666449d9493079a7b69f56d05ee6989d14901326e96269f114,20.667
621,100,dad4c08f1faf6b676443ddc9307927969f56d05ee6989d14901326e96269f114,20.700
622,100,dac0d82f5f2f6be76441dd59307927b69f56d05ee6989914901366e96069f114,20.733
623,100,dbc4480f5f2f69e74dc9d959307926b69f56c09ee6b89916901366e96069f114,20.767
624,100,dbd4012f5e2e69e74dc95d59b0792ea69f56c09eee949916901366e96069d154,20.800
625,100,dbc6192f7f2f69e70d49f159e0792e869d56809eeeb4911610136ee94469d154,20.833
626,100,93ce1d2f5f2ec9e30dc9b17962790e86bd568297cab0d516a2974ee944c99154,20.867
627,100,939e7d2ed56ec9e30909a17962e13ea6b256029f5fb0b556aa974ee944c98154,20.900
628,100,033e7d2ed56a49c12959a2794aedba8632d602b3d7b0b056aab75fe95549a154,20.933
629,100,112ef96e8d6359c92b1962794ee67a9622d617b395b0a2564ab75de99549a154,20.967
630,100,5b3eed6e8dc319892b5962f95ca63a9622d616b195b0a2565aa75de99549a154,21.000
631,100,786ef962cbc159892b5962f95ca6ba5622d613b1b5f0a2564aab5de99549a154,21.033
632,100,582efd63c3e109892b5962795ea6ba5622d653b1b5f0a2564abb5de9c549a154,21.067
633,100,782efd62c1c149c92b5960794f26ba5622d6d2b9f5d0a2564abf55e9d549a154,21.100
634,100,7c0eed63c1c109192b5960795f26ba56a2d6d2b9f590a2574ab755e9d549a15c,21.133
635,100,5c2eed63c1e109592b5960794f26ba56a256d3b9f590a2174abd55e9d549a15c,21.167
636,100,1c2eed6340e14959ab59206b5f26ba56e056d4b9f5d4b2170abd54e9d549b91c,21.200
637,100,1e2e656340e14d19b959204d4f66bd56a056dab9f5d4b2172abd56e95549b91c,21.233
638,100,1f2e757360e14dc9b959204b4fa6bd56e056d4b915d4b016aab546e95549bd1c,21.267
639,100,1f26057360e94dc9b959204b6fe6ad56b8567eb915d4b016aabd46e954499d1c,21.300
640,100,9fa6307378e94d499959204f4fa68d56b8567eb914d49416aabd66e954499d1c,21.333
641,100,97a6707378e94d599949e94b4fe68556b8566eb914d49512aabc62e974498d1c,21.367
642,100,86a630737ae14f599949b94b4be68d56bd5626bd14d4dd12aabc22e974498d1c,21.400
643,100,c7a610337e796dc9d949ab0b23a69546bd5624bd04d4df02a2fe22e97749cd14,21.433
644,100,c3a718333af92dc9d949bb6923b6c5161d56a4bd84d4df0222be2279ff01cd14,21.467
645,100,c3a71a3b3a6123e94909ff09a1b7c5561d46b4bdc4d4df92011e223dff41e554,21.500
646,100,4386d8331a73277949495b69a1f7e5161d4696bfe0d4dfd2001ea239bf61e544,21.533
647,100,63e6e8931a7322f949495f0929b9e5161d4696bfe4dc4fd2011e903dff616544,21.567
648,100,65e668871a63b27969694f0938f9f036874696b7f0dc4fd2011e903dff616544,21.600
649,100,65c679871a33b27969494f09b9b9f09627d696b7f0dc47d2001e903dbf616544,21.633
650,100,65c679870a33b27969494f49b9b9f09627d696bff05c47d2001e903dbf616544,21.667
651,100,65c679871a23b27168494f0939b9f0b69f4696bff4dc47d2011e903dbf616544,21.700
652,100,63c669871a232af168495f4939b9e0b61d5696b7f0dcdfd2011e803dbf61e544,21.733
653,100,67c649871a6326f149695b49a9f9e1961d46b4bfc0dcdfd2011ea039bf61e544,21.767
654,100,63c6c9a71a6322f149695f092bf9e4361d46b4bfc0d4df92015e2239ff61e544,21.800
655,100,63c649a71a6322f149695f092bf9e5361d46b4bfc0d4df92011e223dff61e544,21.833
656,100,63c649a71a6322f149695f092bf9e5361d46b4bfc0d4df92011e223dff61e544,21.867
657,100,67c649871a6322f149695f492bf9e5361d46b4b7c094df92015e223dff61e544,21.900
658,100,6fc649871a6322f149495f492bb9e1b65d46b4b7e094df92015e2239ff61e544,21.933
659,100,efc449871a632af148495f492ba9c1b65d46b4bf80dcdfd2015e2239ff61e544,21.967
660,100,cfc4c1863a632af14849ff492ba9c1b65d56b4bf80dcdfc2015e22397f61e544,22.000
661,100,cbc4c1863a632ef14869ff492ba9c5b65d56a4bf80dcd742895e22797f41c544,22.033
662,100,cbc4c1863a632ef14869f94933a9c5b6dd5624b780dcd7428b5e22f97f49c544,22.067
663,100,ebc4c1067a636ee14869b90973a9c5a6bd562cbf04dcd512ab5622f97749c554,22.100
664,100,ebccc10678636ee14969b84973a985b6bd562cbf04dcd512ab9622f97549c554,22.133
665,100,cbccc30678636ee14969b84973a985b6bd562cbf04dcd542ab9622f97549c554,22.167
666,100,cbccc30e78636ce14969b84973a985b6fd562cb704dc9552aa9622f97549c55c,22.200
667,100,cbccc30678676ce14969b84973a987b4bd562cbf04fc9552aa9622f97549c51c,22.233
668,100,cbccc30670676ce14969b84973a987b6bd566cbf04dc9552aa9622f97549c51c,22.267
669,100,cbccc30670676ce14d69b84973a987a6bd566cbf04dc9d52aa9622e97549c51c,22.300
670,100,cbccc32670676ce14d69b84973a987a4be566cbf04dc9d12aa9662e975498d1c,22.333
671,100,cbcc832670676ce34969b84973a987a4bc567cbf04dc9d16aa9662e975498d1c,22.367
672,100,ebcc8b06f0676de34969b84973a985b4b4567ca714dc9d16aa9642e975498d1c,22.400
