0,100,d6a596d90d384b697961000fbfd20583e5867d7d0169dfc896b7a4a4fef4480e,0.000
1,100,96a596f90d384b697961001fbed20593e5867d7d0169d7c894b7a5a4fef4480e,0.033
2,100,96a596f92d384b697961001f3ed20593e5867d7d0169d7c896b7a5a4feb4480e,0.067
3,100,86a596f92d384b69f961011f3ed20d93e5067d7d0169d7c814b7a5a4feb4484e,0.100
4,100,86a586f925384b69f961011f3ed20d93e5067d7d0169dfc816b7a5a4feb4484e,0.133
5,100,86a586f92d384b69f9e1011f3ed20d93e506797d0169dfc814b7a5a4feb4484e,0.167
6,100,86a586f92d384b69f9e1011f3ed20d93e506797d0169dfc814b7a5a4feb4484e,0.200
7,100,86a586f92d384b69f9e1011f3ed20d93e506797d0169dfc814b7a5a4feb4484e,0.233
8,100,86ad86fd2d384b69f9e1001f3ed20d93e506797d0169d7c814b7a5a4feb4484e,0.267
9,100,86ad86fd2d384b69f9e1001f3ed20d93e506797d0169d7c814b7a5a4feb4484e,0.300
10,100,86ad96f92d384b69f9e1001f3ed20d93e506797d0169d7c814b7a5a4feb4484e,0.333
11,100,86ad86fd2d384b69f9e1001f3ed20d93e506797d0169d7c814b7a5a4feb4484e,0.367
12,100,86ad96fd2d384b69f9e1001f3ed20c93e5067d7d0149d7c814b7a5a4feb4484e,0.400
13,100,86ad86fd2d384b69f9f1001f3ed20c93e506797d0149dfc814b7a5a4feb4484e,0.433
14,100,86ad86fd2d384b69f9f1009f3ed20c93e506797d0149d7c814b7a5a4feb4484e,0.467
15,100,86ad86fd2d384b69f9f1009f3ed20c93e506797d0149d7c814b7a5a4feb4484e,0.500
16,100,96a586fd2d384b69f9e1009f3ed20e93e506797d0149d7c814b7a5a4feb4484e,0.533
17,100,96a5a6fd2d384b69f9e1011f3ed20c93e506797d0149d7c814b7a5a4feb4484e,0.567
18,100,94a5a6f92d384b69f9e1011f3ed20d93e506797d016997c814b7a5a4feb4485e,0.600
19,100,94a5a6f92d384b69f9e1011f3ed20d93e506797d016997c834b7a5a4feb4405e,0.633
20,100,94a5a6f92d384b69f961011f3ed20f93e506797d016997c834b7a5a4feb4405e,0.667
21,100,94a5a6d92d38cb69f9e1011f3e920d97e50679fd016996c834b7a5a4feb4405e,0.700
22,100,84a5a6d92d38cb69f9e9001f3ed20d97e50679fd014997c834b7a5a4feb4405e,0.733
23,100,84a5a6d92d38cb69f9e9001f3ed20d17e50679fd014997c834b7a5a4fef4405e,0.767
24,100,94a5a6d92d38cb69f969001f3ed20d17e50679fd014997c834b7a5a4fef4405e,0.800
25,100,84a5a6d92d38cb69f969001f3ed20d97e50679fd014997c834b7a5a4fef4405e,0.833
26,100,86a5a6d92d38cb69f969001f3ed20d17e50679fd804997c834b7a5a4fef4405e,0.867
27,100,86a5a6d92d38cb69f9f9009f3ed20907e50679fd804997c834b7a5a4fef4404e,0.900
28,100,86a5b6d96d38cb69f1f9009f3ed20907e50679fd014997c814b7a5a4fef4404e,0.933
29,100,86a5b6d96d38cb69f1f9009f3ed20107e50679fd0049d7c814b7a5a4fef4484e,0.967
30,100,c6a5b6d92d38cb69f0f9809f3ed20107e50679fd0049d7c814b7a5a4fef4484e,1.000
31,100,c6e5b6d90d38cb69f0f9809f3ed20107e50679fd0049d7c814b7a5a4fef4484e,1.033
32,100,c6e5b6d90d38cb69f0f9809f3ed20107e506797d0049dfc814b7a5a4fef4484e,1.067
33,100,c6e5b6d90d18cb69f0f9809f3ed20107e706797d0049dfc814b7a5b4fef4480e,1.100
34,100,c6edb6d90d38cb69f0f1809f3ed20107e706797d0049d7c814b7a5b4fef4480e,1.133
35,100,86edb6d90938cb69f0f9809f3ed20107e706797d0049d7c814b7a5b4fef4484e,1.167
36,100,86e5b6d96938cb69f0f9809f3ed20107e50679fd0049d7c814b7a5a4fef4484e,1.200
37,100,86a5b6d96938cb69f1f9009f3ed20107e50679fd8049d7c814b7a5a4fef4484e,1.233
38,100,86a5b6d96d38cb69f9f9009f3ed20107e50679fd804997c814b7a5a4fef4404e,1.267
39,100,86a5b6d96d38cb69f9f9001f3ed20107e50679fd804997c834b7a5a4fef4404e,1.300
40,100,86a5b6d12d38cb69f9f9201f3ed20907e50679fd804996c834b7a5a4fef4405e,1.333
41,100,86a5b6d10d38cb69f9fb211f3ed20d07c50679fd804996c834b7a5a4feb4405e,1.367
42,100,86e5a6d14d18cb69f9fb211f3ed20f06c50679fd804996c834b7a5a4feb4405e,1.400
43,100,866da6d14d38ca61f1fb219f3ed20f06c50679fd814996c834b7a5a4feb4405e,1.433
44,100,866da6f14d38ca61f1f3219f3ed20f06c50679fd81499ec834b725a4feb4405e,1.467
45,100,866da6d14d38cb61f1f3219f3ed20f06c50679fd81499ec834b725a4feb4405e,1.500
46,100,866d26d14d79ca61f1f3219f3e520f06c50679fd81499ec834b725a4feb4505e,1.533
47,100,866d26d14d38da61f1f3219f3ed20f06c50679fd81499ec834b725a4feb4505e,1.567
48,100,866d26d14d78da61f1f3219e3ed20f06c50679fd81499ec834b725a4feb4505e,1.600
49,100,866d26f14d78da61f1f3219e3ed20f06c50479fd81499ec834b725a4feb4505e,1.633
50,100,866d26d14d38da61f1f3259f3ed20f06c50479fd81499ec834b725a4feb4505e,1.667
51,100,866d36f14d38da61f1fb211e3ed20f06c50479fd81499ec834b725a4feb4505e,1.700
52,100,866d36f14d38da61f1fb211e3ed20f06c50479fd81499ec834b7a5a4feb4405e,1.733
53,100,86edb6f10d38da61f1fb211e3ed20f06c50479fd814996c834b7a5a4feb4405e,1.767
54,100,86ed36f14d38da61f1fb211e3ed20f06c50479fd814996c834b7a5a4feb4405e,1.800
55,100,86ed36f10d38da61f1fb211e3ed20f06e50479fd814996c834b7a5a4feb4405e,1.833
56,100,86ed36f10d38da61f1fb211e3ed20d06e50479fd814996d834b7a5a4feb4405e,1.867
57,100,86ed36f10928db61f1fb211e3ed20587e50479fd814996d834b7a5a4feb4405e,1.900
58,100,86ed36f94928db63f1fb211e3ed20187e504797d814996d834b7a5a4deb4405e,1.933
59,100,86ed76f94928db61f1fb211e3ed20187e504797d814996d834b7a5a4deb4405e,1.967
60,100,86ed36f94928db61f1fb211e3ed20187e524797d814996d834b7a5a4feb4404e,2.000
61,100,86ed7e794928db63f1f3201e3ed20187e524797d814996d834b7a5a4feb4404e,2.033
62,100,86ed6e794928db63f1f3019e3ed20187e524797d814996d814b7a5a4feb4484e,2.067
63,100,866d6e790928db63f1f3019e3ed20187ef24797d814996d814b7a5a4feb4484e,2.100
64,100,86ed6e790928db63f1f7009e3ed20187ed24797d814197d814b7a5a4feb4484e,2.133
65,100,86796e790928db63f0f7009e3ed20187ed24797d8141dfd814b7a5a4feb4484e,2.167
66,100,86696e790928db6371f7049e3ed20187e524797d8141dfd814b7a5b4feb4484e,2.200
67,100,86697e790928db6370f7049e3ed20187e524797d8141dfd814b7a5b4feb4484e,2.233
68,100,866d7e790928db6370f7809e3ed20187e704797d8148dfd814b7a5b4feb4480e,2.267
69,100,866d7e790928db6370f7809e3ed20187e704797d8148dfd814b7a5b4feb4480e,2.300
70,100,866d76790928db6370f3819e3ed20187e704797d8148dfd894b7a5b4feb4480e,2.333
71,100,866d7e790928db6350f3819e3ed20187e704797d8148dfd894b7a5b4feb4480e,2.367
72,100,866d7e790928db6370f7809e3ed20187e504797d8148dfd894b7a5b4feb4480e,2.400
73,100,86697e790928db63f1f7009e3ed20187e504797d8048dfd894b7a5b4feb4484e,2.433
74,100,866d7e790928cb63f1f7019e3ed20187e504797d01489fd894b7a5b4feb4484e,2.467
75,100,86ed7e794928cb63f1ff011e3ed20187e504797d014997d814b7a5a4feb4484e,2.500
76,100,86e97e794928db63f17f011e3ed20187e504797d004996d834b7a5a4feb4585e,2.533
77,100,86d976f94928da63f17f011e3ed20197e50479fd00499ed834b7a5a4fab4505e,2.567
78,100,86d976d94b28da63f1ff251e3e120797c10479fd01499e9824b7a5a4fab4505e,2.600
79,100,86d976d9db68da43f17f279e38120fb6c104f9fd01499e9024b725a4f8b4505e,2.633
80,100,a6f924d1df78d2c2a17f279e78124fb6c104f1fd81499e9024b72da4f0b4d05e,2.667
81,100,acf934d1db689243e16f2f9e78120f3e890cf1fda1493e902cb72da4c0b4d25e,2.700
82,100,acf904d19f6892c2a36f6f5e70124f360b2cf1f9b3493e902db76da480b4925e,2.733
83,100,2cd924d19f5892c3a36f6f7e70920f360b2ce1f9e1493c906db76da480b492de,2.767
84,100,2cd924d19f5892c3e34f7f5ef0920f360b2ce1f9e1493c106db74da480f492de,2.800
85,100,2cd924d19f5892cbe34f7f5ef0920f360b2ce1f9e1493c106db74d2480f492de,2.833
86,100,2cd924d19f7892cac34f7f5ef0920f360f2ce1f9e1493c106db74d2481e492de,2.867
87,100,2c9124d1bf38b6c2434f7f5ef0920f360f2ce1f9f1493c106db74d2581e492de,2.900
88,100,2c9124919e38b6e2435f7e5ef0820f360f2ce1f9f9493c126db74d2581e492fe,2.933
89,100,2c99a5d19838b6e203cf7e5ee0924f361f0ca1e9f1497c126db7492581e4b2fe,2.967
90,100,6c81add1b238b6a203cf7c5ea0b21f161f0c83e9f9497c126db74b2581e4b2fe,3.000
91,100,6ca9edb1b430b68203cf7c5ea2a21f161e0c83e9e9497c126db74b258be4a2fe,3.033
92,100,6d81ed91b070b2a216cf785ea6829e361c0d83e9e94974b26db74b250be5a2fe,3.067
93,100,45b12d91b470b2a216ef785e86c29e16102d23e9e84974b2edb75b250be5a6fe,3.100
94,100,45a16db1b430a7a21ecf705c0fc29e16900c07e9f049f0b2edb7db250be5a6fe,3.133
95,100,4da16db1b03027a21eeff05c4fc29e16906c27e97049e0b2e9b7db250b6526fe,3.167
96,100,85a169b1b03127a63eeec05c4fc29e06b07c2fe97059e0b2c937db251b6526fe,3.200
97,100,8da159b1a03127a23eeec0dc4fc29e06b27e6fc92059e0b2c937db251b6526fe,3.233
98,100,0fa1d9b1a0313f8636ee82dccf461666b3fc7f09201960b2d937da251b6564fc,3.267
99,100,0fe1d9b1e0b13f0636ec82dccb469626a3fd7f09601961b2c9279a259b6564fc,3.300
100,100,1fe1d931e1b13f0434ac06ddcb42964e27feff09601141b2c9379a259b6d64fc,3.333
101,100,5fc1d121c1b13f2634aa06f9cb56924e27feff09649941b2d9239a21ba6564fc,3.367
102,100,7fc1d12181b13e0635ea07f9ca56805e27fefb09649949b2d9229a25ba6d64fc,3.400
103,100,7ec1816109b17c1435ea0df8825e16de7feef2096c9949b299269a25f64d64fc,3.433
104,100,fc0181f90bb1fc14656a8ff8025e37deff8a62096991c13691269225f64d6dfc,3.467
105,100,f04103e99b31f4146dea0fb812de7fdefd826009e9b1d1769226b025744d6df8,3.500
106,100,d14303e9bb31f5146dc81fb816deefdefd036009e9a991769262b025644d6dd8,3.533
107,100,15530febfb24e4546de81f9816deeede75036889c9a191769a62b025644d6dd8,3.567
108,100,05713fe9f225e454cdc81ff836dfee167503e889c98191749a62302564cdefd8,3.600
109,100,0573bfe8f224e4544cfa17f8b6dfe2167503e889c98199749a22302564cdffd8,3.633
110,100,07f1bfe8b234e5944d9a1779b6dfd2067503e889492199749a22302564dd7fda,3.667
111,100,1ff1bfe8f234e5944f9a1779aedfd20274036889492199749a22102564dd7fda,3.700
112,100,1ff1bfa8f034e1d40d9a1779aedfd20275436c894d21d9749a22122524cd7fda,3.733
113,100,4ff1bf38f03c61d40d9a177baadff20275436c894d21d9749a22922524cd2fda,3.767
114,100,47f0bf38f03660d4059e577baadff20275432c894da1c974da229225a6cd2fda,3.800
115,100,45f0ff38f236605401de577bfacffa0235432c896da1c974db22c205c6cd0fca,3.833
116,100,45f8ff3cf22e60d429de577bfacfda0237432ca965a14d34d922c205c64d06ca,3.867
117,100,45f2fd1cfa2e405429de576bfb4fda02b74336a924a16d34c932e205e64d06ce,3.900
118,100,45fafd1cba2e405428de576beb4ddb039743b68924b16d34e932e207e24d06ce,3.933
119,100,27bafd1cb82e405628de166a694ddb83974396c926b96db4f932f307e24502ce,3.967
120,100,26b87d1ca82e5056a8d622ea6d4d4b83df6392e936f965f4f9b27903624502ee,4.000
121,100,26b85d1ea80e525680d626ea6d6d6b834f6392e916f935f43db27913f24540ee,4.033
122,100,a2bd579ae90fc22680d6b2ea256969834f638b6992f915d43d923d13f945c0ee,4.067
123,100,b2bd569a7d1dea26c056824e34eb2d856d23cb6982f956d41d923d13bd4540ee,4.100
124,100,933d3e9c5d9f6a2e44568a5694eaa58565a3c969c2f946d41c921c13bf45e0ee,4.133
125,100,913daa9d159eea2f4056ca5696eab5c565a3e169627946d41e921c93be4560ee,4.167
126,100,153d8a993d9eab8d68464a5692eab7c5e5a3e161637946d01e921e933e45e0ee,4.200
127,100,553c8a9d9d9ea78d68864956daeab6c1e4a3b161e37906d40e921f933e45e12e,4.233
128,100,55388bbdde8ea50d20ae69565aeab6e0f4a3b123e37983540e9a1f133e45e12e,4.267
129,100,453a5f3dda8cb55524ae69565a62f640dca7b1a3e379235c0e9a1f123e05b12e,4.300
130,100,477a5d78da88b51525af4956da56d64ad8a3b1a383792bdd1f903e125e15016e,4.333
131,100,4efa4d78d288969c658f4d5efa56d44ad8a391a303698bf95f11bc125e15116e,4.367
132,100,2ef34d78d3a8169c648f6d3fea56d44ad8a381a303618be9df11fc3a5c154166,4.400
133,100,26d76d705928369c668d6d2febf6dc4ad0c201a705610be9ff11f83afc150366,4.433
134,100,26d76e7009483638e68ded2feb74ca5ed0c203a725610be9fa11f83af81d07e6,4.467
135,100,24d76e7009487638e69ded2fe935ca5ec0c203a765611be9da11f83af01f07e6,4.500
136,100,34df2e7009687638f6bced2fe9350a5ec0ca03a777613fa9d811e81ad01b1fc4,4.533
137,100,b4cf2e530960523cf6bced8fe9350a5e40de03a777617fe9d811801ad03b1f54,4.567
138,100,94c926d76d605928f6bcecafed350a5600de03a777e1ffe9d811801280bb5f54,4.600
139,100,94c936d72d60596872b8f4ade53d8e56005e03a777e3ffe1d811803a80bb5f54,4.633
140,100,c08936df25622d68721cf6bde5bda5560c4e0b877fa37fe1c911803a009b7f54,4.667
141,100,488592dfb743ad687a9cf27ce4bd25520c4e0a877fa3ffe1c911803a009b7d74,4.700
142,100,4997d2df3743ad683adc7274f4bd05120c4e08c77fa3ffa1cd11803a009b7f70,4.733
143,100,69974add174bb5a0a85c7274f4bd0592056e08cf3f93ffa1cd11803a00dffd38,4.767
144,100,ac976a59134bf7a0ac5cbb50c6bd459a056a2ccf3f93bfa1ed01c03a005b7d98,4.800
145,100,b497ab415b6b56a0f47cb950f2bd049a072a24cf3fd3bfa17581c03a805b7d98,4.833
146,100,d4dea943496b5aa176749d10ba3506db03aa064f3dd39fa17581e03ae05b3f9c,4.867
147,100,56de9443a56b0aa17274dd2ab915a2df93aa866ebdc39fa13781e01ae05b169c,4.900
148,100,7ede5043152928ad3af4d42ad915a25f82aa832e97c39ff13fc5e01af01b16f8,4.933
149,100,abd05a4a552b2cedbb657e2add10825d028a832e974b9ff13ec5e01af01b1ef8,4.967
150,100,bfd66a5a540b25edab557e224c90015d02ce8b26d64bdfd13ec5b01bc01b5ef8,5.000
151,100,b5f6aa52500b54a9b955fa226cb8015d02de8ba6d64bdfc17ed5a09bc03b5ad8,5.033
152,100,55b5ab56a84a54abbdcdbb646cb0411903ca0bb6564edfc17fc5209b003b7ad9,5.067
153,100,54bd97f4a95246ab74cdb965e8226531055b0bb6126eff41ffc5009b003b6ec9,5.100
154,100,2ead56b5af56281a76abb545a222603025790bfe0b2efe4bff4522db003b6ac9,5.133
155,100,a84f16ad1d44ad5276abd5cda06620b035792ffe0b2e7e4bfb0526d9017b42c9,5.167
156,100,ad4f1aad5f04ed56e2bbd58d816620b045796fde2b3e700bf9052ed101fb4849,5.200
157,100,ed5f32ad5f24e556a2bb518d816620b37568eddeeb36000bc805eed107fb4149,5.233
158,100,e51fb2ed5a24c556a2db118d156626f36528edc8e936004f4005fed17ffb0b49,5.267
159,100,451fb2cd3a254502a2d95b8d37e62fd34529ed086936024f0007fed1fffb4b49,5.300
160,100,451f015fbae55536a6dbfa9977242ed24d2948084b74126f00478891fffbdb49,5.333
161,100,0cbb455fa2e55526a4d2fa99750c6e525921c9698b5672ed10d78095b6bbdb49,5.367
162,100,2ab3dd5d22cd5d2625d22a99412cec5659619b699b56f6e994df989524bbd101,5.400
163,100,aaa0dd19aacc4166bd3a2ad1512cec56db6313699354f6e8b4df309724bb9163,5.433
164,100,aaa445b19a5c4be6513aaed1d92d8cd69a5333a9925626e8949f21b764bbd523,5.467
165,100,cba564b0985cae4e412ea651d9ad8c5e9b53322936562ef8749f21b764bb5523,5.500
166,100,4b27e4b115189a4e49aea651fba198bc9b52b22936562ef8748d49b766bb5523,5.533
167,100,8a2fcfa534303bcc5d2e86537a2111bc3c5632a964576cf06599c9b7ec2bd163,5.567
168,100,226f9e2565b0e2dc556e8edb2081773ce0d6662b8cd7c8b0c5999b37886b9762,5.600
169,100,6ada102f4db0a29c554eb8fb4883476cae96502bbdd79aa08f19336738eb3746,5.633
170,100,6adab16fe9218e90554eaafa50871f648e9650ebb95712a13f19726762cb6646,5.667
171,100,569a334dc92756d0795a2aa8550faa6478b6574bab1772a1f459c666868bccd6,5.700
172,100,d68a2b4d50a7a4d0ea4a5da9b45faae055b6f74baa3785a104558cee198b59d6,5.733
173,100,249fd35d35a7aa90545aa9092aef56a0b556aadb52aa7d413ad5788e712be314,5.767
174,100,6cbda25d55265212adfa2aa954cdb5246a5452bb956ae955e2b5d1aac7538634,5.800
175,100,d1a84edd954fa29759bad6a9ad5d6b6c5294a5ab2942129505ad275a2e533c74,5.833
176,100,252a9ad46b478eb7b56224ab4bdd966ca5a4497a52d6a4b52d29ce5ad895e0e4,5.867
177,100,4d2eb694d74d3ca74b52dcabb69d6d4c4b2496d2a495492dda499cf221a703cc,5.900
178,100,196e6da0224dd1a6965225ab6db5d04db2646dd2c925b26904d979f6cb2bff88,5.933
179,100,f36c1920eedd25a664d6db2b9a3925d96ca49952326d44d94d91d366b26bec18,5.967
180,100,964c77298edd7926ccd6376b66b14d9999ac3346e66d999bdb35264424cb0811,6.000
181,100,3e4ce5a91a9dd3260cd6666b4cb19b993bec6656cce93993b3356cc4cc8b1031,6.033
182,100,7ac8c5293a9593662c96c44b98b13331376cccd618e973336675fcc49d9b7071,6.067
183,100,fac84529aad517667896cd4bb8a133316e6c8c9639a9e7330e65d9c4199bf071,6.100
184,100,bac8c529aed50766e896994b30a16731eeec999639a9e6230e65b9c43b3be071,6.133
185,100,bad8d52baec56766e996994b32a16631ccec199631a9c6238c65f1c43b3be071,6.167
186,100,bad95d2b2ec547668196194b66e1e631ccec119671a9c6639c6573843f3be071,6.200
187,100,9a597d2b2ec5c7668896394b66e1ce1188ec319661a9ce63bced7384373bc071,6.233
188,100,9a4b7d200ecdc726b892396be6e1ce5c99ec3192e32bce639cfd7384363b4041,6.267
189,100,3e476da0cecdc3263893796bcea5ce5c19cc7312e3638e63b8fd7384263b4041,6.300
190,100,fb60ceacc35fa33239d3e56bce959d7c338c7312c6e19c6339fd6384063b0040,6.333
191,100,c3688e9df15f31b239d3ce69ce95997c3386f212cee11c6b31dc6394063b7044,6.367
192,100,c1388e9ff1473ab279dbce29ce9591ec3386f21b8ee11c7b31d46384063bf840,6.400
193,100,f1bc8ec7392312b060cbc62dcf9491ec3b86e21bc6e19c7b31d47386c63bfc40,6.433
194,100,f99c8e47112202f0606bc72ddbdc98ae3b86e21bc6e58c3b31d47386e71bfc44,6.467
195,100,9c878e4711b272d86429e7a598dc98a63bc3e23bc6e58c3f39d43b82e70b5c64,6.500
196,100,ce83a36371b87a5d672dc3959c5898a63bd3e33bc6658c1d19d43b82638b0e64,6.533
197,100,fa43317a3ab83f4de7adc9d59c5a91a63b537339c6258c1d19d43182238b0e74,6.567
198,100,3b73113a3a9d054de3a5ccd69c4a93a7315b7339c6259c1d98f4b18a338bc674,6.600
199,100,333a1d9f00dde545e295cc569c2a93b3310b73bdc7159c1d98f4b98a3189e674,6.633
200,100,e58f04cd666167a56e97cc6a9aa299b3390873f5c7058c4dccf039ceb8a96634,6.667
201,100,65af2a45776023b44e56c56a98b39993198871f5670dcc6dcc701ccb8fb9233e,6.700
202,100,d6a1ba501132e8946752e52ac8b3c9c11d8c31f5638de66d6472cccbcfb9333e,6.733
203,100,ff31817475b6289b275a6caa4c93c5c08ced39753385662d2672ccc341b9f91e,6.767
204,100,eb7c993e3e9fa04a37ea60286ed1e0ec8e2d99553387373c023266c321d9d996,6.800
205,100,fd4e8497f6c3814a33aee2213ff1686dcf2799d49987333c9252366308d90d96,6.833
206,100,cd06c2837b40c16a3bbfb4110d777c2567b7ccd099c39b3cd0523263ccdd8ec6,6.867
207,100,77a208d11d60c02a8fb5f011867733a563976cd0c8c1d99cda6a9b6bfe4de6c6,6.900
208,100,3ea288507fa8643fc6d57219c33798a530df26406ced4d9c696acb3f364d33c2,6.933
209,100,9e8068581fac740f6ad51b097bb3cca5985fb260246fa5cc282be9bf336db162,6.967
210,100,6e48245c87ac3a0702d58f0929f34ed5d85ed368166ff4cc943b65bf992d9863,7.000
211,100,af4cc04ccba78207e1758d8920f366454d4edb38122f52cc962b34bfdd2fdc63,7.033
212,100,874c702e43e7f2077dfdc589907327056d2e69bc02075accc6891cbf4da74e2b,7.067
213,100,7f0c00a76bd3da1715f5c4899231b3052dbe69bcca074a6442899edf6da74a3b,7.100
214,100,1f2620376fd3191704f46209db31b3c7a4be29b4cb07e86463898edf21b72b3b,7.133
215,100,c707b85303d3481714fc7209c97f93e7a4bfa490e103ad642bd9caf7a1b5292b,7.167
216,100,de03185361db6c0fb6fd7b894dff11c7941f94807103ad6039d94a77b095a923,7.200
217,100,8e03a85b6dc96c7e9ee53b894c3658c2d21edcc07d03adec29cb4a7794958da1,7.233
218,100,cf03b879afc9763e9ae028896412d8e3d20edef03793c5fc094f4a57d4d59481,7.267
219,100,cf01bc7da7e1763ecae08000e412c8e37a0edef117b346fcac4f2957d2d5d680,7.300
220,100,7f011c6df1e07e3cc8e0be00a632ede77b9f06f151bb467ca40ba91752d55680,7.333
221,100,4731946cf3b42e7ce9e0df8cb732adef2bff02f9419a523cb409a9035a515680,7.367
222,100,231cde64d1bebe5c6d605f8c141225ef89bfa279e8defa2cf401bd03fa414a80,7.400
223,100,a3044e6c589e973aa5f46bccd292f06fc00f3039ac4e2b8c5fe157c3ef41abd0,7.433
224,100,f986267f488e433a94f4a1c8eb9b7a277c8f5d1d0446019403e153eba579bd78,7.467
225,100,19a6a23fecc669b8d634b4402d1b1a272e86cf0dd606e1c4e07140ebd5fdbd7c,7.500
226,100,5936730fade22b9c5a3494600d938b27a7ceeb8d72a2f4d4f031a87954bc157c,7.533
227,100,198713cf86f2aa9d6b74d269a583cbe713cc298d3ab25cc43c11ac395a3e475c,7.567
228,100,89a773ef561cac5c6b345a69b0c369f7d34e84850b320eed1f110619eb1ee70c,7.600
229,100,8caf8b79575c55522d306a49d4d3043fdb6ec6d0811287edc7914709ab9e3b8e,7.633
230,100,552d8978baac5c9a85302d695e5724af2b6672d8719aa3dd2bd1b98115ce98ae,7.667
231,100,54add9d88bec6692d520256b1a57b4a609763ad87d8a195518d1ffc5c4c7c666,7.700
232,100,64bd4dd88261ee98d7a185638b57deb68d348e481ce6dc5544c16fe566c76226,7.733
233,100,b6bc5d7853312a9853a1d5430f57debee42cce680ee6fc4d646023e532473326,7.767
234,100,9ee8ed30531923d078a15503255656fef428c36886d7fe0db27081f79b679936,7.800
235,100,0778adb059c9b4d43aa37503215e2a5e76ace368c2575f0dd034c077d963dd96,7.833
236,100,55b8bd90edc396f03aa3720aa16e2b6c3aacf169e357470d4830c4334df3cdd2,7.867
237,100,56b89dd3bd639293ab83700af12e8b3c1aac793963d747856c10643365f366d2,7.900
238,100,5ff295d3d923cb93898b792ed12c8bd40abc3d3971d727842e10363324f326d2,7.933
239,100,4ff25567e926c9979dab3826d5bc81d40abc3c3931d3b3843610361bb6f33252,7.967
240,100,cfc25407ad0e8d8d9daf3836d5bc81d88ab91cabb1c3b384971a921b92f3b25a,8.000
241,100,c6c25c87ad8cc4cc9ca6b816d0bcc5d88ab91eab9943d3c0971a9b1bd27b935b,8.033
242,100,87c25ca5fd8cc2ccdcbe381e70bcc1d88a119e2b19435bc0170a8b1bfa7bd96b,8.067
243,100,8e264ca4d5dcc2dc583e395e70b9c5e88f111e2b19635bc8070aab19f87bd96b,8.100
244,100,ce246cbcf55ce879593a395c70a9c5e88f010f6b19636b88070aab19f87bc96b,8.133
245,100,ce242c9c7978e9795d3b391872a9c5e0cf410d2b196b2b88870ab519f87bcd6b,8.167
246,100,b814989c7968e9790d393d5832a1c5e0cf410d2b196bb98c978ab515f87bed6b,8.200
247,100,9814b8995969a9311f13175062e1c762cf430dab19eabb9c938af517787b6c6b,8.233
248,100,18990da9516ba3b3171237c462e1c7428f030dab39e6b39e979ad4177873ec6e,8.267
249,100,188f3ba96363a783570672c4e2a4c7028f0718ab39e6b29cd79af41778736c6e,8.300
250,100,3a8d23a9e34326165706e2e4e2accd0e8d0f38ab31dcb29cd61af255787b6c6e,8.333
251,100,22dd436a87520c36554ee8eccce98d1b389d39fa71d4d298d61ad075e0736c6e,8.367
252,100,4869c16aa8525c3ed1cc88e99dab191b389971faf3d4d698d63bc075e0636c6e,8.400
253,100,0d6b8d4a3896918cb3cc0aa91d1b391f7391f392c694d630d633c4f5e1e36d6e,8.433
254,100,1f63ae1270b4b5cc228536a175177215e3b5c75686149e329c73cce749e3696e,8.467
255,100,3632f29651b4b7cc0aa57433f452e2b5c7a287568e349c3a9c6309e749eb694e,8.500
256,100,e296e29cd7ecaec94aa1f57be05acaa587a28e549cb41c6a394b09c569cb294e,8.533
257,100,e29cd79dbf49ae83d823a57a8e561ea51d463c5438f0706a39cd4bc5494a694e,8.567
258,100,179cb74df84b58a3117329521ed43c8c3d46f0d4f0f8e1cb63cd5b074b4a4b4e,8.600
259,100,771db849784351f301532bd27e8cf50ce146e0d4c1eb835bcb0ddf0f5b0a4b5c,8.633
260,100,aa89e0cb50c25577ab52fad2f40ce10cc3d687a007eb0f5bde0dde0fda4a1a5c,8.667
261,100,eac942cbd5d7af57ead2d29ac50d010e0b940fa81f4b1e5f9e1d900f9a5a9a58,8.700
262,100,42cb55c3b556aa435a92151c054d0f4e0f943fa87f4bfe17b03d907f925ab2d8,8.733
263,100,55cbb747af462a025492155c0d5d2a8e7e84fd2bfc43f017a07d807fb25ab2d8,8.767
264,100,b54baa462a26502a55302d5ceb5dfaaefca4f10be053a0f580f980ff92dab6d8,8.800
265,100,ab4b2a26506650fab57ceb7dfabdf4aef0204143005320f503f906ff26daa6d8,8.833
266,100,aa4a4066507695faad7cea7ddaaed4ae0120015300d727f527f937fb36d226c8,8.867
267,100,426655769579a5f8ab7c4aa952aa052e0122035326d72ffd3ff937da36d23680,8.900
268,100,5576d574a5b8a9b86a2c52a915ae052605630a532eb53fe9bfe93fd8b6923680,8.933
269,100,95f4a1f0aab82a285aac56a9152e2576ef53bad3eeb57fa1fec976d824902400,8.967
270,100,a9b4aab86a385a3c528d951fa556a957ead3fa93eea17fa1f6c974d024906401,9.000
271,100,afb46e985918534cd5dda557ad56eb57ead3ee936da07c8964ca24d024946411,9.033
272,100,5d195c19555d9745a517ad57eb57ead3f29364b37da8644b24da249664946411,9.067
273,100,5d59d41bb74da5c5ad276b626af75aa3569364ab5528644b64da24966da424d1,9.100
274,100,dadb922fa7c7aea769234a625ab356a354bb75aa5568645b24da249665a424d1,9.133
275,100,b2cbaaa72ec76aa34aa352e256a3548b55bb75687548645b65d06d966f2425d1,9.167
276,100,25e66ee74d8758b35252d6d0b491a59b2d39ed68a9582cdaadd4e9b42b242699,9.200
277,100,65665d7555b3d3f39452b490a591ad19e97cab48aa5caed2ae94aab42aa42a99,9.233
278,100,4d64dd9195b3b452a5d8adb92d1969784b5c2a4cead56a92ea94aaa47aac6a99,9.267
279,100,cc35adb1a7faa4502d9c69b94b5d5a7c5a4c52cc52975cb64ab452ac56ac468b,9.300
280,100,aa992b182ed86c5c490c4b0ddb5cd25cd6ccb6dcd497d5b699a4572c542c55ab,9.333
281,100,22996b1a6ec8489c5b0dd20d925e96ccb6cca49cb5b785a6b924b56c346fd5ab,9.367
282,100,73995a0a5eccd80cdaad920fb2deb6c4a4ccac96a5b7a926a92c256c254badab,9.400
283,100,72a3d64a948c928cb6abb64726d6248e6d946db7a926ab266b6c6d4c29cb293b,9.433
284,100,c52394ceb18d36ad24ab64d76d826dae49945927cb265b6e426d484ccacb4b7b,9.467
285,100,8542299e23ad646d6c6b4ce7cd82d9ae9b149b675266526e82c9dadc508bd373,9.500
286,100,0e4e4b9c4b2dcd4dc94b99a69906930eb375326f764e864ea6c99298b59b8673,9.533
287,100,578ed73c9e69894d934633a63346264c667566cee4ceecca4c9965982d126e63,9.567
288,100,c64e973c96c93bcd3346722e6656665c44e5cccaccce499add9961904b32ec63,9.600
289,100,854e2e7514c9628d6746662ec654ccd8cce59dca999e999ab919cb31db32c867,9.633
290,100,6d586c753589c38fcf1ecc2e9cd498d8998d398a319c33322339bb31d2729367,9.667
291,100,5258d8b1e58b868e9b56196e389531b9310d739a633c673246734e71a6e676c7,9.700
292,100,f4d832a16b1a362e1a16794871b563b8630de71ac73cce728e73dc610ce6ecc6,9.733
293,100,2491f6a95a5a6cbe7476e348c335c732c61d8e368c781c62bce318e5d9c6958e,9.767
294,100,69f1a4e9965ac92ee5f686c88f650e721c3d1c76386838e261c371c5b18e379e,9.800
295,100,fb61ed8b24f2917e89643ed83e65386238b970f670c0f1c2c183e38d630ee71e,9.833
296,100,a241994be9b2277e3aec5d90f8cd7042f1f9e1e6c1c1c3828787070dcf0eea3e,9.867
297,100,ce83335b1ba6dd54eeecf511a0a9c1c6c3eb87e60f810f0a5f073e0f1c1c8a3c,9.900
298,100,118baa535766bad4d58ca27543a905d60eea1f443f137c0ebc07f83f707c30f8,9.933
299,100,a10b5cf2ae44629015582aa55549af967f8afd04fe3af01ef00f807bc0fcf5f8,9.967
300,100,475bb1b62a4c5730ab585ce5bd5bfaaed54af804702a805fc0bf017b02f8c7e8,10.000
301,100,de57e1a650ccbd345a50d5edea53542cad5240ac417a02f503fe07f357f01fc8,10.033
302,100,9617454ea0dc2a7054d4894f4293b52c2a5304ac05561afd1ffe5ff1ffe07fc0,10.067
303,100,0406015620f45870b5d42b4b94b5217c1297056c0f5676fd5ffebfd1ffc0ff40,10.100
304,100,0c4e01d448f494f0ad4d5a5384b5415c10970d6c0bd6d7bd7ffebfd1bf40fd00,10.133
305,100,984a019450e4b5f02b4d5297853d025d14930f7c0ed6f5ecff7eafd5bf40f410,10.167
306,100,a25641b4d0e42d906b4d96b3a97d02d725b10b5cbed6b5ecffd4ef85bb00a810,10.200
307,100,a3f6d1acb47429c0524db4b1297d02972d390bdcbeb5bdecffd46a85ba80a810,10.233
308,100,01b6d16e2d726b40d291a5b96a6d02970f380ad6aeb5bfecbff46ba5ba80aa80,10.267
309,100,05bed06e05f26b44d293a5396a4d029301280ad62eb5bffcaff6ebe5afc0aa90,10.300
310,100,74bf552fa5726946d293b539684d92930128025602b50f7d2bffabf5abf0aa90,10.333
311,100,348d5f0ff572294e5ad2f53df94ff293a028005600b5016f0aff2bf52bf0aad0,10.367
312,100,3e8d5a0ff41a294e5e52f5bcfd6ff293f008e05600b5002f02ff2af52af8aad0,10.400
313,100,2e8d5a1bf45aa94e5e12f5bcfd4ff653f408e0560035002f02ff2af52af82af0,10.433
314,100,4eadda1ba47a295ede92b52cf953f093e108e05200bd012f02ff6af57af85ab0,10.467
315,100,5ba9d61ba47a7b5ad690bd2cfa53f493e808e01200ad017e02ff4afd5af85ab0,10.500
316,100,5badd6bba86c5a5ad690bd6cfa53fc91e908e012802d802e42ff4afd5af852b0,10.533
317,100,53add6bb286e5ad295bcad6cfa53fc99e908e012802d807e40ff42fd52f852b0,10.567
318,100,53ab74a3286e569295acef6efad3fc19e800e012802dc07e40ff52fd56f856a8,10.600
319,100,57b324a7182e5692b5ac6b4ffed3fd09e812c013802dc05e40ff50fd56f8d6a8,10.633
320,100,97b3252f5a0e95a6a52c5b47fe93fd09e812c013a029805e40ff55fdd4f8d5a8,10.667
321,100,95b36d2f160685ac2d2cdec7feb3fd48fa12c0034008c05e40ff95fd95f8d5a8,10.700
322,100,ad23586f96a7252c2f48fef6fdb3fb48d0160007004a00de84ffb5e9b5f8a5a8,10.733
323,100,d971d2cdb4a76d3d7a48f686fda3d25880160027005a02de85ffa5e9adf8ad68,10.767
324,100,db73d2cf34a7697d5a5af4a6ed23f25880160027005a02fe05ffade92df82968,10.800
325,100,9aa396d92487cb6fd258fccee926f25804060027005e06fe0fff6beb4bf84b68,10.833
326,100,9a23969925a7db6df6586cfec926c01804360027a0de25fe5ffe4beb4b684b48,10.867
327,100,922125b04da7936db6d868fedb4e00190036016f24de2dbe7ffe5bcb5b605b48,10.900
328,100,9a2025b86da79b6db6d869fedb0600580026012f24de25be5ffe5beb5b685b48,10.933
329,100,9b30b48825a7cb2db6586caef92ff25ca4060027805e04be05ff6bfb4bfa4b68,10.967
330,100,497592c294b7690d1a4e34a67defff4cf496f007d00a801e00ff29fb2dfa2968,11.000
331,100,5a745af794b7ad0c030e16b6056f1f6e1e96fe017802f01e803f807fa5faa5e8,11.033
332,100,29746a7352d7b5ade90ec29381af01fe0bd61fb13f023e025817d42fd43e94b8,11.067
333,100,a177285342ef55aff9067a13f0afe15e83d303f007e20f023e035e0d563e56bc,11.100
334,100,f533a8534aad56a73d1b7b1378a6f04ae153c3f2c3e2874a8f810e8d5a0e4abc,11.133
335,100,756bab472ae514a61dcb3e843e86747a7159e0f8e1e2c3cbcb818b85aa0eaa3c,11.167
336,100,152b9d47aa77caee85ca8fd40e821c3a1c78387c78e271c3e1c1e3c5ab8eab1c,11.200
337,100,57ab5505ba57e2efe4e9c7d48fc28e2b1c3a1c3c18f278e171c161c5a186ab1c,11.233
338,100,c0ab55871d17321772ab73d6e3c3c38bce2b8e1e8e321ceb70e131c5d1c6454e,11.267
339,100,a8ab70ab451713173aab715771d3638be38bc71fce328e2b5c613c6151c645c6,11.300
340,100,b889b0a9459705171e2f1057315773c3738be39fe71aa63b54713c6154e655c6,11.333
341,100,ab1ca2a8d1a885178e2f1e1d115431c7738b638fe71e663b76717c6174e65546,11.367
342,100,8f54aaa8d5e885148f3f1c2d315531d67382730fe71e463a6671746175e67546,11.400
343,100,bf742a3855e8c5488a341c383d5539e47382774fe71ec73a4673746165e6e146,11.433
344,100,ab553a36d5c8c5488aa41c3a3c1d3aa571a6e35fc71ec73a4673e461e166ab46,11.467
345,100,a9533ab7d2b2e148cba01c2a1c193ab571a4e355c71d473ed772e661e366ab06,11.500
346,100,85532a3772b7a15bc3a1970a1c5938bd31a4e3d5c71d473ec772e261e366aa06,11.533
347,100,855b2a1752b7e15bc3c1978a1c5a38bd30a0e3c5e31d473e973ae671e366aa06,11.567
348,100,85590bdd54b7e9dbcb8197821d5a183931a023c1e31d473e973ae671e367aa86,11.600
349,100,8d595b1d14a7e913cbe187829d5b183938a821c1e39d473e973ae771e367aa06,11.633
350,100,a9591a1d742fe8dbc38387821c5b3839316863d1439d073ea772a661ebe7ea86,11.667
351,100,0b591a9db52feadbc3a78f021853383971686391473d063eae728661cae7caae,11.700
352,100,0b98979db52fea93c3a78f021a53383971686391473d0e3eae728761cae74a8e,11.733
353,100,5b5c3694e96dc0be97a50f023ad3303971687391473d2e3eae728f6146874aae,11.767
354,100,1bc8b690694dc0fe87b51f0f3e92713b7168e381172d3e7c2c720e63168756ae,11.800
355,100,13c834b0e90dc3fc05a41f0f3e167133e3dac78167297c7c38762e631ea716ae,11.833
356,100,12ce34b2f91183dc07b41f0d7c166133e3dac782e721fc78e8762a633e2794ae,11.867
357,100,934b24b2783192dc07a41f2d74166137c3fac782ef21ec79e8f478633c27b42e,11.900
358,100,934b2482f823d2d903b41f2d741e6137c3f2c792ef21e479e0f478633c27bc2e,11.933
359,100,934b249af923d29903f41f293c1c6137c3f2c792ef21e479e0f478633c23bc2e,11.967
360,100,135d25def922929903f01f293c1c7137c3f2c792cf21e479e0f46a637c23ac2e,12.000
361,100,12592d9af96290d907f01f687c1c7135c3f2c792cf23ec79c0f452e37c632c2e,12.033
362,100,12592f98f962b0d907f01f687c1c7135c3f2c790cf21cc79c2f452e3786b2c6e,12.067
363,100,12d92f98f962b0d907d03f687c1cf135c3f28790ce21cc79c2f452e3786b686e,12.100
364,100,36d96f98f366209b1fb03e48781ce36d87d28f108e638879c2f4d2e3f84b686a,12.133
365,100,36d9ff90f34624933fb07e48e01cc36d87d28f109e6b087987f0d4e3f04b686a,12.167
366,100,36d97f98f342209317907ec8f818e37d87d28f108e6b8879c6f0d2e3f84b686a,12.200
367,100,96596f98fb42b0d307903fc87c18f03dc3d08790ce03ce79c2f0d2e3f86b686e,12.233
368,100,92cd2f99fb46a0d305923fc07d98f13cc3d28f908e078e79c6f0d6e3f043686a,12.267
369,100,92472e99ff86f14701923fc27d98f11ce3db87928e028e7986f0d6e3f043686a,12.300
370,100,91672699ff86f14701921fc27f9af11ce3db87928e068e7986f096e2d0c3686a,12.333
371,100,9127269ddd86f047819317c23f9a711cf3df07928f068e5986f0d6f2d0c3786a,12.367
372,100,9926069d4d8ef947819717c63f8a791c73df07928f068e1b86f0d6f2d843686a,12.400
373,100,d926162d4d9cf947c19713c73f8a791c71ef07920f068e1b86f0d6f0d0c3786a,12.433
374,100,d926100d4d8ef947c19713c73f8a791cf1ff07920f068e1b86f0d6f2d0c3786a,12.467
375,100,d92692054d8ef967e09783c63f8a791c707f879207068e1b86f4c6f2dac3786a,12.500
376,100,d927d2056d9e9967f897c1c70fca3d8c387fc3d207868709c274d2f25a43686a,12.533
377,100,6d26da25a59f0d27fc97c1f787ca1d84180f70dac386e709f23452725a632d2e,12.567
378,100,2db6db25e58d0d267c87f897c3e28d841d2750dec386e709f23472724a632d2e,12.600
379,100,24be5925f6cda5267c077497c1e38f861d2798dec186c381f33472726a632d2e,12.633
380,100,24be6f25f28da5261c077c17e1e387c68d0798ded1c6c381f31c72726a632d2e,12.667
381,100,b0ae6d25f20da5a60d077c97e1e386c68d0798ded1c6e381f31c7a726a632d2a,12.700
382,100,907e2d357a0da5a60f273c9760f3c6c48d869c5ed1c6c381739c7a726b632d2a,12.733
383,100,907e2d315b0da5a407273e9770b3e6c68fa6cc5ed8d6c181719c7a722b72a52a,12.767
384,100,d03e0db00a0db4b485273e977c33e6c6c7a7cc5ed8d6e1c1719c78722b72a52a,12.800
385,100,d01e05b00b0cb4b487271e973c33f6c6c7a7ce5ef8d6f1c1799c38322b72a52a,12.833
386,100,d01e25b01b0cb4a4872716973c33f6e6c7a7ce5ef8d671c1799c38322b72a52a,12.867
387,100,902e05b11a0cb4b6870716973c73f6e6c7a7ce5ef8d671c1799c38322b72a52a,12.900
388,100,903e0db1180cb5b687073e977073e6c6c7a7ce5ef8c671c1799c38322b72a52a,12.933
389,100,90360d311aacb5b687873e977063e6c6c7a7cc5ef8c671c1799c38322b72a52a,12.967
390,100,90360d31189ca5b607073eb7707be6c6c7a7cc5ef8c671c1799c38722b72a52a,13.000
391,100,943e0d393a0ca52407073c97707be6c6cfa7cc5ef8c6f1c1719c78722b72a52a,13.033
392,100,90d809381a5da13c052f3c17787be6c4cfa7dcdef8c6c1c1719c78706b72ad2a,13.067
393,100,92d80d385a99e1bc852d3c97787be4cc8fa5dcded8d6c181f19c78704a722d2a,13.100
394,100,b6d80fba5a99e1b88b283e1d7839e4f88f259c5dd8d6c181f19c78f04a722d2a,13.133
395,100,b6d924fa1ad9f2d883783e19783962f98f258c3dd8d6c1c1f19c70b05a722d2a,13.167
396,100,f6c1a4f21ad3f2d983781699783960f94f210c79d8dec1c1e19cf0f05af24f2a,13.200
397,100,f747a4c61ec3f6d1c3f80699783162f967210c395cdcc1c1e59cf0b05af24f2a,13.233
398,100,d365a4c70e63f2d3c2f806d93a3160f967a90e795cfec1c1e198f0b452f24b2a,13.267
399,100,da45a4c78d6376d3c2e086d93a31727927a10e39dcfec1c1e598f0b45af04f2a,13.300
400,100,5b25a4c7896736d3c2e186d91231727967e10e394cffc1c3e59df0b45ad04b2a,13.333
401,100,5b25a4c7816736d3e2e186c91a31727967a10e394cffc1c3e59df0bc5ad04b2a,13.367
402,100,5b25a4c7816736d3f0e382c91a13727967a10e294cffe1c3e59d70fc5ad04b2a,13.400
403,100,1b25a0c7816736d3f06382c91a13327b23a10e294cffe1cbf5dd78fc5af0692a,13.433
404,100,1b25a0c7c16736c3f06382c91a13327b23a10629ccffe1cbf5dd78fc5af0692a,13.467
405,100,1b25a0e7816736d3f06382c91a13327923a10639ccffe1cbf5dd78fc5ad0692a,13.500
406,100,1305a0e7816736d3f06386c91a13727923210e39ccffe1cbf5dd78fc5af0492a,13.533
407,100,0305a0e7836732d3f0e386c91a33705923210e39ccffe1cbf5dd78fc5af04b2a,13.567
408,100,0205a0e7876332d3f0e986d91a33305923218639ccffe1cbf5dd78fc5af06b2a,13.600
409,100,0245a067876336d3f0e986c91a33305927218639ccffe1cbf5dc78fc5af06b2a,13.633
410,100,1245a167866336d3f2e986c91a33705927210e394cffe1cbf59c78fc5af04b2a,13.667
411,100,1245a167964372d3f2e986c91a33707927210e394cffe1cbf59c70fc5af04b2a,13.700
412,100,b245a467964372d3e2e986891a33707927210e394cffe1cbf59c70fc5af04b2a,13.733
413,100,b245a467964372d3e2e986881a3170f967210e39ccffe1cbf19c70fc5af04b2a,13.767
414,100,b245a467964372d3e2e986881a3170f927210e39ccffe1cbf59c70fc5af04b2a,13.800
415,100,b205a167964376d3e2e986891a33707927210e394cffe1cbf59c70fc5af04b2a,13.833
416,100,1205a1e7876332d3f2e986c91a33705927210e394cffe1cbf59c78fc5af04b2a,13.867
417,100,0305a167836736d3f2e386c91a333059232106394cffe1cbf5dd78fc5af06b2a,13.900
418,100,1b05e007886736c7f26386c91a13327b23a10629ccffe1cbf5dd78fc5af04b2a,13.933
419,100,5b05a0068d6736c7f26386c81b07327b23a106298cffe1cbf5dd78fc5af04b2a,13.967
420,100,5b05a406856716c7f2e386ca9b07305b63210629cc7fe1cbe5ddf8fc5af04b2a,14.000
421,100,5b05a006856716c7f26386ca9b07305b63210629cc7fe1ebf5dd78fc5af14b2a,14.033
422,100,5b05a006856716c7f06386ca9b07305b63210629cc7fe1ebf5dd78fc5af16b2a,14.067
423,100,5b05a0068d6716c7f26386ca9b07305b23210629cc7fe1ebf5dd78fc5af06b2a,14.100
424,100,1b05a006856736c7f26386cb9b07305b23210629cc7fe1ebf5dd78fc5af06b2a,14.133
425,100,1b05e006856736c7f363c2c89b03325b23218629cc7fe1ebf5dd78fc5ad06b2a,14.167
426,100,1b05e006854736c7f363c2ca9b13325b23218629cc7fe0ebf5dd78fc5ad06b2a,14.200
427,100,1b05e006856736c7f363c2ca9b03325b23218629cc7fe0ebf5dd78fc5ad06b2a,14.233
428,100,1b05e006c52716c7f963d2ca9b07325b33218629cc7fe0ebf5dd78dc5ad0692a,14.267
429,100,5b05b006c12716c7f863d2ca9b073a5b33218629cc7fe0ebf5dd78dc5ad0692a,14.300
430,100,5b05a006c12716c7f863d2ca9b073a5b332186298e7fe0ebf5dd78dc5ad1692a,14.333
431,100,4b05b004c12716c7f863f2ca9b073a5b332187298e7fe0ebf5cd78dc7a51692a,14.367
432,100,4b05b004c12716c77863f2cadb073a5b332187298e7fe0ebf5cd78dc7a51692a,14.400
433,100,4b04b004c12716477863f2c2df073a5b336187298e7fe0ebf5cd78dc7a59692a,14.433
434,100,4b04b004c12716477866f2cadf073a5bb36183298e7fe0ebf5cd78dc7a59292a,14.467
435,100,4b04b404c12616477866f3cedf073a5b336183298e5fe0ebf5cd78dc7a59292a,14.500
436,100,4b04b404c52716477862f7cadf071a5bb36183298e1fe0ebf4cd3cdc7a59a92a,14.533
437,100,4f04b484c52616477862f3cacf171a5bb3618329861fe0ebf4cd3cdc7a59ad2a,14.567
438,100,4f043484e52616477862f3cacf171a5bb16183298e1fe0ebf4cd3cdc7a59ad2a,14.600
439,100,4f003d84e52606c67966f3eecf071a5b314183298e1fe0ebf4cd3cdc7a59a92a,14.633
440,100,4f893f8ce52606821866faeacfc71a5bb94183298e1fe06b34cd1cdc7a59ad2a,14.667
441,100,4fbd3f8ce526060208267a66cfc75b5bb9419329861f606b74cd1cdc7a59ad2a,14.700
442,100,4fbdffcce52607020c267a62cf875b7b99419329861f606354cd1cdc3a59ad2a,14.733
443,100,6fb9ffcce52607860d266362cf875b7b99419329861d606354cd1c5c3a59ad2a,14.767
444,100,6fb9ffcce5a607860d266362cf865b7b99419329861d606354cd1c5c3a59ad2a,14.800
445,100,6fb9ffcce5a607860c2663e2cf865b5b9941d329861d686314cd1cdc1a59ad2a,14.833
446,100,4fb9dfcce5a607860c2663e6cf865b5b9940d329861d686334cd1cdc5a59ad2a,14.867
447,100,4fb9ffcce5a607860d2663e2cf865b5b9941d329861d686314cd1cdc1a59ad2a,14.900
448,100,6fb9ffcce5a687820d267262c7865b7b9961d329861d606314cd1c5c3a59ad2a,14.933
449,100,efbdbfcce5a683820d227262c7a65f7b9961d329861d606314cd1c5c2a59ad2a,14.967
450,100,ef9dffcce5a687820d226262c7865f7b9961f329861d606314cd1c5c2a59ad2a,15.000
451,100,ef9ddfcce5a687860d266062c7865f5b99e0f329861d626314cd1c5c2a59ad2a,15.033
452,100,efbdcfcce5a6c3860d06606265c64f5b99e0fb29c61d626314cd1e5c0a59ad2a,15.067
453,100,efbdefcce5a6c3860c26206265e64f5b99e0fb29c70d226314cd1e5c0a59ad2a,15.100
454,100,ef9defcce5a6c3860c26206265e64f5b99f0fb29c70d226314cd1e5c0a59ad2a,15.133
455,100,ef9defcce5a6c3860c26206265e64f5b99f0fb29c70d226314cd1e5c0a59ad2a,15.167
456,100,ef9defcce5a6c3860826206265e64f5b99e0f329c71f226314cd1e5c2a59ad2a,15.200
457,100,6f9dbfcce5a6c382092260e2c7e64f5b99e1f329c61f606114cd1e5c2a59ad2a,15.233
458,100,cf99bf8ce5a68782092262e6cfa6df7b99e1d329861d606114cd1c5c3a59ad2a,15.267
459,100,cf99bdace5268682092262e6cfe7df5b99e19329861f606314cd1c5c3a59ad2a,15.300
460,100,cf8dbdace5260686082272e6cfe79a5b99e1d329861f606b34cd1c5c5a59ad2a,15.333
461,100,cf893dace5260686086273e6cfe79a5bb9e193290e1f606b34cd1c5c5a59ad2a,15.367
462,100,cf993daced2606860962e3c6cfe79a5b39e193094e1f606b34cd1c5c5a59a92a,15.400
463,100,cf993d8ced260786092263c6cfe79b5b39e19309ce1f606b34cd1c5c5a592b2a,15.433
464,100,cf99bf8ced268786092662c6cfe75b5b19c1d309c61f606334cd1c5c5a59a92a,15.467
465,100,cfddbf8ce5a68786092660e6cfa65b5b99c0d309c61f686314cd1c5c5a59a92a,15.500
466,100,cfddbf8ce5a68786092660e6cfa65b5b99c0d309c61f626314cd1c5c5a59a92a,15.533
467,100,cfddbf8ce5a68786082660e6cfa65b5b99c0d309c61f6a6314cd1c5c5a59a92a,15.567
468,100,cfddbf8ce5a68786092660c6cfa6db5b99c0d309c61f6a6314cd1c5c5a59292a,15.600
469,100,cfd9bfcce5260786092660c6cf86db5bb9c2d3090e1f4263b4cd1cdc5a592b2a,15.633
470,100,cbd9bfcced248586092660c6cf86df5bb9c293090e1f4263b4cd1cdc5a596b2a,15.667
471,100,cbf91f9ced2c8586092660c6cfc6db5bb9c293290e1f4063b4cd1cdc5a596b2a,15.700
472,100,cff91f9ced2c8586092660e6cf86da5b19c293298e1fc063b4cd1cdc5a596b2a,15.733
473,100,cfbb1fdded2c85860d2660e6cfc6db4219c29321861fc063b4cd1cdc5a596b2a,15.767
474,100,4f7b1fd9ed2c87860d8660e6c7c6db4619c29321060fc263f5cd1cdc5a596b2a,15.800
475,100,cffb1fd9ed2c87860d8660e6c7c6db4619c29321060f4263f1cd1cdd5a59692a,15.833
476,100,cffbdfd96d2c85860d8660e6c7c6db4618c29321860f4263f1cd1cdd5a59692a,15.867
477,100,cffb9fd96d3c85860d866064c7c6db5618c29321861f4a63f0cd1cdd5a59692a,15.900
478,100,4ffbdfd96d3cc58605866c64c7c6cb461ac29321861f4263f0cd1cdd5a59692a,15.933
479,100,e7fb1ed92d3c850705866d64c7c6df061ac21321060f4267f1cd3cdd5a596b6a,15.967
480,100,e6fa1e992d3c050707877964c7c6df0638c23301160fce67e1cdb8dd5ad94a6a,16.000
481,100,67fa1e19383c0b270d877964cf869f0638823303160f9e67e1cff89dd2f14a6a,16.033
482,100,e6fa1e13383909270d97796ecdc49f06b0823302161f9e67c1cff09cf0f15a7a,16.067
483,100,64961633781909271d97f96ccd849f06b0823302363f9c67c3cff0bcf0f1da7a,16.100
484,100,2486163378394b773d97f96c8d849f0630866302363b9c6783cfe1bcb4f192fa,16.133
485,100,649e3e237171cb777d17d96c8d849a0630866203367b1ce783c9e1bcb4f182fa,16.167
486,100,649e3c23f051da757d1dd16c998c1a26608ae643347b3ce70bc9e1bca5f18aea,16.200
487,100,649efc63f111da65791dd36c190c3826609ec642247f38ef0fc941bca5f1aaea,16.233
488,100,4d9efcc3e011d265f80dd26c1b0c382e60dec646647f38ef0f8941bca5f1aaea,16.267
489,100,4d9efcc3c0118277783d926d1b0c382e60fec6466c7f38ee1f8945bc25f1a2aa,16.300
490,100,4d1e5cc6e01182777827d06d930c382e60fec6c66c7f78ee1f89459d2db1a6aa,16.333
491,100,4d3e0cc6f093c2777827f069924c1926203ec7c66c7f3cee1fc9459d25f1a2aa,16.367
492,100,2dbe0ccef993c2761c27f029d24c1926303ee3c6267e3c6e17c9559da1f1a2aa,16.400
493,100,0d7e0cce5dd2f376cd23f821f8259907303ee1c6267e2c6e06c9559da1f182ea,16.433
494,100,0d7e04de0fd2e076ef33f821f865c907983e71c6263e0c7e02c9559da1f1a2ea,16.467
495,100,3d7e06de03d261dee7337821f861c907981ef1c6223e0e7e02c355cda1f1b2ea,16.500
496,100,3f7a1e1c03d361dec7b77c63f861c907981ef0c6223e0e6e02c355cda1f182ea,16.533
497,100,17723e1c12d36fdec7bfdce3f861c901981ab0c6223e0e3e16c305cda9f182ea,16.567
498,100,017a3e3816817f9ec7ffccc3f069c9219a1bb0c2e23e0e7e16c383cd2bb144ea,16.600
499,100,417a7c7cb2013f924f9ecdc372ede1219a1b9002f3560e7e16c38b8d6ba145fa,16.633
500,100,831a407cf26838117f1ccf877efde06d9a199000e0524c7eb6ebabcd4ba155fa,16.667
501,100,bb83494ee06c30503b1ccf891ecde0edcb399808f182c41eb66fabcd4ba955fa,16.700
502,100,3b934d82cdaee020383c4d000f8d7dedef3d9c19f080c11eb66fa24dcba955fa,16.733
503,100,369909d3cde6f4e3301e39388f800ce46b2dcf19f8a0f916b60eb24d8ba955fa,16.767
504,100,920d99d3c5f374e3f2063d3e45d204e4232de78df8f8790616069a0debad54ba,16.800
505,100,ba0d1919c1fbf4f3f2439d1a7dd2c6e40127238d5cf87d8617069b05aba550ba,16.833
506,100,bb0d9b1d418c60f17a639f1a1c92e6f681a7218d4ef83d9e5706db05a9a552ba,16.867
507,100,3b249b0d490cc0f93a639f1a1c9af6f2e1e3a18d4ef81dde1706d705a9a552ba,16.900
508,100,32269b0dc90cc0d93a63df3e1e9a7670e8e3b1c542f91dd617069705aaad56ba,16.933
509,100,36a79b47c98cc0d93267df1f1e9a0630e8e3f1c542390dd657869705aaad54ba,16.967
510,100,36271bcec98cc0f93067df1b1e9a0632e8e3b0e140791dd65f869f458aad54ba,17.000
511,100,37333b8ec90ce0e93067df5f1e9a4430eae3b2a944791dd65706ab458aa9553a,17.033
512,100,35331b8ec10ccae934679e5f3d524430aae3e2a9457819d45756aa05daabf57a,17.067
513,100,3f231b8e891842e9f547de1f3d50c831aae362a9817859d57754aa8552abf572,17.100
514,100,7ea3130c8b8840e97455be9f3d50c033bbe362a989785dd5bf542a8952abe572,17.133
515,100,7ea3170e8b8840ede245be9e3d50c4337be2e2a981785d55af542a89572be572,17.167
516,100,7ea33f5e8b8841c8e245ba9e3d54d4307aa2e2a981785555af543a8b556be572,17.200
517,100,7ca33b5e938841c8e207be9e2d54d47078e2e2ab0178d555af543a8b156bed72,17.233
518,100,7ca32b1693a8c1c8a22fbace2d54d47479e2e2ab01f89555af545a8b156be972,17.267
519,100,ec232a1693a8c5c886efbace6954945477a2e2ab41f89555ab545e8b156be972,17.300
520,100,cc232a569baac1c902afbace695484547df2e6ab40f89555ab145e8bb54be972,17.333
521,100,7c332a579bb8c1c8c28fb2ce2f5494543c72e6ab40ea9555ab545e89954be972,17.367
522,100,74332f578b98c1e8e227faee2d5454141d73f2abe0285555af542a81556be572,17.400
523,100,76338757cb9971e8f265daee0d5455149d73b2abe8285455a556aa81522b3572,17.433
524,100,22338757eb9960e8fa254a6f855c7f1487333aa9b8284c751556abc55aab353a,17.467
525,100,22338717c7d968e8f8a55a6f055c7714c7321ab9b8286c755556abc55aab153a,17.500
526,100,26b09716c5db68e978a56a67855c4714cf321ab9bc286e375556a3c5daa9153a,17.533
527,100,3eb09732c5db28e978a56a67854e5754c7328ab93c286e375556a3c5caa9153a,17.567
528,100,3e98c312c5db28f938e16a67c46e1754f5128abb3e282e3755dec145eaa914ba,17.600
529,100,3e98c312f5dba0f938e52b67c46eafcc55128a991e282e5754eed141aaa516ba,17.633
530,100,9ed8c31261dba0f938e12b67c46ea3cc579aca991e282e57f0ee5161a9a51aba,17.667
531,100,9ed8c31273dbb0f91ce12d675466a3c4779aead91e283617e2ae516129259a9a,17.700
532,100,9ed8c31273cbb0dd1cf1ad67562681c4739ae8591e283757a2ee51e169259a9a,17.733
533,100,9ed8e31273cbb07d1cf1ad27722681c4739ae8d90e283757a2ee51e16d258a9a,17.767
534,100,9ed8631261cbb07d1cf1a527f22e85c47b9be8d90e281757a2ae71e16d258a9a,17.800
535,100,9ed8631260cb947d1cf12527f22ec5c4639b68d90ea81757f2ee71e16d258a9a,17.833
536,100,dfd8631272cb947d0cf10527f22ec1c42b9b68590e281757faee69e16d258a9a,17.867
537,100,dbd8619272cd94758c718527f22ec1cc6b9b68590e281757f2ee69e16d258a9a,17.900
538,100,ddd9639a30cd90758d37a727e22ec1cc6b9b68590e281757e2e661e16d258a9a,17.933
539,100,ddd9639a30cd98750d33a727e20ec1cc6b9b58d90e281757e2e669e16d258a9a,17.967
540,100,ddd9619b30cd98750d33a322f30ec5cc2b9b5c590e281757f0f669e16d25aa1a,18.000
541,100,c7d9639b10cd98750d37a722f30e45ccab9b5c590e089717f0f6e9e16525aa1a,18.033
542,100,cfd8e192304db8f50d332732f20e45ccab9b5cd90e089737f2d6e1e16525ae1a,18.067
543,100,4ed8e993334db8f50c731523e20e45ccab9b78d90e489637f0f6e1e16d252e1a,18.100
544,100,4ed8fb92e34db0f52c633d22e30ec5cc8b9b78990e489e37f2d6c1e16925261a,18.133
545,100,1ed8ef92a34d90f538e37d62871e06ccbb9b72990c489e37f2d6c1e14925261e,18.167
546,100,1ed8c792860db0fd79e16d6295160e4ccb9bf29b3c481c37e6d6c1e14925761e,18.200
547,100,12fc4f92860fb0dd69a16f629556064c0f9bf29b78483c37a6d641e14965fe4e,18.233
548,100,1afc6d9aa70fa0ed69a0cd629d54264c0f9af29bf0683836be5641e14965bc6e,18.267
549,100,30dc7d9a8f0d00ed69e2db6298543e5c479bf79bf0683834371643c14965b8ee,18.300
550,100,40d86d9a9f0d44f969e2b346ba5c7c1c459be79bf06838363f864b414b45b0ee,18.333
551,100,41f87d9b9e0d05f9c3e21246b21d7c1e4dbb879b406870b4bea68f41db4570ae,18.367
552,100,45f0f93bb20f35c5836636c6609df93e9dba0f1b07c8c0e4fc6e9a01964561ae,18.400
553,100,8bb0d03b60ffffc71646668c41bd897afb323e1b0fc985e4402e3201b645cdae,18.433
554,100,9b12007be0fbfb053c86cd8c03fd22727332fabbbfc9156582ae740564dd8b28,18.467
555,100,321204fbc8fbf205688e89ac8ff92272f372eabb5d493d4582ae44556c9dba38,18.500
556,100,323224fbc9fbb205688e998cbff976f2a272c0bbdd013b4482ae4555c89dba38,18.533
557,100,321224fb0ffba205688e9928bfe97ef2a27282bad901bbc40eee4555c89dfa38,18.567
558,100,321024fb0ffbb205688ed9289fe97ef2a27282badd013bc50eea4555cc9dba38,18.600
559,100,3a1024fa0ffbb205688ed9a89fa90ef2a772aaba5d093b458aea4555cc9dba38,18.633
560,100,ba10047a0afbdb056c8ee9a89ba92efeb372aabadd097d4522ea4455449dba38,18.667
561,100,bb10047a00fbf305680ee9a88bad2afef772aaba7d893d4582ea4455649dbb38,18.700
562,100,ff10103a00fbdf053c066da90bad2afef332ea3a7f891dc522ea64056495bb3c,18.733
563,100,df10921ae0fbdbc53e466ca9c1ad027efbb2f81b2d891de4a06ef40176051b3c,18.767
564,100,0fd0da1ae05b69c51e4634e5e0b5c15edbba7f1b0dc98de4f06ef20136050dbc,18.800
565,100,05d8db1af01b29c59f6296e5e4b5f11e49ba3f9b84c9c4e4f82eba0136450dbc,18.833
566,100,05d84f9af80b29e58f6296e5fc95f91e08ba3fdb84c9c464fb2e1a019b45a58c,18.867
567,100,25d84f1af82b21e18f6296e5fc35f91a089a3fdba6c9c064fb2e1b019b45a58e,18.900
568,100,25da5f0eb83b01f18f6696ecfd3df91a089a3fdb84c1c074fb2e1a019b45848e,18.933
569,100,07dadf0bf83b09f187e296adfd1ce91a009a3fcb84c9c076fb275a019b45849c,18.967
570,100,c3d85f0bb82b4be187e2a6bd7d1cf91a00da3fc9a4c1e0267f275b019b45a48e,19.000
571,100,e1c85f0b382965f1c3e296bd7d9c6d1a209a97c9f641e4225f375b119b45a48e,19.033
572,100,e1cc4f0f1e29c5f1c3a2961d3d9c7d1aa05a8fc9d645e4324fb71b11cb45a48e,19.067
573,100,e0cc0f2b1e1b25f1c3e2921c3ddc6d0ab05a83edf245f4320fb70b11cb45f6ce,19.100
574,100,f06c232b0f1ba5f1e1a2d21c17dc2d0af85a81efd265f4100fb70b91c965f6ce,19.133
575,100,f06e212b0f1b85f169b0da1c17dc2f8afa5ac0efdb65341007b709916965d6ce,19.167
576,100,786e212f8f1954f168b2da1c86fc2faa1a0ad0ef5b65560086bf29d169a5d6ce,19.200
577,100,7c66a1af879974f068b04b0c96fc9fcb1e0af0ef5f644600829fa5d065b5d24e,19.233
578,100,3c22a38bc7997cf068b44b4cd2ff8d430f0a78ed4d60d698a29ba5f02db5534e,19.267
579,100,3c22f3afc7997cf02a944b4cd2ff8d430f0a78fd4560d69aa093a5f03cb5430e,19.300
580,100,bc22f3df45d07cf069144b0cd6ff0d023f0a7c7d4560d79aa093a5f03cb5530e,19.333
581,100,bca3e3df44d07cf06914c34cdeff09027f0b5c7d4560d69aa093adf03cb5420e,19.367
582,100,bca3e3d944907ef04304d74cbeff09027f6e1c7d4548c69aa093adf02db5d20e,19.400
583,100,bee3e7d94cb0f8b0430c964cb8fb0902fe2eb86dcf48c69aa0936db02db5960e,19.433
584,100,a2a3c79d5db0fab0820c965cb9fb4b02fa6fb86d9f48969a009369b46d35960e,19.467
585,100,60a3cf9d9db0f0b1820db61c73f74b02f26eb8ed9f481eba01b349b06925b61e,19.500
586,100,40eb0f99bdb0e1a1960d3c1c63f6da06f06ef1edba403cba0db3cb61e925341e,19.533
587,100,c0ea0eb93931c1a0bead2c9863f69e06e42ee1ed3a593c3a0db7db61d925341e,19.567
588,100,c08a9eb9793183a03ead689941f69e06a48e43ed72517c3a1fb79b61d16564be,19.600
589,100,858ebabb793107e03aa968b9c1b6be0604ae43e972517832bb379761936560fe,19.633
590,100,8d8ebab9f32107617aa9c8b887f63c060caec7c96091f932bb23b6619365c0fe,19.667
591,100,9d8afab9f3610f6178a9c8b887e63c0609ae87c9c491f932bb2336411765c1fe,19.700
592,100,1d8eb2bbf2210f4178a9d13987e63c060dae8fc9c491d172fb6736411765c1fc,19.733
593,100,1d8ebabbe2210f437ca9d93987e63c060dae0fc98491d172fb633641076dc1fc,19.767
594,100,1d8eb8bbf2110f637ea9d8b983e63c1608ae8fe9c491d132fb2336410765c1fc,19.800
595,100,158ebabbf23507623ea9c8b9c1b63c0608ae87e9e691f932fb3336410365c1fc,19.833
596,100,0d8ebebff20107633ea9c9b983e63c0608ae8fe9c491d932fb6336410765c1fc,19.867
597,100,0d8ebebbf21107637ae9d9b983e63c0608ae8fe98491d9327b6336410765c1fc,19.900
598,100,0d8eb2bbf26107607ae9d13985f63c1609ae87d9c491f9327b6736410365c9fc,19.933
599,100,9daaf2b9e2410f61f8a9c3b887e63c060dee8fd9c091d9727b6336410365c1fc,19.967
600,100,bdaab239e3410fe1d8b983b8a6e63c0609ee8fd9e011d9327b633641076dc1fc,20.000
601,100,1faaf231e14007e9fab9c1b885e63c0609ee87d9e411f9327b6736410365c9fe,20.033
602,100,1faaba31d16007e978b9c1b895f63c0609ee87d9e411f9323b6736618365c1be,20.067
603,100,93aaba31716067e958b9c1b897e63c0608eec7d9e411f9323b6736618365c1be,20.100
604,100,93aaba39f14027e958b9c9b897e63c0608ee87d9e411f9323b6736618365c1be,20.133
605,100,8faaba39f34027e91ab9c9b894e63c0608ee87d9e411f9323b6736618365c1be,20.167
606,100,8faaba39b36027e91aa9c9b895e63c0609ee87d9e411f9323b6736418365c1be,20.200
607,100,8fabfa31b36027e918a9c1b89cf63c0609ee87d9e411f9323b6736418365c1be,20.233
608,100,8fabfa31c36037e95899c1f816763c060dee87d9e410f9333b6736410365c1be,20.267
609,100,8fabba31e36037e91899c1f896763c060dee87d9e41079333b6736418365c1be,20.300
610,100,8baaba31a36027e91aa9e1b89eb63c0649ee87d9f41079333b6736618365c1be,20.333
611,100,88aeba3da34027e91aa9e9b9d7b63c064dee83d9e41079323b6736418365c1be,20.367
612,100,84aaba3f234037e91e29c9b9d7f63c060dae87d9e4907932336736618365c1be,20.400
613,100,8daebabf224037e91a09e9b9f7f63c060dae83d9e4907932336336610365c1be,20.433
614,100,8d8ebabf320037e90a89c9a9f2f63c060dae83f9e69079323b7336419365c1be,20.467
615,100,048e3abf200227eb1e89d9b9d3f63c060c6e83ffe490f93a3bf336410365c1be,20.500
616,100,85cebabf220627e31e89c9b9d3fa3c060d2e87ff8690d93233f336410365c1bc,20.533
617,100,44461abe181667c21ec9c9a9f3f93e062d2e83ef8690d93a3bf336413365c1be,20.567
618,100,45c68e9f3816e3e206c90829f3f91e063c2ec3ff86987d3a1bf337618365c0bc,20.600
619,100,44448ebf3a1667c636cd0909f3f916063c26c3ee86d8fd321bb33761b365c0bc,20.633
620,100,c5408fbf1a16e5c636c70989f3f936163d2603ee8698d91a5bbb36413365c1bc,20.667
621,100,cd408bbeba16e7462ec74a89f3f936163c2603ee8698d93a5bbb36412265c1bc,20.700
622,100,c9408ebeb816e3e62ec74a89f3f936167c2603ee8698d9325bbb36412665c1bc,20.733
623,100,89409abfb836e2c62ec5cb89d3f936167c2e07ee8590d9325bbb36c126e181bc,20.767
624,100,890019bebab6e6c63c8dca89c3f17456382e0ffe0590d932fbbb764126e981bc,20.800
625,100,898e30bef03646c67c89833997717c56186e17ff05108932fbf3764126e983fc,20.833
626,100,1b8e70beaa264f867c89c339a7716c16114e17df0d10aa3ad5577cc12ee903fc,20.867
627,100,1b1e70bec2a68e87f8191349a7e1e056515e3f5faa9083a2d557ecc12aa913fc,20.900
628,100,3b2ee0ae0aa28e85f51917512ed5c016f35ebf132ab05772d557e881aaa9177c,20.933
629,100,f1aec1ae1e82aa8195110751eac6e056f75eff1159b05756a857a8895aa9577c,20.967
630,100,c13e40e69e83aa8115512751e8b6f15e775e7f3154301756a8d5aa895ea9577c,21.000
631,100,e13e40628f83fb9115514751e8e6d156375e2fb150b05576acd5aa894ea9577c,21.033
632,100,e02ec4628f83f99135592779e8a6d156375e2fb140b05577acd5aa894aa9177c,21.067
633,100,e0ae44e28f83f991b55927f9e8261156375e2fb141b05557ad55aa894aab157c,21.100
634,100,f8aed0a38fc1fe91155967f8e8261156175e2fb141905557ad55aaa94aa9157c,21.133
635,100,f8be44a24fc1fc91915937faa8265156175e8fb140985557ad55aaa96aa9517c,21.167
636,100,7cae46a38bc1dd91115936fce8261156155e8fb1c0985557fd55aaa92aa9d17c,21.200
637,100,782e66a36bc1ec99d179977fac065156855e8d91e09855577555aaa12aa9d13c,21.233
638,100,3c2ef6a363c1ec91d179377d2d06d956c15ea891f898515755552ee12aa9d03c,21.267
639,100,3c36f2b322c16c81d179937f2c06dd76c15ea891fa98517355552ee1aaa9d83c,21.300
640,100,1e26f2f322d12c99d979136f2d065d76d15ea499baa85133555526e1aaa9d81e,21.333
641,100,1eb7f3f320c16c99d979022eaf065d6e514ee491bab8182b5555a661aaad5c1e,21.367
642,100,1e97b2f320d16d995929922eafb65c2e400ef7d5bef8080a5555b765a22d1c1e,21.400
643,100,1e17baf3b05137c94829112fbfb62cae600a75ddbff88802555cb775a22d0c1e,21.433
644,100,0f97b8f3b05136d9492dc12d87960eae782a76dd0ff88802d57ef77580250e1e,21.467
645,100,879719f7f051b7d1282dc82dd7d406aeb82a56dd0fd88802f7fe93f580050e1e,21.500
646,100,e78609b7d87396d12c2dc82d57f106a6bc2a12fd07dcec02fffe93759005060e,21.533
647,100,e7c60097f87392512d7d682df1f10396bc0a12cd06fcec02ffbe937d9005c70e,21.567
648,100,e7860197f8739251a47de82dd9f106f63c021ae702fcee02f7ba137d9801e70e,21.600
649,100,e7c6209778739251847dec0d59f102b63c021ae782fcef02ffbe117d5801e78e,21.633
650,100,e7c6209778739251847d682d59f103b63c021ae782fcef02ffbe117d5801e78e,21.667
651,100,e7c6019758739251a57d682dd9f107f63c021aaf02fcee02ffba137d9001e70e,21.700
652,100,e7c62197f87396512479e80dd1f147f6ac0212cf06dcec02ffba93fd9001c70e,21.733
653,100,e7860997f87396512c79c829d1d106f6bc2212e707fcec02ffba93fd9001c70e,21.767
654,100,c7864997d877b6d12cf9c809d3d507b6bc2a14dd07dcc802fdfa97f59005060e,21.800
655,100,c78649b7d877b6d12c794809d3d507b6b82a54dd07dcc802fdfad7f580050e0e,21.833
656,100,478649b7d877b6d12c79480dd3d507b6b82a74d507dc8802fdfad7f580250e0e,21.867
657,100,47864d97d877b6d12c794809d1d507b6a82a74d707dcc802fdfad7f59025460e,21.900
658,100,45864d9fd877b6512c794829d1d507b6282a56d707fcc802fffad7f59005460e,21.933
659,100,45864f9ed877b6512c79480dd1d58fb6a82a74df07dc8802ff7ad7f59021060e,21.967
660,100,45844f9ef077b6d12c59482df3558fb6e82a54dd1fdc0802dd7af775a0210e0e,22.000
661,100,458c4f96f077b6d12c59582df3358fb6680a54dd1ffc8802dd5af775a0210e0e,22.033
662,100,458c4f9eb077b6d16cd95829b3318fb6680a54dd3ffc8802555af7f5a2210e0e,22.067
663,100,458ccfaeb077b6d16ed9d829a3a18fb6500a74dd2ff80802555af7f5a2290e0e,22.100
664,100,450ccfaed0f7a6d16ed9d02da3218fb6400e75dd2ef80802555ef7f5a2290e1e,22.133
665,100,450ccfaed0f726d16cd9d069a3218fb6410ef5ddaef808025556f7f5a2290e1e,22.167
666,100,450ccf2ed0f7a6d16cd9d069a321dfb6400ef5ddaef818025556b7f1a2290e1e,22.200
667,100,450cdf2eb2f7a6d16ad9d069a3219ff6500ee499aef818025556b7f1a2a90e1e,22.233
668,100,450cdf2e92f7a6d16ad9d069a3219ff6500ee499eff810025556b7f1a2a90e1e,22.267
669,100,450cdf2eb2f7a6d16ad9d069a3219ff6500ee499eef850025556b7f1a2a90c1e,22.300
670,100,450cdf2692f7a6d37ed95069a3219ff6514ee489eef850025556a7f1a2a90c1e,22.333
671,100,450cdf2e93e7a6d36ed95069a3219fb4514ea48deef850025556aff1a2a91c1e,22.367
672,100,450cdf2ed3e7a6d36ed91069a221dfb4414ea48ffff850025556aee1a2a91c1e,22.400
