0,0,48d966d9673cb325b92be90b0bdacad377a6102dbf69c2d4cc956cf40034bd50,0
1,1,48d966d9673cb325b92be90b0bdacad377a6102dbf69c2d4cc956ce40034bd52,0.0327
2,2,48d966d9673cb325b92be90b0bdacad277a6102dbf69c6d4cc956ce40034bd52,0.0654
3,3,48d966d9673cb325b92be90b0bdacad277a6102dbf69c6d4cc956ce40034bd52,0.0981
4,4,48d966d9673cb325b92be90b0bdacad277a6102dbf69c6d4cc956ce40034bd52,0.131
5,5,48d966d9673cb325b92be90b0bdacad277a6102dbf69c6d4cc956ce40034bd52,0.163
6,6,48d946d9673cb325b92be90b0fdacad277a6102dbf69c6d4cc956ce40034bd52,0.196
7,7,48d946d9673cb325b92be90b0fdacad277a6102dbf69c6d4cc956ce40034bd52,0.229
8,8,48d966d9673cb325b92be90b0fdacad277a6102dbd69c6d4cc956ce40034bd52,0.262
9,9,48d966d9673cb325b92be90b0edacad277a6102dbf69c6d4cc956ce40034bd52,0.294
10,10,48d966d9673cb325b92be90b0bdacad277a6102dbf69c6d4cc956ce40034bd52,0.327
11,11,48d966d9673cb325b92be90b0bdacad277a6102dbf69c6d4cc956ce40034bd52,0.36
12,12,48d966d9673cb325b92be90b0adacad277a6102dbf69c6d4cc956de40034bd52,0.392
13,13,48c966d9673cb325b92be90b0edacad277a6102dbf69c6d4cc956de40034bd52,0.425
14,14,48c966d9673cb325b929691b0edaced277a6102dbf69c6d4cc956de40034bd52,0.458
15,15,48c966d9673cb325b929691b0edaced277a6102dbf69c6d4cc956de40034bd52,0.49
16,16,48c966d9673cb325b929691b0edaced277a6102dbf69c6d4cc956de40034bd52,0.523
17,17,48c946d9673cb325b92b690b0fdaced277a6102dbf69c6d4cc956de40034bd52,0.556
18,18,48d946d9473cb325b92b690b0fdaced277a6102dbf69c6d4cc956de40034bd52,0.588
19,19,48d946d9473cb325b92b690b0fdaced2f7a6102dbf69c6d44c956de40034bd52,0.621
20,20,48d966d9473cb325b92b690b0fdaced2f7a6102db769c6d44c956de40034bd52,0.654
21,21,48d946d9473cb325b92be90b0fdaced2f7a6102db769c6d44c956de40034bd52,0.686
22,22,48d946d9473cb325b92be90b0fdaced277a6103db769c6d44c956de40034bd52,0.719
23,23,48d946d9473cb325b92be90b0fdaced277e6102db769c6d44c956de40034bd52,0.752
24,24,48d946d9473cb325b92be90b0fdaced277e6102db769c6d44c956de40034bd52,0.785
25,25,48d946d9473cb325b92be90b0fdaced277e6102db769c6d44c956de40034bd52,0.817
26,26,48d946d9573cb325b92be90b0fdacad277e6102db769c6d44c956de40034bd52,0.85
27,27,48d946d9573cb325b92be90b0fd2cad377e6102db769c6d44c956de40034bd52,0.883
28,28,48d946d9573cb325b92be90b0fd2e8d377e6102db769c6d44c956de40034bd52,0.915
29,29,48d946d9673cb325b92be90b0fd2e8d377a6102db769c6d4cc956de40034bd52,0.948
30,30,48d946d9773cb325b92be90b0fd2e8d377a6102dbf69c2d4cc956ce40034bd52,0.981
31,31,48d946d9773cb325b92be90b0fd2eac377a6102dbf69c2d4cc956ce40034bd52,1.01
32,32,48d946d9773cb325b92be90b0fd2e8c377a6102dbf69c2d4cc956cf40034bd52,1.05
33,33,48d946d9773cb325b92be90b0bd2eac377a6102dbf69c2d4cc956cf40034bd52,1.08
34,34,48d946d9773cb325b92be90b0bd2eac377a6102dbf69c2d4cc956cf40034bd52,1.11
35,35,48d946d9773cb325b92be90b0fd2e8c377a6102dbf69c2d4cc956cf40034bd52,1.14
36,36,48d946d9773cb325b92be90b0fd2e8c377a6102dbf69c6d4cc956ce40034bd52,1.18
37,37,48d946d9773cb325b92be90b0fd2e8c377a6102dbf69c6d44c956de40034bd52,1.21
38,38,48d946d9573cb325b92be90b0fd2e8d377e6102db769c6d44c956de40034bd52,1.24
39,39,48d946d9573cb325b92be90b0fd2e8d377e6102db769c6d44c956de40034bd52,1.27
40,40,48d946d9773cb325b92be90b0fd2cad277e6102db769c6d44c956de40034bd52,1.31
41,41,48d94ed9763cb325b92be90b0fd2cad677a6102db769c6d44c956de40034bd52,1.34
42,42,48d94ed9763cb325b92be90b0fd2cad6f7a6102db76986d44c956de40034bd52,1.37
43,43,48d94ed9763cb725b92be90b0fd2ca56f7a6102db7e986d44c956de40034b552,1.41
44,44,48d94ed9763cb725b92be91b0fd2ca56f7a6103db7e986d44c9549e40034b552,1.44
45,45,48d94ed9763cb725b92be91b0fd2ca56f7a6103db7e986d44c9549e40034b552,1.47
46,46,48d94ed9763cb725b92be91b0fd2ca56f7a6103db7e986d44c9549e40034b552,1.5
47,47,48d94ed9763cb725b92be91b0fd2ca56f7a6103db7e986d44c9549e40034b552,1.54
48,48,48d94ed9763cb725b92be91b0fd2c856f7a6303db7e986d44c9549e40034b552,1.57
49,49,48d94ed9763cb725b92be91b0fd2ca56f7a6103db7e986d44c9549e40034b552,1.6
50,50,48d94ed9763cb725b92be91b0fd2ca56f7a6103db7e986d44c9549e40034b552,1.63
51,51,c8d94ed9763cb725b92be90b0fd2ca56f7a6103db7e986d44c9549e40034b552,1.67
52,52,c8d94ed9763cb725b92be90b0fd2ca56f7a6103db7e986d44c9549e40034b552,1.7
53,53,c8d94ed9763cb725b92be90b0fd2ca46f7a6103db7e986d44c9569e40034b552,1.73
54,54,c8d94ed9763cb725b92be90b0fd2ca46f7a6103db7e986d44c9569e40034b552,1.77
55,55,c8d94ed9763cb721b92be90b0fd2ca46f7a6103db7e986d44c9569e40034bd52,1.8
56,56,c8d94ed9763cb721b92be90b0fd2ca46f7a6103db7e986d44c9569e40034bd52,1.83
57,57,c8d94ed9762cb725b92be90b0fd2cac677a6103db7e986d44c9569e40034bd52,1.86
58,58,c8d94ed9766cb325b92b690b0fd2e8c677a6103db7e986d44c956de40034bd52,1.9
59,59,48d94ed9766cb365b92b690b0fd2e8c377a6103db7e986d44c956de40034bd52,1.93
60,60,c8d94ed9766cb365b92b690b0fd2e8c277a6103db7e986d44c956de40034bd52,1.96
61,61,48d94ed9766cb365b92b690b0fd2e8c277a6103db7e986d44c956df40034bd52,1.99
62,62,48d94ed9766cb365b92b690b0bd2e8c377a6103db7e986d44c956df40034bd52,2.03
63,63,48d94ed9766cb365b92b690b0bd2e8c377a6103db7e986d44c956df40034bd52,2.06
64,64,48d94ed9766cb365b92b690b0fd2e8c337a6303db7e9c6d44c856cf40034bd52,2.09
65,65,48d94ed9766cb365b92be90b0bd2e8c337a6303db7e9c6d44c856cf40034bd52,2.12
66,66,48d94ed9766cb365b92be90b0bd2e8c337a6303db7e9c6d44c856cf40034bd52,2.16
67,67,48d94ed9766cb365b92be90b0bd2e8c337a6303db7e9c6d44c856cf40034bd52,2.19
68,68,48d94ed9766cb365b92be90b0bd2e8c337a6103db7e9c6d4cc856cf40034bd52,2.22
69,69,48d94ed9766cb325b92be90b0bd2e8c337a6903db7e9c6d4cc856cf40034bd52,2.26
70,70,48d94ed9766cb325b92be90b0bd2e8c337a6902db7e9c6d4cc956cf40034bd52,2.29
71,71,4cd94ed9766cb325b92be90b0bd2e8c337a6902db7e9c6d4cc856cf40034bd52,2.32
72,72,4cd94ed9766c9365b92be90b0bd2e8c337a6903db7e9c6d44c856cf40034bd52,2.35
73,73,4cd94ed9766cb365b92be90b0bd2e8c337a6103db7e9c6d44c856cf40034bd52,2.39
74,74,4cd94ed9766cb325b92be90b0bd2e8c377a6103db7e9c6d44c856cf40034bd52,2.42
75,75,4cd94ed9766cb725b92be90b0bd2e0c377a6103db7e9c6d44c856cf40034bd52,2.45
76,76,4ad94ed9566cb725b92be90b0fd2e0c377a6103db7e9c6d44c856cf40034bd52,2.48
77,77,c8d94ed9566cb725b92be90b0fd2e05777a6103db7e9c6d44c8568f40034b556,2.52
78,78,c8d94ed9566cb725b92be90b0fd24056f7a6303db7e986d44c9569e40434b556,2.55
79,79,4ad94ed9566cb725b92be94b0fd240d6f7a4303db7e986d44c9549e40434b556,2.58
80,80,48d94ed95674b725b92b694b4fd24056f7a4303db7e986d44c8549e46c34b556,2.62
81,81,4ad94ed91674b725b92b495b4fd24056f7a63039b7c986d44c854be46c34b556,2.65
82,82,48d94ed93674b527b92bc95b6fd24216f7a63039b7c986944c854be46834b556,2.68
83,83,48d94ed93674b527b12bc95b6bd2ca56f7a63039b3c98e9448a54be4e824b156,2.71
84,84,48d94ed93634b527b12bc95b6bd2ca56f7a6b039b3c90f9448a54be4e824b156,2.75
85,85,48d94ed93634b527b12bc95b6bd2ca56f7a6b039b3c91f9448854be4e824b156,2.78
86,86,48d94ed93634b527b12bcb5b6bd2cb16f7a4b039b3c91e9448854be4e824b15e,2.81
87,87,48d94ed93634b527b16b8b5b6bd2cb56d7a4b039b3c91e944885cbe4e024b15e,2.84
88,88,48d94ed93634b526b16b8b5b6bd2cb5697a4b039b3c91e9448a5cbe4e824b15e,2.88
89,89,48d94ad93634b526b12b8b5b6bdace56b7a6b0b9b3c91e944885cbe4e024b15e,2.91
90,90,48d94ad936b43526b12b0b5b6bdaced6b7a6b0a9b3c91c9448a5cbe4e064b15e,2.94
91,91,cad94ad936343526a16b0b5b69daced6b7a6b0a9b3d91c9448a5cae4c164b15e,2.97
92,92,cad94ad936343526a16b0b5b69daced6b726b0a9b7d91c9448a4dae4c164b15e,3.01
93,93,d8d94ad936b43526a52b2b5b69daced6b726b1a9b7d91c1448a4dae4c164215e,3.04
94,94,dad94ad93634b526a52b6a5b6bdac6d6b626b1a9b7895c1448a4dae4c165215e,3.07
95,95,dad94ad936b43526a52b6a5bcbdac6d6b626b1e9b6895c1448a4dae4c165215e,3.11
96,96,c8d94ad976b4b524a52b685bcbda46d6b636b1e9b6895c144aa4dee4c165215e,3.14
97,97,c8d94ad976b4b524a52b685bcbda66d63436b3e9b689dc14caa4dee48165215c,3.17
98,98,c8d95ad976b4a524a52b685b4bda665634b693e9b689dc14daa4dee48265255c,3.2
99,99,cad95ad976b42724a52b685bcbda665624b697e9b689d814daa4cea48265355c,3.24
100,100,cad95a5974a52724a56be85bcadb6e5624b697e9b6a9d814da84cea40265355c,3.27
101,101,4ad95ad974a52724256be95bcadb6e5624b6b7e9b4a9d854dea4cea402053558,3.3
102,102,4ad95e5970a53724256be95beadb6e5624b637e9b4a9d8d4de44cea402053558,3.33
103,103,4ad95a59d3253724256ae97beadb6e5605b637a9b4a9d8d4de444ea426053558,3.37
104,104,4ed978d9d3253724296ac97beadb68d605b63789b4a9d8d4de544ea42e053158,3.4
105,105,4ad940d957253724296ac97beadb6ad617b63689b4a9d8d4de564ea42e0d3158,3.43
106,106,4ad940d917243724a96ac95bea5b4ad637a6b689b4a9d8d4dec65ea56e0d3158,3.47
107,107,4ad940d917243524e97a895b6a5b4ed63fa6b489b1a99ad4ded67ea56c0d1158,3.5
108,108,4ad940d937243d24897a8b5b6a5b4ed63f273489b1a99ad4d4d67ea56c8d1558,3.53
109,109,cad940d937243d24c97aa95b68db6ed63f231489b1a99ad4d4567ea56c8d1558,3.56
110,110,c8d940d837242524cd3aa95b68db7fd63f2314a9b1a99ae4d6567ea56c8d055a,3.6
111,111,c8d942d837246524c13aa95b68db7fd63f2314a9b1a99ae4d6567ea56c8d055a,3.63
112,112,c8d94a5837247124e12aa95b68db7fd2272315a995a9dae4d6d67ea56c8d055a,3.66
113,113,c8d94ad837243124e12aa95b68db7fd2272315a995a9daa4d6d67ea56c8d855a,3.69
114,114,c8d84ad837243124e12ea95b4adb37d2272315a995a9daa4ded67ea56e8d855a,3.73
115,115,c8d84ad837243124e12ea95b4acb17d2276315a995a9cab4dfd67ea5668da55a,3.76
116,116,c8d84ad817243724e12ea15b4acb1fd2276334a9b4a9cab4dfd67ea5628da55a,3.79
117,117,c8d84ad817243724692ea95b4acb1fd22763b4a9b4a9cab45fd67aa56285a55e,3.82
118,118,c8d84adc1724b72469ae295b4acb5bd2a763b4a9b4a94ab45dd65aa56285a55e,3.86
119,119,48d84adc172cb724a9af295b4acb4bc2a763b4a9b4b94ab45d965aa46a85b55e,3.89
120,120,48d84edc572cb726a9a7295b4a4b4bc38763b4a9b4b948b45d965a846aa5b55e,3.92
121,121,48d94edc572cb526a9a7695b4a4b4bc38763b6a9b4b948f44d960e842aa5b55e,3.96
122,122,5a9946dc478cb526a8a7e95b685b4bc3e763b229b4b9c8f40d960e842aa5b55e,3.99
123,123,5a9946dc078c3726b926e95b685b4ac36573b229b4b9c4f44d960f960aa5b55e,4.02
124,124,5a9946dc278c7724a926db1bac5b6acb6563b221b039c6dccd940f960aa5b55e,4.05
125,125,c81946d92784772cbd26da1bac5b2acb65a3b321f229c6dccd94cf960aa53556,4.09
126,126,895956990784772dfd66da9b8c5a26d975a3b9217229c6dcc494cf960aa53556,4.12
127,127,e95b4699078433a57d6eea1b9c5b26d835a3b9217239c2dcc694cf960aa53556,4.15
128,128,e95bc299958c23a57d6b6a139c5b26d8b5a3b9233039d2dcc694c7d60aa53556,4.18
129,129,495a425995ac2ba46d6b6b1bda5b26d295a7b923b039d2dcc694c7d60aa1b556,4.22
130,130,485a4a5895acb7a46d6bc91b9ad32ed29da7b923f039d2dcce944f564a81b152,4.25
131,131,48db4a5895acb7a4692bc91b1ad3aed29ca7b123f079d2dcce944f564a81b552,4.28
132,132,40db4a58f72cb5a46d2bc95b5ad3aed6bca6b123b079d0f94a944f564a81b152,4.32
133,133,44d34e58d36cb52465af494b5adb6ed6bce6b127b079d0f94a945d560a81b152,4.35
134,134,4cdb4ed0da64b52c25af494b4adbfed6bcc6b127a0f1d0e95e945d562a01a152,4.38
135,135,4cdb4ed0da64352c252f494b4bdbfed6bcc6b127a2f1d0e95eb45d562803a150,4.41
136,136,6cdb4ed1da64b52c252f490b6b5bced6bcc6b527a2f1d0e95eb45c562803a150,4.45
137,137,6cdb46d1ca64b52c353f490b6b5bced6bcc6b5a7a07152e95eb45c16380ba150,4.48
138,138,6cdb66814e64992c35386d0b6b1b4ed6fcd6b5a7816343c95ebc7c567803a151,4.51
139,139,ccdb64894e64996437396d0b691b6ad6fcd6b5a781e341e95eb47c167803a151,4.54
140,140,dadb24cf66648d6437396e5b690b6ad6fe5eb5a781a301e94a947c167803a151,4.58
141,141,dbdbb4cd26648d641729667b6d0b6b96e65e94a791a303e94a94fc16f803a151,4.61
142,142,5b9bd6cd26e52d641d29367b6d0b6b92e65e94a791a303e94a94fc16f803a151,4.64
143,143,5b9bd6ddb64525641d2b3a5b6c0b6992e65ed48791a301e94af4fe16f803a151,4.67
144,144,4d9b56d9964525640d2d1b5b6e1bed92e75ef4c790a301e94af4fe16f8032151,4.71
145,145,4cdb5ad9d24cb5242f2d1b5b769bec92e57ea4c790b381e14ee45e167803a151,4.74
146,146,ccdb5ad95a2c95a4276d0b5b5a9b6493b53ea64780f381e14ee47f167a03a151,4.77
147,147,44da0ec36b2cd5a5b729af5b4b99669fb536b66680c3c0e14ce47f167a03a151,4.81
148,148,40da5eca296cd5251321af5b4b9b729fb5a6b526a4c3c0f144e47f967e0ba151,4.84
149,149,42d856dead64e52d13a5077b4b1b6a9fb486b526a4cbc2f144e47d947e0ba151,4.87
150,150,4ada56debd04a52d1aa5177b4d1b6a5df4869126a6cb82f14ee47c947e0ba151,4.9
151,151,48db52defd06a52d0a251b7b4d1b6a1df0de9126a64b82e14ef47c94fc0bb151,4.94
152,152,c8d94adc5ec6b52fa96d1a634f5b6a19f05e9126b64b86c14ae47c94f80bb151,4.97
153,153,cc9942fc5ae4b52ea52b0b637e736b18e25cd1b6974e86c94ae45c94f80bb151,5
154,154,48db85cd6ae4f726a52b2b4b7e737f30205cd0be934e9ec94ae44c94f80bb141,5.03
155,155,4adbc489a7e47b26b52ba94b7a437eb2a05c80be932ed6c95ae44cd4f81bb141,5.07
156,156,4adb54c997e42b24353ba94b6a437eb2a17c00be933edec95ee44ed4e01bb141,5.1
157,157,4adb54c99724ab26753ba94b6a436cb3a17801ff933efe495ea44ed4c01bb141,5.13
158,158,4bdb54cd9724a926353be94b6b4362b3a57805ee9bbef64dde8446d4003ba141,5.16
159,159,6a9b4acd5624af26743bc94b2b4f62b3b5789fe89bb6d44dda854eb4003b8141,5.2
160,160,489b6add5664bd26213b095b2b4e6af29571bfe89ab6d44dca855eb400bb9151,5.23
161,161,489b489d76e4b92629734bdb6b4e6ad29571956992b6c44dc885dea425bbb151,5.26
162,162,489b4a9d76e4bd2629334adbfb4f6ed69131956992b6445c48854ea46dbbb141,5.3
163,163,50f94a9956ccb566a9324adbeb4b6e9697b1b569b2b6c4d8488458a46dbbb141,5.33
164,164,5ce94898168cb566b9226adbdb4b6e9696b3b569b6b6d4d84c8448a46dbba151,5.36
165,165,52c94cb8b29cb764b92a6adb59796e1e92b2b569b6b656d84c8c48a46dbba141,5.39
166,166,5acb4ce0269cb6e4a12a6adb4b7b4c1ca296b569b6b756dc4c8c48a46fbba151,5.43
167,167,5a4b44e56c34b284ad6a6adb4bdb283c3696b569a6a75cfc4c9c48a44fbba151,5.46
168,168,485bcfcd6c343684a96ac91b4acb2b7c3096b56bacafdcf048dc4a24cefba141,5.49
169,169,48da1e4f49a4f6b4a94e085b49cb6b7c46b6b54b88afd4f4cadc5a241eeb2151,5.52
170,170,48da504f5b24b5b4ab4e597b698b6a6897b6b54b98af94e44adc62247ceb2151,5.56
171,171,ccda42cd5f24a5b4ab5a417bea0b4a6115b6b54b92af94e04ed446e4edeba151,5.59
172,172,4cda4acdf524a5b4b35a294b6a0b56e0bd36a6cb96afe5c0cad44ce41dfaa111,5.62
173,173,4cdb5acd656455b4a57a6b4b4a4ba5e02bb4948bb52bcac45ab45ccc7b7aa111,5.66
174,174,48db46dde564b7a4293a534ba85b2f4052b4b51bad6adac554a4595e6b73a115,5.69
175,175,59da46dd6b64f525993aa55b6adb4a44b6a4a51bdadad685cdac43564eb30101,5.72
176,176,6b5b5cdc7264a525a9726d5b5a9ba64c2da4915296b6ec8d4a6c46d63ea73141,5.75
177,177,ca5a4cdcf624b524fb72ad5b2a996a4dd3a4b452a5a7da8d5acc4cf46923a141,5.79
178,178,4a5a4dc866edb524a772695b4b19bad936a6a5d299ad96c96cd458f4436b2151,5.82
179,179,5ada5f4846edb5242db68b4b4b796a9964a69176b62dccd9c8945af4364b2511,5.85
180,180,4ad84e4856adb124adb62b4b6e794b9991263756e66998995ab44ee46ccbbd11,5.88
181,181,4ad84e4956acb324a9a7695b6e791b99b32e3496dce9999142a44ec4cd9bbd11,5.92
182,182,4ad84a4976acb366ada7e95b4a7933b9366ef4969ce9339146a44cc4c99b3111,5.95
183,183,5ad84a5956a4b764b9a7e95b497963b9366c95969ce96693cee458c4891b3111,5.98
184,184,5ad84a4954acb764b9b7c95b687b62b9e66c95969da9e6d3cee458c4011b3051,6.01
185,185,5ad84a4954acb764b9b7895b687b62b1d66cb59635a9e6e3cee458c4031bb051,6.05
186,186,5ad84a5954aca764b9b7895b6a7b66b1d46cb59631a9c6e3cee459c42313b051,6.08
187,187,5ad84a4954a4a764b9b7095b6a7b6e99946cb19635abc6e34ee479c42713b851,6.11
188,188,4ad94e4844e4b324b9b3095b6a7b6a9990ecb59635abc6e34cec79c46713b951,6.15
189,189,4adb4cc846ecb72439b3295b6ef94a5890ac3516f4ebcec34ccc71d46713b941,6.18
190,190,4ad84ccc768cb72439b3696b4eb94a5cb1a43512f4eb8ec358cc73d4e713b941,6.21
191,191,4ad844cc7604b52439f3e96b4e994a5c31a63512d6eb8ec758ac73d4e713bd51,6.24
192,192,4bd8448d3264b52438f3e96b4a99785c31863513c6eb8edf58ac73d4e7133d51,6.28
193,193,59d84ecd1364b524387beb6b6a99385e31863713e6e9ce1f589c71d467030d51,6.31
194,194,49d84ec5b564b534396b6b2b4a9bbd5e11863713e6e9ce1d58d451d4632b0d51,6.34
195,195,ccdb4ec3f5343434292b632b4adbbd4691863733e6e9ce1d18d451d463ab8551,6.37
196,196,ced34a41353c3624212b61abcedaed66b197373be6e9ce1c18d451d473ab8550,6.41
197,197,4ed34a5815bc3225a129e89bce5ae566b193373be6adce1c98d459d471aba550,6.44
198,198,5adb4b58149cb365b129c85bce5ac063331237b8e6adce1cd8f459c679aba550,6.47
199,199,5b5b4c9c76a433643121ca5bcf5af0b3371232ade7ad8e0cdcf418c639aba550,6.51
200,200,49db4ccd76e43124a533cb5b4d5bd8b3379832ade38dcc4dccf418c61ba9a510,6.54
201,201,49cb5ec96264b524a133eb5a495bdab395cc32ad738dc64dcc74ccc64bb9a114,6.57
202,202,4fdb4ed8f124b524a1136b5a4c5b6ed395cc38ad338dc64d4e54ccc66bb93114,6.6
203,203,42d97ad83126b5a4a933695b4edb6af0d4ac9ea531c9660d4e544ec67bb93116,6.64
204,204,4adb485e45a6b7a4a16a6d4b4adb7accc62f9aa5b1c1671c4e144ee678b99116,6.67
205,205,4a5b6cc364a4b764b12f7b494adb5a6cc7279db491c1331cccd44ee678bd8502,6.7
206,206,4bcb7cd316e4bf24912f6b49ca5b4e6561278db499c1931cdcd446f44c9da542,6.73
207,207,4bc25ad81364bd24a12f6b59ea5b2fe570a7e4f0dc41999c5ed4c2f44e8d2543,6.77
208,208,0eda5ed8076cb526a5a52f596a5b8fe5309726f0ac61c99c5e54cabc664d3053,6.8
209,209,ced85edc85ac35a6a0a5ab59495bcee59c17b778a409e0dc5e5049be624db053,6.83
210,210,4ad84adcf1a4b7a6b0258bcb485b46f59e06b37ca60574cccf1449ae3b2db153,6.86
211,211,4ad87e4c70a4b7a43a35c9cb681b66f1ce06913c9707bccccf9c0cae8b2f8553,6.9
212,212,4adc7eccf0e5b7a5293de9cb6a1362f54406913cb7079cccc7980caec127a513,6.93
213,213,4bcc7cc754a5b727a83d6dcbca1332e5440ed13dd703dec45798c4a74127b113,6.96
214,214,4bca7c8740a5b325a8356fcbca1332e7640f59a5f7835ee4529dc4a749a57113,7
215,215,cacb4e93d0a5bf25ac3d2fcbca1b10e7640f3da573814ef458dd428768a53113,7.03
216,216,cfd35e9378859f24a46f23cbc81b98e3b40fbde03bc10afc58cd428728a53d13,7.06
217,217,c7d35ed948c52524b56b19cbec1398e3b70eadf003f3c8fc48cd5a072ca5ad11,7.09
218,218,c3d15ed961e527249161fbc96e13dce3b70e84f181f3e07cc8cd5a07ac81ad51,7.13
219,219,cbd94e4961e43724d160ffc96f12dce3178684f191d3e47ccccd5a07b481a571,7.16
220,220,4bd9ce4961e42724fb601fc96f124863138ee4719193f43c6ecd5a85f681b5f1,7.19
221,221,cbd9ee4d31a427347b618bd92b134843110ef439d09bf60c6ec54b857681b7f9,7.22
222,222,4bd94eccb1b427342b798bd9ab136847f00f7639dc8f170c0fc54b8412c1b7f8,7.26
223,223,5bdc424cd486b324293c69cbdb937c43fd07b63d0e8fd38cc0ed81e44a713378,7.29
224,224,59dc664c5c86b124ad3c69ca5bdb16630d86b70daec7e884d0edf0e568752978,7.32
225,225,d8d6664d46e63534b536296a4bdb93230786978da7e678c47aa55ce5a834295c,7.36
226,226,c99652cf44e6153c9326ad7b6993d3a3a6c651adb5e23cc45eb55c25a534a11c,7.39
227,227,498352cf64a4119c5326bf7b69d35ae3b2d675ad97b28edc0ea54e059514a11e,7.42
228,228,c883584fa6acad246b371f796ad35833b04eaca5d3b2c6cccfa5cf855114314e,7.45
229,229,4c8f5a5d762cad342b315f792ed36c179266a4b5fb96e28dc3ad63844106314e,7.49
230,230,484d4adc776ca536ab394b7b8e136d07526634f839de728d58ec59c4a846954e,7.52
231,231,480f48dc5664b5b6bd29eb5bc2932d87da2696da1dde988d58f448e4c446e566,7.55
232,232,4c0f48dc766435bcbd29eb43cac38486ed36965a85e69e8dcef440e464477566,7.58
233,233,4cdb4a58333457bcbd29eb43cad3849e6d3ef65ac4a64e0d4ef4406436473326,7.62
234,234,405a4878b3bcf7b43d212d436a5746de272cf27ae6b7068d5e74c83490479b33,7.65
235,235,c85b4db85bec34a41d233d53685f52de252c336ab2b3838ddeb4e834c9638933,7.68
236,236,cd594c985eecb4241523bd43784e52ceb5ac3339b2b1c38ddeb4cc14c953c9b3,7.71
237,237,ccd94ed14e64b5349923b9433b4ed3fc95ac39393291e1ec5e944c14695365b3,7.75
238,238,c8dacaf35766b7b589631942290edbbc95bcbd3930d171ec4e944614645326d3,7.78
239,239,c8d2eef35f24f5a489631906e90eeafcd5bcbd3930d135ec4fd406142413325b,7.81
240,240,c8d2cee74d24f5a4ad6f0d06689e68dcd6bc952130d1b4ccc7d4d695b413325b,7.85
241,241,4ad2cdc70da4b5a4ad2f4b1e789c68d8d6b5952198c192dcc3dcd295b033b35b,7.88
242,242,ced2cc87cd8cb4a4ad2f2b1e38597858d6b59721984390dcc3dcd29590339b7b,7.91
243,243,cfc6cc8c2c8cb424bf2f1b1a78596958c6b195239843d3dcd3dc5a8518339b7b,7.94
244,244,cece4e8c9c4cd22c9b3b0b1b79596958c2a19763984bd9dccbdc4a8518339b6b,7.98
245,245,4ecc4e8c3c4c7b2d893b0b5b78f96950c3a1c563986b59dcc9dc4a851833bb6b,8.01
246,246,ce9c4c9c3d5c5929c93b0b5b78f9e150e3a1c563986b59dcd1dc4a8518332b6b,8.04
247,247,ce984cd999587321a933ab5b78f9e152c3a3c563986b59dce19c48851c332f6b,8.07
248,248,c8d94cd93169f3a1a1332b5b60e9e352c3a39563986e1c9ee59c68951c332f6b,8.11
249,249,c8cb44c9736163a7a1222b4364ebe742c6a79d2398ee169ee79c4a951c332f6b,8.14
250,250,4ac940c973e467a6a1062a4b6c4bcf52caa79d2f38ee169cc79c4a951c336f6b,8.17
251,251,48c9604862266726a95e787bc85bca139aad983e38bcf69ce71c48157c736f6b,8.21
252,252,48d96a5a46369d24b95e5869c95b8a1b18ad31be30bcf79cc614483578736f6b,8.24
253,253,c9594a5a56a4bd2cb1a9d9a98b1b1a9b30a931b6f7bcc79cc61448a56863cb6b,8.27
254,254,cb5b4ed234a4312431a9a5ab2a1376b375a5e3f6e6bc8614ce54c8e5c8625b6b,8.3
255,255,4ed27e9635ac3124b5a12d3b6a1366b3e5b6e77686bc8c52ce44c8e5c8625b4a,8.34
256,256,4cda748df16c6725d5232b5b6a5bc6abe57686769e388c5a4845c8e559425b4a,8.37
257,257,489ce08d47ec17a59d236a5bca5bc7e987769ef41c39185258c548c55bce1b4b,8.4
258,258,c89d4ac916e49527a9234a5bcadb0fc81fd63cb43479785252c543c5d3cef34a,8.43
259,259,4ad95ec914e4b527a873485a0ddb2f423ad430b4f16bf0d3c285c385d3cef35a,8.47
260,260,5ad95ec9b4e6a127427251da6b5b6b427294f1a4e16bc2d1c68d8e05975e965a,8.5
261,261,5ac9f0cba0e6222717b2ad5a6b5beb56f0b481a8834b86958e8d1e0cb61eb6fa,8.53
262,262,d8dbe0c322e652a79532a95aeb5bc25695b4856807cb86951e0d7e0c3e1e36fa,8.56
263,263,88db62d762e616a6b532ab5b4a5b42d605a40f631fd31c957c0d7c0c369e34fa,8.6
264,264,08db4ac656e69526ad324b194a1b15d615243f63be937c95780d704c74fe35fa,8.63
265,265,4acb5ec6d666b52629344a19525b55463d24bb43bc93e4bdc04d60dc64fe25fa,8.66
266,266,58dade46b464a13449345a19505bed46ff24ba43f493c0bd40dd40dc64fe27fb,8.7
267,267,d852c846a42c29345b3cd21bf55bed46fb64b293b4b1c0ad40dd40dc25f627fb,8.73
268,268,c8d6a8fc603c513cd32c950bed5ae956ea65b29304b940e940d844dc6df62ffb,8.76
269,269,c8fc48fc453c552c952ca54b295b6b56426516b305b905e944d84cd46ff62ffb,8.79
270,270,48fc44f855389724b52da91b6b534a7506a334b315a905c94cd86cd46fb62ffb,8.83
271,271,48d846d8973cb324a92d29534a535af316a334b395281fc94cd86c946fb66fbb,8.86
272,272,4a99ced8a204a32429234b035ad356d374a375b39d684ed84cdc6e946fb62fbb,8.89
273,273,ca99ced8320421254923594352d3d4e3f4a3b523bd686ed86cd44e946fb66fab,8.92
274,274,c8d95ec8728451255923d943d4d3b4d3a5b3a522bb486eda4cd44e946fe62bab,8.96
275,275,48db54c754a55523d1239553a4d325d3adb3a960aa494cda4ed44eb46fe62bab,8.99
276,276,484344c564a59523b173ad532ddb69932932ab7cbad94c9a4a944ea46fee2bab,9.02
277,277,48424ecdada3b533a5722d5969db4b9b4a34325c12d94c9e4eb44ca457ee33ab,9.05
278,278,ca484a996d3225322d3069d94bdb4a9a5234b6cc569d5c9e4eb45ca457ee37ab,9.09
279,279,4ad94a99453026b449384b995adbd29c96e4b6cc94bf95965ca454ec27eeb52b,9.12
280,280,5a995a98547045a4d92cdb0b921ab6bcb6e4b48cb5af95b6dcac456c2d6ea12b,9.15
281,281,5ad952d856ccd5ac9529930bb25ab4f424c4a5aca5a79da64cec6d4c6d6e292b,9.19
282,282,dad9d6d8b4ccb5acb529a70b26da24e62c8425a7a927d9665aec4e4c694b292b,9.22
283,283,4adbe6daa48cb5ac252b264b64da6dc66d84c927db275b665aec4acc48cb290b,9.25
284,284,48db6cd6688c252c656b6a6b69524946d9849b27d367d246dacccaccd1cab35b,9.28
285,285,48db48dc518c252c696b496bc952994e93a49327966f9646d6cc5ad4b5dab35b,9.32
286,286,c8dbd8dcd32ce92c8963996b9b52b34e32a4b667b64ee6ce44cc549429922573,9.35
287,287,4adae29cf66c93a5b963314b3bd2665c66a5646664ce4cde4d9c499449922d73,9.38
288,288,4a5a625c666c33a52147254b6ad366dce4a5ecc6cccedcdcc99849b4db32a963,9.41
289,289,4a5a42dc64ec35a569466d4aced3ce98cca59cc6998e999c5b984bb49336b963,9.45
290,290,4ada4edd35ecb5acc126cd4ace919c9a99a59996b19e339c5b1843343636b163,9.48
291,291,dad85ee973ccb5ae9b26895a0899399a33a5339633be673cc6704e3466662143,9.51
292,292,4ad95ce9535ca52eb526195a6899711273ad6796e73ec674ce704e644ce621c3,9.55
293,293,48d94ec9d616352e2526795b6a296372e6adc7368e39cc744cf04ce499e6a18f,9.58
294,294,4ad94ec92636bd26e926e95bc269ce728ead9c369c699ce458f258e439c6210f,9.61
295,295,5ad94cc96cb6b126992e695b4ac91e721c3f3c363ceb70c4d9c661c463ce230f,9.64
296,296,4ac95ad95db6b164b16e895b0ac93ed23837b076f0cbf1c4c3c6c384c70e331e,9.68
297,297,ccc96adb7166a0a4256c2b13788978d6f067e1e6c1cbc7c4c786478c8f1e953e,9.71
298,298,c9cb46d3a36417a4ad5c6b33e14bead6c5e287e4879b8f044e864e0c3a1cb57a,9.74
299,299,595bccd366e435a4ab5c5e23aa5b4a8615e20fe4973b3e145c067c1c783cb17a,9.77
300,300,ca534cd25eeca7247b188d6b4a5b17862fd21eacbd0afa14f80e781cf03ca17a,9.81
301,301,cad34dc2b4cc2f24b33ca94b5adbbf0c6a96b5acb852d09dc00cc0f460fca3fa,9.84
302,302,4cd3ea4e7cac5e34a53c6b4bf2936a0c5ab6b52ce856c0bdc01c40f40bf827fa,9.87
303,303,cc4bcade74acb634293c4a4bec9b7a5cb6b7a12cc2d780ad805c4af40bf02fd2,9.9
304,304,ca4b6adcf42cb5342b6d928368397a5fb4b7e36c82b7802d00dc4af44bf02ff0,9.94
305,305,4adb68dcb46c2d344bc9b293693972dfa5b7c27c80b7806d02dc4ae40bf03ff0,9.97
306,306,5ad3c8dcb46c49b45389a5336859729765a7d2fc84b7086c4adc42e44ff03ff0,10
307,307,48d3e84c34645be4b3ab293b5a597687413c92be94a7485c42b446e55ff07ff0,10
308,308,48daec4c6e6453e4b7a369395a5b74a3e13c92be84a7405c42b442e557f43ff0,10.1
309,309,48dbae4e6d64d364b52369395a5bf4b3f13cd2b684af405c40b440e547fc17f0,10.1
310,310,48d98e4b6d767b64b5332d195a4bf6937928f2a6b4afc04c40bc40a543fc17f8,10.1
311,311,4cc9ce4b2d367b6697332d194a4b3e937f08fea6f4adc00cc09e40a550fc17f8,10.2
312,312,4cc9d68b2d263b669732291b0a5b3e933f087e86b4adf80cd09e50ad50fc57f8,10.2
313,313,4cc9d6892d243b669732291b4a5b2e933f487eb6b6adf80cd01e502d50fc97f8,10.2
314,314,48c9d6896c341a66a533295b4a5b3e933f487eb6b4a9f80cd09e502d54fcb5f8,10.3
315,315,d8c9c6996c641264a5322b5b4a532e917f48feb6bc29f80cd09ed02d94fcb5f8,10.3
316,316,d0c9e49974649724a5302b5b4ad32cd13f583eb2bf29f80ed01ed02d94fcb5f8,10.3
317,317,d0c9648974649726a5284b5b02d32cd11f503eb2ff29f80ef41ed42db4fcb5f8,10.4
318,318,80cb64895464b5a6a52c4b5b02d30fd91f543eb2fd09f80ef41cc42db4feb5f8,10.4
319,319,88db4cc9d664b5a4a92c4b5b04930f591f14b6a3fd09f81ef41ce02da4feb578,10.4
320,320,88db4c4d9666a524292c825b04934b591e96bfa3ff09f81efc3ce02da4fea578,10.5
321,321,48d3484d96a6a524eb6c825304930b581696bfa3ff49fc1eec3ce82d2c7ead78,10.5
322,322,48d95a4db6a62924934e055309d31a58b6b6bd23ff4bf01ee83c486d69fe2978,10.5
323,323,48d954cd24a64b24935a0d1b495316d0b7a6fd23fe4bf01e483c487c69fe6b7a,10.6
324,324,4ad164cd24a79324975a2d4b4b5336d0b5a6bd27b60bf01e407e407c49fe5b7a,10.6
325,325,4ad964d964a69325b61a2d4b4b4336907d26fd27b60bc01ec07e405c4bfedb7a,10.6
326,326,dad944d969a69325243b491b5b4b7e90ed24f127b40bc01ec07e40dcd3fe937a,10.7
327,327,dad944d849a4b325243b695b5b4b7e90fd24f027b41fc01ec06ec0dc93fa937a,10.7
328,328,9ad944d849a6b325243b695b5b4b7e90fd24f027b41bc01ec06ec0dc93fe937a,10.7
329,329,dad964d865a69325a61b092b4b4b26987d26bf27b60ae41ec06e405c4bfed37a,10.8
330,330,48d914c824a7f32c970f2d2b095b02de37a63f27bf4afc1e6806484d487e7b7a,10.8
331,331,48d9d6db24a7312cf34fa533e85b825e87b607a31fca3e867c06680d683e297a,10.8
332,332,48d952d3b4a7212c1b67f29be84be856d2b681a387ca8fc64e866c0dac3ea57a,10.9
333,333,485b5ad35425a56609231b1b7d0b7856f2b6f0b3a1eac3c247858f8db70eb53a,10.9
334,334,4a5b4ad35425a526292b1b5b1d033c5278b6f0b6f1eae3c2c385c784d7aeb53a,10.9
335,335,4adb4acd54a4b526a96b4bdb0fc32c523a763c3cb0eaf1c242c5438457ae572f,11
336,336,c8db4ac55624f526a96bcbd3cbd38f5aae361c3c1c7a38c858c450e453ae138f,11
337,337,c8cb4ac542a53426b56b63d3c2d3c75a871a863e9c3a9ce858e458e46bee2b8f,11
338,338,58cb40c142a53727352b2bd368d3635bc71a873e863adc695cf458e438ee2b8f,11
339,339,58cb54c962a5a327152b3953285371d37702e30fc73ac6794ef44ce428e6abcf,11.1
340,340,5ad954c96524a327852b995b38d330d33102318ff39bc63a4e744ee42ee62bef,11.1
341,341,4adc54c87564a324832f8f0b2ad338d331e23107739fc71a4e744ef42ee62be7,11.1
342,342,4adc56d8356ca124c3278f1b0ad338f631e6310f639ec71a4e744ee42ae62be7,11.2
343,343,4adc569c356ca124d3258f5b0a9918a431a43387e31fc71ace746ae46ae66bef,11.2
344,344,4ad956bc34eca164d1258f5b0a1b1aa431a43385e39de71ee6546ae46ae663af,11.2
345,345,4adb568f34a63160b1218f5b8a1b1eac31243385e38de71ee6546ae46ae673af,11.3
346,346,4adb56c9342631a2f121895b8a1b1ebd35243381f38de71ce6546ae472e673af,11.3
347,347,4adb5ac9342631a6f123a14b8a5b1eb93d2431a1f38de71ce6146ae472e653af,11.3
348,348,48d95ad925263126f1a3e14bca5b9eb93d2431a1f38de31ce61462b472e653af,11.4
349,349,4ad95ad925243b26f1a3e14bca5b9e991d2431a1b38de31ce3146ab472e653af,11.4
350,350,4ad9d2d92d243136f1a3e9438a5b1e3b396c31b1b389e71c461466e452e657af,11.4
351,351,4ad9c6d92c243136b1a3c9438a5b1c3b397433b1b3a9c71c4e14c665d2e6d7af,11.5
352,352,dad984dd2e243136b123c9438a1b1c3b3874b3b1b3a9c71c4e144665d6e6d7af,11.5
353,353,dad926996a6c3136a1a3cb430e933c3b387433b1a329c61c4e34c665c7e6d7ae,11.5
354,354,dad82d995a2c3126a123cb4b0fd33c3b327633b2a7290e1c4e34c665e7e7a52e,11.6
355,355,98da6d985b2db02ce9278b4b0f93383370f2f3b227290e1c4e34ce6587e7a52e,11.6
356,356,98db6dd81f24b22ce1368b4b0f93783370f2e3a067290e1d5c344e650f67ad6e,11.6
357,357,98db6cda1f24b42ce1368b5b0f937a3370f2e3a247294e195c344c650f672d6e,11.7
358,358,9adb6cda1f24b42ce13c835b0f937b2770f2e3b247294e195c744c640f632d4e,11.7
359,359,9ad964de1b24b425f13c835b0e9b7a27f072e3b6c7294e195c744c640f630d6e,11.7
360,360,92d944de1f663425e13c837b0f9b3b25f072e3b4c72b4e1958745c740f630d4e,11.8
361,361,92d944dc1b663525a132837b0f9a3a25f0f2e3b6c76b4e3958745c741e630f4e,11.8
362,362,b2d940dc1a663521a1b083fb0f9a3a2df0f2e3b4c72bce3958745c741e635f4a,11.8
363,363,b2d940dc1a663521a1b083fb0f9a3a2df0f2e3b4c72bce3948745cf41e635f4a,11.9
364,364,26d94cdc32667531a1b007fb2f18722de2f2c7b4862bde79c0745ce41e435f4a,11.9
365,365,64d94ed832667531a1b027fb6f18726de2f287b0860bdc79c0f4cce43c435b5a,11.9
366,366,26d94ed832667531a1b007fb2f98722de2f2c7b0860bce79c0f4cce41e435f5a,12
367,367,b6d944981be63523a1b283fb0f9a3a0cf0f2e3b0872bce39c07cd4f41e435f4a,12
368,368,b2d9449813e63127a9b223fb0f9a7a0c70f2e3b2878bce19c0fcc4f43e431f5a,12
369,369,9ac2449903e63327e9b3a3f30fda3b1c30f6a3b28782ce19c0fcc4f43e431f5a,12.1
370,370,98ca44990ba43327e9b3a1f30fda3b1c30f6e3b28782ce99c0fcc4f43cc31f5a,12.1
371,371,9a4a64894ba43b67f903a1f30fda3b1c30a6e1b28782ce99c0fcc4f43ee31f5a,12.1
372,372,9846648dcba41b66f903a1e30fda1b1c3027e1b68786ce9bc2fcc4f41ee31f5a,12.2
373,373,9846660dc92c1b667927a9e309da1b1c3226e1b68786c69bc2fcc4f4bee31f5a,12.2
374,374,9846660dc92c1b667927a9e309da1b843226e1b68786c69bcafcc4f4bee31f5a,12.2
375,375,98467685c1a41b663907e9e309da1b863226f1b6e386c699cabce4f49ee31f5a,12.3
376,376,c8461e8541a49b663d03f923c1db0f861a26b0b6e3a6c7d96e3cf4f496e31f4a,12.3
377,377,48461e0565a4c9262d037933e8db8d869f26b096f1e663c97abc5674d6734f6a,12.3
378,378,48161a0564a4e9260d072d13e8dbcdc68f27bc96f1e663c97abc5634d6734f6a,12.4
379,379,6c5e4b05242c69268d072d03787bc5c68f279c96b1e673c87abc5e3456734f6a,12.4
380,380,6c5e4b25340c692685270d03787be5c6cf269c96b9e673c87a9c5e3456724f6a,12.4
381,381,7c5e4b25362c692481270d03787be4c6cfa69c96b8e673c87b9c5e3452724f6a,12.5
382,382,fc5e4b35162d2924e1270d03587be4c6c5a69e06b8e671e87b9c5e3452726f6a,12.5
383,383,fe5c4f18160c2d24e1278d83485b64c6c5a68e06bcf679e87b9c5e345a726f6a,12.5
384,384,de5c6d18d60c3d24e92785830c1b64c6e5a6c6069cf679e8399c5e345b726f6a,12.6
385,385,de5c6d98d60c3d24e12785930c1b64c6e5a6c6069cf639e8199c5e345b72ef6a,12.6
386,386,9e5c6d98d78c3d24e127c5930c1b24c6e5a6c6061cf639e8199c5e345b72ef6a,12.6
387,387,de5e6d19d70c3d24e12785930c1b24c6e5a7c6061cf639e8199c5e345b72e76a,12.7
388,388,fe5e4b11162c2d24e52785930c5b64d6e5a7c6061cf639e8199c5e345b72e76a,12.7
389,389,fe5e4b01362c2d24e5278d93085b64d6e5a786061cf639e8199c5e345b72ef6a,12.7
390,390,fc5e4b19362c2d24e5078d13185b64d6e5a786061cf639e8199c5e345b72ef6a,12.7
391,391,7c5ecf18368c6d24e1078d13185b64c6c5a786061ce679e8799c5e345b72ef6a,12.8
392,392,7cd8cf58168c792ce90d8d03585b64d4c5a58c0698e679ca799c5e34daf26f6a,12.8
393,393,7cdacb589698792ce9298d13181b64d8c5258c0f98e679c8799c5eb4d2f2cf6a,12.8
394,394,74d84eda9698353cf1398d19181b64d8c1258c0d9cb679c8699c5eb4d6f2cf7a,12.9
395,395,06db6cda96f834b8f1398d991a196459c125860d9c96f1c9699c58b4d6f2cf7a,12.9
396,396,02db64f696f334b9f179ad991a197459612586099c94d9c1499c58b4d6f2cf7a,12.9
397,397,02c364c7c6e334b1f179e5d91e197459613186299c94d9c149dc58bc96f2df7a,13
398,398,92c364c7c66734b1f17be5d90e1b7459613186099c15d0c149dc78bc96f0df7a,13
399,399,dac364c7c26734a7706be5db0e1334596131c6099c1dd8c169dc58bcd4f0cf7a,13
400,400,dac368c7e26734a7306be4db8e13345b6131c6098c1dd8c169dc18bcd4f0df7a,13.1
401,401,dac16cc7e26734a7386be4db8e13345b6131c7098c1dd8c168dc18bcd4b0df7a,13.1
402,402,dac17cc7e26724a7386be4db8e13365b7131c7098415d8c168dc18bcd4b0df7a,13.1
403,403,dac17cc7e26724a7386be4db8e133e5b7131c709841558c168dc18bcd4b0df7a,13.2
404,404,dac17cc7e26724a7386be4db8b133e5b7131e709841558c168cc1c9cd6b0cf7a,13.2
405,405,dac17cc7e26724a7386be4db8b133e597131e709841558c168dc189cd6b0df7a,13.2
406,406,dac17cc7f26724a7386be4db8e133e5b7121c709841558c168dc18bcd4b0df7a,13.3
407,407,dac16cc7f26734a7386be4db8e133e5b7121c709841558c168dc18bcd4b0df7a,13.3
408,408,dac168c7f26734a7386be4db9a1b3e597121c709841558c168dc1cbc56b0df7a,13.3
409,409,dac168c7e26734a7386be4db9a1b3e597121e609841558c168dc1cbc5eb0df7a,13.4
410,410,dac168c7e66734a7306be5db9a1b3e596121c6098c1558c168dc1cbcd6b0df7a,13.4
411,411,dec168c7e66734a7306be5db9e1b3c196121c6098c1558c168dc1cbcd6b0df7a,13.4
412,412,fec168c7e66734a7307be5db9e1b3c196121c6098c1558c148dc18bcd6b0df7a,13.5
413,413,bec16867e66734a7307be5db9e1b3c196121c6098c15d8c148dc18bcd6b0df7a,13.5
414,414,fec16867e66734a7307be5db9e1b3c196121c6098c1558c148dc18bcd6b0df7a,13.5
415,415,fec16847e66734a7307be5db9e1b3c596121c6098c1558c148dc18bcd6b0df7a,13.6
416,416,dac168c7f66734a7306be5db9e1b3c596121c6098c1558c168dc1cbcd4b0df7a,13.6
417,417,dac178c7f66734a7306be4db8e133e5b7121e609841558c168dc18bcd4b0df7a,13.6
418,418,9ac17ec6f26724a7386be4db8f133e1b7121e709841558c168dc1c9cd4b0df7a,13.7
419,419,dbc17ec6f367a4a7386be4db8b033e1b7131e709841558c168cc1c9c94b0df5a,13.7
420,420,dbc17ec4fb67b6a73863e4cb8b833e1b7121e7098415d0c168cc1c9c94b0df5a,13.7
421,421,dbc17ec4fb67b6a73863e4cb8b833e1b3161e7098415d0c168cc1c9c94b0df5a,13.8
422,422,dbc17ec4fb67a7a73863e4cb8b833e1b3161e7098415d0c168cc1c9c94b0df5a,13.8
423,423,dbc17ec4fb67a7a7386be4cb8b833e1b3121e709841558c168cc1c9c94b0df5a,13.8
424,424,dbc17ec6fb67a4a7386be4db8b033e1b3121e709841558c168cc1c9c94b0ff5a,13.9
425,425,dbc17ec6fb67a4a7386b60db8b033e1b3131e709841558c148cc1c9cd6b0ff5a,13.9
426,426,dbc17ec6fb67a4a7386b20db8b433e5b3131e709841558c148cc1c9c56b07f7a,13.9
427,427,dbc17ec6fb67a4a7386b24cb8b433e5b3131e709841558c148cc1c9c56b07f7a,14
428,428,dbc17ec4fb67b6a73a6b20cb8b433e1b3331e709841558c168cc1c9c16b07f5a,14
429,429,dbc97ec4fb66b7a73a6b20cb8b031e5b3321e709861558c168cc1c9c16b07f5a,14
430,430,dbc97ec4fb66a7a71a6320cb8b031e5b3361e709861558c168cd1c9c1eb07f5a,14.1
431,431,dbc97ec4fb66a7a71a6320cb8b831e5b3361e7098615584168cd1c9c1eb07f5a,14.1
432,432,dbc97ec4fb66a7e71a6320cb83831e5b3371f3098611584168cd0c9c1eb87f5a,14.1
433,433,dbc95ec4fb66a7e71b6320cb83831e5b3371f3098611584168cd0c9c1eb87f5a,14.2
434,434,dbc95ec4fb66a7e69b6320cbc3c31e5b3371f30986115c4128cd0c9c1e187f5a,14.2
435,435,dbd95ec46b66a7e69b6330cbc3c31e5b3371f30986115c4128cd0c9c1e187f5a,14.2
436,436,dbc95ec46b66a7e69b6330cbc3c31e5b33f1f30986115c4128cd0c9c1e187f5a,14.3
437,437,cbc95ec46b66b7e69b6330cbc3c39e5b33f1b30986115c4128cd0c9c1e187f5a,14.3
438,438,cbd94ec46b66a7e69b6332cbc3c39e5b3bf1b30986015c4128cd0c9c1e187f5a,14.3
439,439,cbd94ecc6b66e7e49b233a6bc3c39e5b3bf1b30986015c4128cd0c1c1e187f5a,14.4
440,440,cbd946cc6b64f7e49f233a6bc3c39a5b1bf0b329c6015c4128cd0c1c1e197f5a,14.4
441,441,cbd946cc6924f7e49f623a6bc3c79a5b9bf0b329c6015c4128cd0c1c1e197f5a,14.4
442,442,4bd946cc6924e7e4df663a6bc1c78a5b9bf0b329c6015e4128cd8c1c1e197f5a,14.4
443,443,4bd942cc6924e7e4df667a6ac1c78a5b9af0b329c701de4128cd8c1c1e197f5a,14.5
444,444,49d942cc6924e5e4df667a6ae1c78a5b9af0b329c701de4128cd8c1c9e197f5a,14.5
445,445,41d942cc6924e5e4df667a6ae1c78a5b9bf0b329c701de4128cd8c1c9e197f5a,14.5
446,446,41d942cc6924e5e4df667a6ae1c68a5b9ff0b329c701d64168cd8c1c9e197f5a,14.6
447,447,41d942cc6924e5e4df667a6ae1c78a5b9bf0b329c701de4128cd8c1c9e197f5a,14.6
448,448,41d942cc6924e5e4df627a6ae1c78a5b9bf0b329d7015e4128cd8e1c9e197f5a,14.6
449,449,41d942cc6924f5e4cf627a6a61c7c25b9bf0b329d7015e412ccd8e1c5e197f5a,14.7
450,450,41d940cc6924f5e4df627a6a61c6c25b9bf0b329d7015e412ccd8e1cde197f5a,14.7
451,451,41d940cc6924f5e4ff227a6a69c6c25b9af0b329d7015e412ccd8e1cde197f5a,14.7
452,452,49db40cc6924f5e4df227a6a69c6c25b98f2b329d70156412ccd8e1cde197f5a,14.8
453,453,49db40cc6924f5e4ef227a6a69e6c25b98f0b329d3015e412ccdce1cda197f5a,14.8
454,454,49d940cc6924f5e4ff627a6a69e6c25b98f0b329f3015e418ccdce1cca193f5a,14.8
455,455,49d940cc6924f5e4ff627a6a69e6c25b98f0b329f3015e418ccdce1cca193f5a,14.9
456,456,48d940cc6924f5e4df627a6a69e6c25b98f4b329d3015e412ccdce1cda197f5a,14.9
457,457,41d940cc6924f5e4db227aea69e6c25b9bf0b329d7015e410ccd8e1cde197f5a,14.9
458,458,41d940cc6964f5e4db227aea61e7825b99f0b329f701de410ccd8e1cd6197f5a,15
459,459,c1d944cc6964e5e4db227aeac3e3825b99f0b329d701de414ccd8e1c96197f5a,15
460,460,c1d94ccc6b64e5e4df6278eacbe3825b99f0b309c601de4148cd8e1c96197f5a,15
461,461,c3d94ccc6b64e5e49b6278eac3e7865b99f1b309c601dc4148cd8e1c96197f5a,15.1
462,462,c3d94ccc6b64e5e49b6268eac3e7965b1bf0b309c601de4148cd8e1c96197f5a,15.1
463,463,c3d944cc6b64e5e4db6278eac3e7925b1bf0b309c701de4148cd8e1c96195f5a,15.1
464,464,c3d940cc6964e5e4db6678eac9e7825b9bf0b329c701d64148cd8e1c96197f5a,15.2
465,465,c0d940cc6964e5e4df667ceae9e7825b99f0b329c701d64168cd8e1c96195f5a,15.2
466,466,c0d940cc6924e5e4df667ceae9e6825b99f4b369c701d64168cd8e1c96195f5a,15.2
467,467,c0d940cc6924e5e4df667ceae9e6825b99f4b369c701d64168cd8e1c96195f5a,15.3
468,468,c0d940dc6924e5e4db6678eac9e682db9bf4b369c701d64168cd8e1c96195f5a,15.3
469,469,c0d940dc6924e5a4db6678eac9e682df9bf6b369c701d64168cd8c1c96195f5a,15.3
470,470,c0db44dc492ce5a4db6678eac1e682df99f6b369c701d64168cd8c1c96195f5a,15.4
471,471,c0db44dc4b2ce5e4db2678eac1e682de9bf6b369c701d64168cd0c1c96195f5a,15.4
472,472,c0db44dd4b2ce5e4db2678eae1e682de1bf6b361c701d64168cd0c1c96195f5a,15.4
473,473,ca9b44dd4b2ce5a4fb2678eae1e682d61bf6b361c701d64168cd0c1c96195f5a,15.5
474,474,c01bc4d94b2ce1a4f9277b6ae1e6c2c69ef6b361e701d64168cd0c9c96195f5a,15.5
475,475,c81bc4d94b2ce124e9a77b6ae1e6c2c69ef6b361e701d64168cd0c9c96195f5a,15.5
476,476,c81bc4d94b2ce124e9a77b6ae1e6c2c69ef6b361e701d64168cd0c9c96195f5a,15.6
477,477,c81bc6d9492ce124e9a77b6ae9e6c2c69ef6b361e701d64148cd0c9c96195f5a,15.6
478,478,481bc6d94d2ce125e9a77b6a61e6c3c69ef6b361e701d64168c50c9c96195f5a,15.6
479,479,48dac6994d2ce125e1a73b6a61e6c3e69ef6b3e1a701d64178c50c9c96195f5a,15.7
480,480,68dac6990d2cf325e1a71b6be9e6c3e61ef6b3e18701c64358c51c9c9431975a,15.7
481,481,68da86d95d2cd32581271b6be9e6c3e61ff6b3e18703864758c5189c3431b75a,15.7
482,482,6cdec6d35d2cd32581271b6bc9ce83e63fe6b3e2a603844750c5189c34b1b75a,15.8
483,483,48dec6d35c2dd32581271b6bc9ce83e63fb6b3e2a6038c47c2c5589c34b1b55a,15.8
484,484,49de0ed31c2d932509271b6bcbce8fa63fa6b762a6038c47c2c5789c2cb1b55a,15.8
485,485,49de4ed3182593250d273b6bcbce8f0635b6f763260b8c47c2cd789c28b1b55a,15.9
486,486,49de0ed3382592250d273b6bcbce1f0635b6f7632e0b8c47c2cd709c68b1b55a,15.9
487,487,49de4cd338a5b6250d233a6bcbcc1f0674b6f7632c0b9c47c2cd709c68b1b55a,15.9
488,488,49de4ec336a5b6251d233a6bcbcc1f0674b6e7662c1b1c46c2cde19c68b1355a,16
489,489,495e4cc276a5b6253f237a4bcbcc1e0674b6e7e64c0b1c46c6c5e19c68b1b55a,16
490,490,495e4cc636a5b6251f237a4bfbc81f067436e7e64c0f1c46c6c5e19c60b1b55a,16
491,491,495e4cce34a5b6271f233b6bfa499b063436f5e6c60f0c46c6c5e19c60b1b55a,16.1
492,492,495ec8ce14e6b6268f233b6b7a499b063e26f1e6e6078c46c2c5e99c68b1b55a,16.1
493,493,485ec8ce94e6b6268f231b6b3a49db07bf26b1e6e607cc06c2c5e89c68b1b55a,16.1
494,494,485e48ced4e6b426e7231b6b1a59db079f26b1e6f607ce06d2c5e88468b1b55a,16.1
495,495,4a5a4adef4e6b0a6e1230b631a59db079f06b9e6f707ce06d2c5e88468b1b55a,16.2
496,496,4b5a4edcf4e4b0a6e1230b631a595b039f06bde6f706c606d6c5e8c478b1b55a,16.2
497,497,4a5a4edcb4a5b1a6e12bcb631e595b039f06bde6f506c606c6c5e8c458b1b55a,16.2
498,498,4a5a4e5cb6a195a6e12fc96b3e597b219713bde6f506ce06c6c4c8c450b1b55a,16.3
499,499,da5a4e5c36a995a5e12fc9eb3e5b7a719713bde2b506ce0686c642c451a1a552,16.3
500,500,5adbda5c763cb5a5832ccb4b0a5b7a79b713bdb0b0c3ce1646d64284d1a1a552,16.3
501,501,4bd3ca46742cb524932ccb4b0acb6a6dd739bfb9bdc9de064ec642c4d121a552,16.4
502,502,4ad9c9d3c5663524bf2c0b59cbcb4a6c432d97b9bde9df064e8652c4d121a552,16.4
503,503,4ad94ad3c1e625273f270b5bc9dbcae4732d87ad9df81b064e8652c4d121b552,16.4
504,504,5ec95ad9c0f624a33f230b5b69dbeae4f027e3ad9cf91b8646845ec45021b552,16.5
505,505,5acd5ad9f0bc342137638b5b49db68f6f0a7f1ad84b909c6c784cac45825b552,16.5
506,506,1acd5adc7c8cb43135638b5bcb5b667670a731adc43989c6c3c4cbc45825b55a,16.5
507,507,5acd52cd5b8cf42535638b5bcb5b667274a731a5d43988d4c3d4cbc45825b552,16.6
508,508,4ac942cd538cfd2c35638b5bcb5b6672743730a7f439c8d4c3d4cbc45825b552,16.6
509,509,4acb52cc538cb5ac3d638b5bcb5b663274b734a3f639c8d4c3d4cbc45021b552,16.6
510,510,4acb52ce538cb5ad3d638b5bcb5b663254a734a3f439c89443d44be4d129b552,16.7
511,511,4ad352ced38cf5ad3d678b5b0b5a6e32542734abf439c89443d44ae4d529a552,16.7
512,512,4ad352cef38cf5ad39678b5b0b5aee32546235a9f419d8844bd456e495492d52,16.7
513,513,4ad352ced3bcf5a52b278b5b0b5aee321576b5a9f05898854ad456e4b5492952,16.8
514,514,4ad342ced1bcf5642b278b5b4b5aee321576b5a9f0589a854ad457e4b5492952,16.8
515,515,4ed342ced5bcb5642b27295b4a59ee329576b5a9f4588aa54a9457e4a5496952,16.8
516,516,4ed34aced5bcb1643327295b4ad9ee329576b52bf4588aa54a9457c4a5496952,16.9
517,517,4ed34aded5bcb164a52f095b4ad9ee329576b52bf4588aa54a9455c4a5496952,16.9
518,518,4ed34aded5bcb164a52b094b4ad9eeb2b536b52bf458aaa54a94d5c4a5416952,16.9
519,519,4c534adcd5bcb164a52b294b4ad9eeb4b536b52bf458aaa54a94d5c4ad416b52,17
520,520,4c534e9595bcb164e56b294b4a99eeb5b536b56bf458aaa54a94d5c429416b52,17
521,521,4c534ad5d5bcb164a56b2d4b4ad9eeb4b436352bf458aaa54a94d5e4ad416952,17
522,522,4e534ad7d5bcb164b563ad4b4ad96e94b436352bf558aaa54a9457e4a5412952,17.1
523,523,4edb4ad7d5bcb5643d63894b4adb6e94a536b52b15588aa54ad456e4b5412952,17.1
524,524,4ed9ca57448c35243d63894bea5b6b9ce536b5ab1558de85ead452e49541ad52,17.1
525,525,4ed9ca56609c352c3963194bea5b6b9ce53695ab1558de85ead452e49561ad52,17.2
526,526,4ed9e256609c352c3d235b4bea5b6bdca53694ab17585e85e8d44ae4d561a552,17.2
527,527,5ed8c252e294352c3d235b4bea5b6bdca53694ab97585685e8d46ae4d561a552,17.2
528,528,4ad8d352e384352c3d234b6be85b6bdca536b4ab97584685ecd66ae45161b552,17.3
529,529,4ad853526184342dbd234b6bea5b63dc2536b6ab97584685fcd6eaf45121b552,17.3
530,530,4ad85392758c342d9d234b6b6b5b6adc3536b6ab974842855cd6eaf45921b552,17.3
531,531,cad85b907584342d8d2b4b6b6b5b6adc3516b6ab9769429554d6f8f459219552,17.4
532,532,cad85b907586342d8d2b4b6b6b5b6ad43596b6ab97e9029554d678f449259552,17.4
533,533,cad85b9075ce342d8d234b6b6f5b6ad4359636ab97e8829554d658f449259552,17.4
534,534,cad85bd274ccb42d8d234b636f5a6ad4b59636ab97e8829554d658f449259552,17.5
535,535,cad85bd274ccb42d8d236b636b5a6ad4b59236abd7e8829554d658f449259552,17.5
536,536,cad95bd274ccb42d8d2369636b5a6adc359236a9d7e882955cd658f449259552,17.5
537,537,cad95bd234ccb6258d2369636b5a6adc3592b6a9d7e882955cd658f449259552,17.6
538,538,cad95bd234ccb4258d23696b6b5a6adc3592b6a997e882955cd658f469259552,17.6
539,539,cad95bd234ccb6258923694b6b5a6adc1593b6a9d7e882955cd658f469259552,17.6
540,540,cad95bd234ecb6258923695b6b5aeadc1493b6a9d7e882145cd658f469259552,17.7
541,541,cad95bd2346cb6258923697b6b5aeadc5493b4a9d7e882145cd458f46925b552,17.7
542,542,cad95bd2364cb4258d23e97b6b5aeadc9193b4a9d7e882145cd458f46925a552,17.7
543,543,cad95bd2764cb4258d23e97b6b5beadc9192b4a997e886145cd458f469252552,17.8
544,544,cad94bd2764cb4258d23697b6b5beedcb192b4ab96e986145cd478e449252552,17.8
545,545,cad84bd2760cb4a59d23497b6b5be6dcb192b4ab96e98e146cd478e449652552,17.8
546,546,cad84bd0778c34ad9923497b6b5b66dcb596b4ab9ee8ce144494f8e449652552,17.8
547,547,4ad84ed0778c342db92349734b5b66d4b596b5ab9ee8de944494e9e4c9652552,17.9
548,548,4ad84cd8778cb42db92389734a5b66d4b596b5ab9ee8de944496c9e4c9652552,17.9
549,549,58d84dd8678cb425b9630b734a5b4e96a596358bb4e8de944696cbe4cb653552,17.9
550,550,58d849d8572cb425b963ab4b4a5b6e1ee5b2b58bb4e8dcb44686cbe4ca653542,18
551,551,48d84bd8162ca524b163eb436a5b6e1ee5b2b5bbb4e9dca44ec6cbe4c2453552,18
552,552,48d85bd8362ca125b3636b4b6a596e1e8536b7bbb6e9d4e44cc64ee42285b15a,18
553,553,4ad85e59742c91a5a7636d5b68597a5e973697bba6c9d0c45cd45e842685a15a,18.1
554,554,4ad86e5b742cb325ad27495bea5972523736b53b97c988c4dcc66e846c859558,18.1
555,555,5ad84c5bd4ec37253d07495b4a5966f23636b53b9fc99ac4d4d66a854c851558,18.1
556,556,5ed048dbd0e4b7253d07c95b4a5966f27676b5339f891ac4d456eaa54c851558,18.2
557,557,4ed84c5ad0ecb7253d07095b4b5946d67676b5329f895accc4d6eaa5cc053558,18.2
558,558,4ed84cdad06cb7253d07495b4b5946d67676b5329f891ac4c4d6eaa5cc853558,18.2
559,559,4ed84ed8d03cb7253d07495b4a5b46d63776b53a97891ac4d4d6eaa54c853558,18.3
560,560,4ad86ed8d43cb3253d27495b4b5946d63776b53a95899ac4d4d66aa56c851558,18.3
561,561,4ad86ed8f43cb3253d67495bca5946de3736b53a95898ac4d4c66ea56c051558,18.3
562,562,4ad86ed8f43cb3253f63495bea59625e3336b53b958988c45cc66ea46c859558,18.4
563,563,cad85ed8742cb1252763694b6a59725eb136b7bb95c9c8c45cc66ea46e859158,18.4
564,564,cad84ed87e2cb125a7632d4b6a597a5e9136b7bbb4c9ccc45e465ea426858158,18.4
565,565,c8d84ed83e2c35258363ad4b6ad97a5e9536b5bbb4e9dcc45e464ea42285a15c,18.5
566,566,48d842d8162c3525a363e55b6ad97b5ef4b695bfb4e9dcc44e464ea48285a55c,18.5
567,567,48d84acc162cb525a363e55b6ad94b56f4b6b5afb6e9dcc44e464ea48285a55c,18.5
568,568,48d84ecc162cb125a363e55b4ad96b52f4b6b58fb6e9dcd44e464ea48285a55e,18.6
569,569,48d84ece1e2cb125a163ad5b6ad95b52f4b6b58fb6e9dcd44e064ea48285a55c,18.6
570,570,48d84ecb1624b125a163ed5b4bd95b52f4b6b5afb6e9dcd4ca065aa48205a55e,18.6
571,571,48d84acc1625b125b163af194bdb4f527496b5adb6e9dcd4cc964ab4c225a55e,18.7
572,572,58d84aca07253525b163af194bdb4b523496b1efb6e9dcd4c8964ab4d225a55e,18.7
573,573,58d84ace07a53524b163fb194b594b523696b02fb6e9ded4c496caf4c325a54e,18.7
574,574,58d84acec7acb524b133fb1948594b523696b42f96e99ed4c096caf4d925a54e,18.8
575,575,5ad84acec7adb52439335b19685969d23696b42f96e9ced444964af47925a546,18.8
576,576,4ada4acee7a5b53439334b59685b6bd29696b42f96e9c6d444964af46925a146,18.8
577,577,4ada6acfe2a5b53439334b59685b6ad29786b42f96e9d6d444964af46925a146,18.9
578,578,4ada6acbe2a4b5343931cb49685b6ad297c6b42f97e8d6d45c944af46925b146,18.9
579,579,4cda68cbf2a495343921eb49685b6bd297e6942db7e8d6d45c944af46925b146,18.9
580,580,4ada6ac9f6a415343921eb49285bebd297e6942db7e8d4d47c944afc2925b146,19
581,581,4adb6ac9f6a43534b921eb49085b6bd217a6942db7e8d4d47c944abc6925b546,19
582,582,4adb62c9e6b43534b929eb4b085b6bd216a6b42db7f8c4d47c9448fc4925b546,19
583,583,4adb62d9e7343524bb2deb4b485b6bd216a6b42d93f8c4947c944af44925b546,19.1
584,584,4adb4ad9e6b43525b329ab5b485b4bd236a6b42d97f8c494fc944af44925a546,19.1
585,585,4ad94ad977b43525b729ab5b485bdbd234b6b42d97e8c594c8944af44825a51e,19.1
586,586,d8cb4ad956b43524b5296b5b485bc7d634a6b02d97f98dd4c894caf45825351e,19.2
587,587,d8ca4ed957a4b524b5294b59685be6d634a6b0adb6f98c54c894cae4f825351e,19.2
588,588,d8da4ed916a4b524b1294b59695b46d675b6b0adb6999c54ca94cae4f825351e,19.2
589,589,c8da4ed936a4b564b5295959e95b4ed6f536b0a9b6991c544a844ee4f265311e,19.3
590,590,c8da4ed936a4a564b129d959ea5b0ed6f536b1a9b6b95c544a844ee4e065b11e,19.3
591,591,48ca5ed976a4a5243529f95b6b5a0e56f536b5a9b6b9d8544a844ee4e265b11c,19.3
592,592,48da5cd97624a564b129b9594b5b6e969536b5a9b6b9d8545ac44ee46265b15c,19.4
593,593,4ada4cda76a4b5242129b9594b5b6e96b536b5a9b6b9d8545ac44ee46265b15c,19.4
594,594,48da4cde76a4a52421293959695b4ed6f536b5afb6b9d8545a844ee46265b15c,19.4
595,595,c8da4cce76a4b52435295959e95b0e56f536b5afb6b9d8544a844ee46265b11c,19.5
596,596,c8da4cce76a4b52435295959695b0ed6f536b5afb6b9d8544a844ee46265b11c,19.5
597,597,c8da4cde76a4b52435297959695b4ed6b526b5a9b6b9d8544ac44ee46265b11c,19.5
598,598,c8da4ed976a4a5243129f9596b5b4ed6f526b5a9b6b9d8544ac44ee46065b11c,19.5
599,599,48da5ed976a4a524b529f95b685a4ed6b536b5a9b6b9d8544ac44ee46065b11c,19.6
600,600,48da5ed977e4a520b529f95b6a5a4ed6b536a5a9b6b998544ac44ee46065b11c,19.6
601,601,48da5ed97764b524b529e95b4a5a4ed6f526b5a9b6b998544ac44ee46065b11c,19.6
602,602,48da5ed97764a520b529f95b6a5a4ed6f536b0a9b7b998544a844ee4e065b11c,19.7
603,603,48da5ed97764a5219529f95b6a5a4ed6f526b0a9b7b998544a844ee46065f11e,19.7
604,604,48da5ed97764a521b529f95b6a5a4ed6f526b0a9b79998544a844ee46065f11e,19.7
605,605,48da5edd7764a5219529f95b6a5a4ed6f526b0a9b79998544a844ee46065f11e,19.8
606,606,48da5ed97764a5219529f95b4a5a4ed6f526b0a9b7b998544ac44ee46065f11e,19.8
607,607,48da5ed97764a525b529e95b4a5a4ed6f526b0a9b7b998544ac44ee46065b11e,19.8
608,608,48da5ed97764a525bd29e97b4a524fd6f526b0a9b6b998544a844ee46065b11e,19.9
609,609,48da56d97764a5259d29697b4a524fd6f526b0a9b7b998544ac44ee46065f11e,19.9
610,610,48da56d97764b5219529795b4a5a4fd6f526b0a9b7b998544ac44ee46065f11e,19.9
611,611,48da56dd7764a521b529795b4a5b4fd6b526b0a9b7b998544ac446e46065f11e,20
612,612,c8da5acd77642525b52979596a5b4fd6b536b0a9b7b998544a8446e46065f11e,20
613,613,c8da46cd77e43524b52979596a5b4fd69526b0abb7b9d8544a8446e46065f11e,20
614,614,c8da46cf77a43524b5297959685b4fd69566b0afb7b9d8544a8446e46065f11c,20.1
615,615,c8da4cce77a43524a5297959685b4fd69536b0afb7b9dc544a8446e46265f11c,20.1
616,616,4ada48cf56a4b524a129f959685b6fd69566b0afb7b9dc54489446e46265f11c,20.1
617,617,cada48cf56a4b526a121eb59685b6ed69566b02fb7f9dcd4489446e46261f11c,20.2
618,618,4ad84acf56a43526a123eb59685b6ed69776b02fb4f9dcd4c89446e46261f11c,20.2
619,619,4ad84acf56a43526a123eb59685966d69776b12fb4f9dcd4c89646e46261f11c,20.2
620,620,4ad84ace56a43726a123eb59685966d29776b52eb5f9dcd4c89646e46261f11c,20.3
621,621,4ad84ace56a43726a5236b5968596ed29776b52eb5f9dcd4c89646e46261b11c,20.3
622,622,4ad84ace56a43726a5236b596a596ed29776b12eb5f9dcd4c89646e46261b11c,20.3
623,623,4ad84acf56a47526a5236b596a592ed69776b12eb5b9dcd448964ee46261b11c,20.4
624,624,cad84ece56a4b526ad236b596a592ed69776b12ea5b9dc5458964ee46061b11c,20.4
625,625,cad84ace76a4f526ad2169596a5b6ed69576a12fa7b9d85448944ee464e1b158,20.4
626,626,cada5c8e7624e5a62d21eb596a5b4e96b556a1af86b9d4544ad44ee444e9b158,20.5
627,627,4ada5cce7424b5a42d29a9596a5b6e96b65683afd7b9d454cad44ee444c9a158,20.5
628,628,4ada5c4ef52495a4b921ab5b4adb7ad6b25617af95b9b4544a944ee45549a158,20.5
629,629,4ada6c4ec5e495a5a9312b5b4adb7ad632d697ab95f9a2544a845ce4d549a158,20.6
630,630,4ada6c4ec5e495a5a9316b5b4a5b7ad622d697a995f9e2544a845de4d549a158,20.6
631,631,4a5a5ecec7e495a5a9396b5b4a5b7ad622d697a995f8a2544a845ce4d549a158,20.6
632,632,5a5a5e5ac5e495a5a9396a5b4a5b3ad622d697a9b5f8a2544a945ce4d549a15c,20.7
633,633,5a5a5edac5e495a5a9396a5b4a5b3a56a25697a9b5f8a2544a945ce4d549a15c,20.7
634,634,5adb5ecac5e4b525a9396b5b4a5b3a56a21697a9b5d8a2544a945ce4d549a15c,20.7
635,635,48df4eca45a4b525a9796b5b4b5bba56a21695a9b5d8b2544a945ce4d549b15c,20.8
636,636,58df4eda54e4b525b979295b4b5baa56a016b5a9b5d8ba544a944ee45549b11c,20.8
637,637,4acf4edb70a5b525b979295b4b5baa56b016b5a9b5d8b8544a944ee45549b11c,20.8
638,638,4acb5eda74a5b525b939295b4b5b2e56b016b5a995d898564ad44ee45449b51e,20.9
639,639,4acb46db74a5b525b139295b6bdb4e56b016b5a915d89456cad44ee45449b51e,20.9
640,640,4acb42db74a5b525b139ab5b4bdb0c56b416b5a915d89c56cad44ee45449b51e,20.9
641,641,4ecf4adb76a52525b129eb5b4bdb0c56b516b5a915d89c46cad44ae45449951e,21
642,642,cadb5adb76a525249929ab4b4bdb4d56b516b4ad95d8dc42cad442e47405951e,21
643,643,cadb4adb76a525249929ab4b4bdb4456b506b4ad94d8df40cad442f47f05a51e,21
644,644,cadb4adb76a425249929bb4b6bdb44563506b4ad945cdfc04adc42b47f05a51e,21.1
645,645,4acb5adf3624a5248929bb4b6adb64563506b4ad945cdfc048dc42b4ff25a55e,21.1
646,646,4ace4acf1624b524a9295b4b6adb64563506b4adb45cdfc048dc42bcff25e556,21.1
647,647,4aca4acf1e24b724a9294b4b6adb62563566b4afb45ccfc048dcc8bcff21a546,21.2
648,648,4aca4ace5e26b724a1294b496adb62d63746b4afb45c4fd04cdcd83cffa02546,21.2
649,649,48ca4ace5e26b724a1294b496adb62d63566b4afb45c4fd04cdcc83cffe03546,21.2
650,650,48da48ce5e26b724a1294b496bdb62d63546b4afb45c4fd04cdcc83cffe03546,21.2
651,651,48da4ace5e26b724a1294b4b6adb62d63746b4afb45c4fc04cd4c83cffe0a546,21.3
652,652,4ac848ce5e26b724a9294b4b6adb62d63566b4afb45cdfc04cdc40bcff21a546,21.3
653,653,4ac848ce1e26b724a9295b496bdb62d63506b4afb45cdfc04cdc42bcff21e546,21.3
654,654,4ac848ce1626a7a4a9295b596adb62d61546b4afb4dcdfc048dc42bcff21e556,21.4
655,655,4ac848ce1626a7a4a9295b596adb62d61546b4afb4dcdfc048dc42bcff21e556,21.4
656,656,4ac848ce1626a7a4a9295b596adb62d61546b4af94dcdfc048dc42bcff21e55e,21.4
657,657,4ac848ce1626a7a5a9295b596adb62d61506b4afb4dcdfc048dc42bcff21e556,21.5
658,658,4ac848ce1626a7a5a9295b4b6adb62d61506b4afb4dcdfc048dc42bcff21e556,21.5
659,659,4ac848ce162627a5a929fb4b6adb62d61506b4afb4dcdfc04cd442b47f21e55e,21.5
660,660,4ac848ce562627a5a929fb4b6adb42d63506b4af94dcddc04ad442b47f21f55e,21.6
661,661,4ac84ace542625a5a929fb4b6adb42d63506b4af94dcddc24ad442b47f21f55e,21.6
662,662,4ac84ace742625a52929fb4b6adb42d63506b4af94fcddc24ad442b47f21b55e,21.6
663,663,4ac84ace542625a5a129b95b6bdb42d6b506b4af84fcddc2cad442f47721b55e,21.7
664,664,4ac84ace742625a5a929b95b6adb42d6b506b5af84dcddc2cad442f47721b51e,21.7
665,665,4ac84ace742625a52929b95b6adb42d6b506b5af94dcddc6cad442f47541b51e,21.7
666,666,4ac84ace742625a52929b95b6adb42d6b516b4af14fcdd46cad44af47541b51e,21.8
667,667,4ac84ace742625a52929b95b6bdb42d6b516b4af14fc9d46cad44af47541b51e,21.8
668,668,4ac84ace742625a52929b95b6bdb42d6b516b4af14fc9c46cad44af47549b51e,21.8
669,669,4ac84ace742625a42929b95b6bdb42d6b516b5af14fc9c46cad44af47549b51e,21.9
670,670,4ad84ace742625a42929b95b6bdb42d6b516b5af14f89c46cad44af47549b51e,21.9
671,671,4ad84ace342625a42929b95b6bdb42d6b516b5af15f89c46cad44af47549b51e,21.9
672,672,4ad84ace342665a42929b9596adb42f6b516b5af15fc9c54ca944af47549b51e,22
