0,100,34ad66b96f18d2491a79f80f07f2c9836fe6083dfb6983d8a4a36db40034df54,0.000
1,100,a52d66b96f58d2491a79f80f07f2c9836fe6083dfb4983d8a4a36db40034df54,0.033
2,100,a52d26b96d38d3491a79f80f0ff2c1936fe6083dfb4983d8a4a36db40034df54,0.067
3,100,a52d26b96d38d3491a79f80f0ff2c1936fe6083dfb4983d8a4b36db40034de54,0.100
4,100,a52d26b96d38d3491a79f80f0ff2c1936fe6083dfb4987d8a4336db40034de54,0.133
5,100,a52d26b96f38d3491a79f80f0ff2c1936fe6083dfb4987d8a4336da40034de54,0.167
6,100,a56d26b94f18d3491a79f80f0ff2c1936fe6083dfb4987d8a4b36da40034de54,0.200
7,100,a52d26b96f38d3491a79f80f0ff2c1936fe6083dfb4987d8a4336da40034de54,0.233
8,100,a56da6b96d38d3491a79f80f0ff2c1936fe6083dfb4983d8a4336da40034de54,0.267
9,100,a56da6b96d38d3491a79f80f0ff2c1936fe6083dfb4983d8a4336da40034de54,0.300
10,100,a56da6b96d38d3491a79f80f0ff2c1936fe6083dfb4983d8a4336da40034de54,0.333
11,100,a56da6b96d38d3491a79f80f0ff2c1936fe6083dfb4983d8a4336da40034de54,0.367
12,100,a56da6b96d38d3491a79f80f0ef2c1936fe6083dfb4983d8a4336db40034de54,0.400
13,100,a56da4bd6d38d3491a79f80f0ef2c4d36fe6083dfb4983d8a4336da40034de54,0.433
14,100,a56da4bd6d78d3491a79f80f0ef2c4936fe6083dfb4983d8a4336da40034de54,0.467
15,100,a56da4bd6f78d3491a79f80f06f2c4936fc6083dfb4987d8a4336da40034de54,0.500
16,100,a56da4bd6f58d3491a79f80f0ff2c4936fc6083dfb4987d8a4336da40034dc54,0.533
17,100,a5eda4b94f58d3491a79f80f0ff2c4937fc6083dfb4987d8a4336da40034dc54,0.567
18,100,a5ede4b94f58d3491af9f80f1fd2c4936fc6083dfb4987d8a4236da40034dc54,0.600
19,100,e5ed64b94f18d2499af9f80f1fd2c096ffc6083dfb4987d8a4236da40034dc54,0.633
20,100,e5ed64b94f18d2499af9e80f1ff2c196ffc6083dfb4987d824236da40034dc54,0.667
21,100,e5ed64b94f18d2491af9e80f1ff2c197ffc6083dfb4987d824236da40034dc54,0.700
22,100,e5e966b94f58d2491ae9e80f1ff2c1977fe6083dfb4987d824236da40034dc54,0.733
23,100,e5a966b94f58d2491ae9f80f1ff2c1877fe6083dfb4987d824a36da40034dc54,0.767
24,100,e5a966b94f58d2491ae9f80f1ff2c1977fe6083dfb4987d824236da40034dc54,0.800
25,100,e5a966b94f58d2491ae9f80f1ff2c1977fe6083dfb4987d824236da40034dc54,0.833
26,100,e4a966b9cf58d2491af9f80f1ff2c1077fe6083dfb4987d824a36da40034dc54,0.867
27,100,e4a966b9cf58d3491afb780f0ff2c1076fe6083dfb4987d824a36da48034dc54,0.900
28,100,e4a966b9cf58d3491afbf80f07f2c1076fe6083dfb4987d8a4a36da40034dc54,0.933
29,100,a4a966b9cf58d3491afbf80f07f2e1076fe6082dfb4987d8a4a36da40034de54,0.967
30,100,a4a966b9cf58d3491afbfc0f07f2e9036be6082dfb4983d8a4a36da40034df54,1.000
31,100,a4a966b9cf58d3491a7bfc8f07f2e9036be6082dfb4983d8a4a36da40034df54,1.033
32,100,a42966b9cf58d3491a7bfc8f07f2e9036be6082dfb4983d8a4a36db40034df54,1.067
33,100,a42966b9cf58d3491a7bfc8f07f2e9036be6082dfb4983d8a4a36db40034df54,1.100
34,100,a42926b9cf58d3691a7bfc8f07f2e9036be6082dfb4983d8a4a36db40034df54,1.133
35,100,a42966b9cf58d3491a7bfc8f07f2e9076be6082dfb4983d8a4a36da40034df54,1.167
36,100,a42d66b9cf58d3691afb788f07f2e1076be6082dfb4987d8a4a36da40034de54,1.200
37,100,e4a966b9cf58d3491afb780f07f2e1076be6083dfb4987d8a4a36da40034de54,1.233
38,100,e4a966b9cf58d3491afb780f07f2c1076fe6083dfb4987d8a4a36da40034de54,1.267
39,100,e4a964b9cf58d3493afb780f0ff2c1076fe6083dfb4987d8a4a36da40034dc54,1.300
40,100,e4a964b9cf58d24938fb780f0ff2c1076fe6183dfb4987d82c236da48034fc54,1.333
41,100,e42964b9cf58d25938fb780f1ff2c106efe6183dfb4987d02c236da48034fc54,1.367
42,100,e42964b9cf58d25938fb780f1ff2c106efe6183dfb4987d02c236da48034fc54,1.400
43,100,e46964b9cf58d25938fb609f1ff2c106efe6183dfb4987d02c236da48034f454,1.433
44,100,e46964b9cf58d27938fb609f1ff2c106efe6183dfb4987d02c2369a48034f454,1.467
45,100,e46964b9cf58d27938fb609f1ff2c106efe6183dfb4987d02c2369a48034f454,1.500
46,100,e46964b9cf58d27938fb609f1ff2c106efe6183dfb4987d02c2369a48434b454,1.533
47,100,e46964b9cf58d27938fb609f1ff2c106efe6183dfb4987d02c2369a48434b454,1.567
48,100,e46964b9cf58d27938fb609f1ff2c106efe6183dfb4987d02c2369a48434b454,1.600
49,100,e46964b9cb58d27938fbe09f1ff2c106efe6183dfb4987d02c2369a48434b454,1.633
50,100,e46964b9cb58d27938fbe09f1ff2c106efe6183dfb4987d02c2369a48434b454,1.667
51,100,e46964b9cf58d27938fb609f1ff2c106efe6183dfb4987d02c2369a48434b454,1.700
52,100,e46964b9cf58d27938fb609f1ff2c106efe6183dfb4987d02c2369a48034f454,1.733
53,100,e46964b9cb58d27938fb689f1ff2c106efe6183dfb4987d02c2369a48034f454,1.767
54,100,e46964b9cb58d27938fb689e1ff2c106efe6183dfb4987d02c2369a48034fc54,1.800
55,100,e46964b9cb58d27938fb689e1ff2c106efe6183dfb4987d02c2369a48034fc54,1.833
56,100,e46924b9cb58d27938fb699e1ff2c106efe6183dfb4987d02c2369a48034fc54,1.867
57,100,e46924b9cb58d271b8fb699e1ff2c106efe6183dfb4987d02c2369a48034fc54,1.900
58,100,e46926b9cb58d26138bb699e1ff2d1076fe6183dfb4987d02c236da48034fc54,1.933
59,100,e46926b9cb58d261383b699e0ff2f1076fe6183dff4986d02ca36da48034fc54,1.967
60,100,e46926b9cb58d271383b699e0ff2e1076fe6183dfb4986d82ca36da48034fc54,2.000
61,100,e42926b9cb58d271383b799e0ff2f1076fe6183dfb4986d8aca36da40034dc54,2.033
62,100,e42926b9cb58d279383b789e07f2f1076fe6183dfb4986d8a4a36db40034de54,2.067
63,100,e42926b9cb58d271383b799e07f2f1076fe6183dfb4986d8a4a36db40034de54,2.100
64,100,e62926b9cb589263383b799e07f2f1076fec183dff4886d8a4a36db40034de54,2.133
65,100,e62926b9cb589263382b799e07f2f1076fec183dff4886d8a4a36db40034df54,2.167
66,100,e62926b9cb589263383b799607f2f1076fec183dff4886d8a4a36db40034df54,2.200
67,100,e62926b9cb589263383b799607f2f1076fec183dff4886d8a4a36db40034df54,2.233
68,100,e62926b9cb589271383b799607f2f1076fec183dff4886d8a4a36db40034df54,2.267
69,100,e62926b9cb58d271383b799e07f2f1076fe4183dfb4886d8a4a36db40034df54,2.300
70,100,e62d26b9cb58d279383b798e07f2f1076fe6082dff4882d8a4a36db40034df54,2.333
71,100,e62d26b9cb58d271383b798e07f2f1076fe6082dff4886d8a4a36db40034df54,2.367
72,100,e62926b9cb58d273383b798607f2f1076fe4183dff4886d8a4a36db40034df54,2.400
73,100,e62926b9db58d273382b798607f2f1076fe4183dff4886d8a4a36db40034df54,2.433
74,100,e62d26b9d958d271383bf98e07f2f1076fe4083dff4886d8a4a36db40034de54,2.467
75,100,e62926b9db58d271383b798e0ff2e1077fe4183dff4886d8a4a36db40034dc54,2.500
76,100,e62926b9db589271383bf98e0ff2e1077fe4183dff4987d024a36db404349c54,2.533
77,100,e42926b9cb5892f1383fe90e1ff2e1077fec183dff4987d02ca36da404349c54,2.567
78,100,e46926b9cb58d261387be18e1ff2c107ffe4183dffc987d02ca369a41434b454,2.600
79,100,e42964f9c15892633a6fe11e1ff2c106ffac183dffc987d06ca369e41434b454,2.633
80,100,64a96cb99158b6e27a6f601e1ff2c106ffac383dfbc987d06ca349e41434b454,2.667
81,100,4ca96cb98359b6e37a6b601e3ff6c106df2c38797ac987906ca349e4f034b454,2.700
82,100,4ce96cb98358b6e3fa6b421e3ff6c306df0c38797bc90f9048234be4f034b454,2.733
83,100,4cb96cb19358b6e372ef431e3ff6c306d70c70797bc90f904823cbe4f024b454,2.767
84,100,4cb96cb19358b6e372ef431e3ff6c306d70c70797bd90f904823cbe0f024b454,2.800
85,100,4cb96cb19358b6e3f2ef421e3ff6c306d70c70797bd90f904823cbe0f024b454,2.833
86,100,4cb96cb19358b6e2f2ef421e3ff6c306c70c70797bd90f9048a3cbe1f024b454,2.867
87,100,4cb96cb19358b6e2f2ef821e3ff6c306c70c70797bd90f9048a3cbe1f024b454,2.900
88,100,4cb96cb19758b5e2f2ef061e3df6c306c72c70797bd90d1049a3cbe1f024b454,2.933
89,100,4cb969b1971035e2f2ef0e5e76f68706870c70f97bd91d1049a3dbe1f024b454,2.967
90,100,4ce949b11f3035e2f2ef0a5e76f68706870ef0f97bd91d1049a3dbe1d024b454,3.000
91,100,4da949b12f3025e2e2ef0e5e75f68706970ef0e97ad93d104923dbe1d0657454,3.033
92,100,cda949b13f303562c2ef1a5e75f687069f0cf0e97ad93d104923dbe1d0656454,3.067
93,100,e9a949b12f30356282ef3e9ee5f68606bf0ce0e97ad93d1249239be9d0656454,3.100
94,100,c9e949b13e30656286ef3e9ce5d68646be0e61e97ad93d1249239be9d0656454,3.133
95,100,f9e949b13e31716284ef3e9cc5d68646b60ec1e93e997d1249239be9d0656454,3.167
96,100,e1e9c9b13e3161c684ef7a9cc3d69746b00ec1e93e997d12d9239be990656454,3.200
97,100,e1e1c9b17eb1634485ee729ccbd69646300e43e97e997d12d9239fe990656454,3.233
98,100,c1e199b17cb1034605ee709ccbd6b646701e03e97e997d12db239fe99265645c,3.267
99,100,c1e19d3178b10744254ee0bddbd6b646607e03e97e997912db239fa19265745c,3.300
100,100,81e19d3178b107e4256ee0bddbdeb446e0be03c97e8979129b239fa19245755c,3.333
101,100,83c19f31f9b107a4254ee0bdda9eb45660be1fc96c8979369b239fa11245355c,3.367
102,100,07c1bf21f9b10fa4254ec0fcfa9eb45640be17c96c89d934db229fa1164d655c,3.400
103,100,07c1f961d9310f24255ec0f8f69ea45601fe3fc96ca9d934db269fa1260d655c,3.433
104,100,1fc1f071d1311f246d5ec1f8f69ea45601f67ec948a9d934bb663ea1260d455c,3.467
105,100,3fc1f07993313f244d5ec1f8b69e60d60fe27ec958a99134b3663ea1260d455c,3.500
106,100,bec1f07913312fa44ddec1b8e49e04d60fe27e89d8a99134b3663fa16e0d455c,3.533
107,100,fad1c079172168a44dde81f8a49e44d63f437c89f9a9b37497663ea16c0d455c,3.567
108,100,eaf10179172168accdde81d8a49f47d63f435c89f9a9ba2495663e216c8d555c,3.600
109,100,ea71017937246aaccdde81d8249f7fd62f435c89f9a99a2497663e216c8d055c,3.633
110,100,e871017837246eaccddea159249fbfd62f435c89d9e98b2497663e216c8d055c,3.667
111,100,e2f1017837246aaccddea259648fb7d62f435c89d9e99a2497763e216c8d055c,3.700
112,100,c0f11178372c6aacc5dea359648fb7d62f434c89c9e99b249776be216c8d055c,3.733
113,100,c0f10b78372c6aacc1dea25b708fb7d22f434c89c9e1db249776be216c8d855c,3.767
114,100,c0f00b7837267aacc1dea25b508fb7d22f434c894de1cb349776f621668dc55c,3.800
115,100,c0700b78372e7aace9dea05b1a8f97c22f4344896da9cb349776f621668dc55c,3.833
116,100,e03e0b1c372e7ea4c8dea15b1a8f97c2274344896da9cb34df727621668dc55c,3.867
117,100,e03e0b1c1f2efea4c8dea15b1acf97c22743248965b94b34df327a23628dc55c,3.900
118,100,e43e0b9c1f0ebe86488ea55b5acf97c2a74324a965b949b45d323b23728dc55c,3.933
119,100,653e0b9c1f0ebe864886b55a4acb93c38743a4a964b969b41d323ba3728df55e,3.967
120,100,643c8f9e5f0eb6866886355a4a4bdbe38343b4e924b969b41d321ba33a85d55e,4.000
121,100,7438a59e5f0eb626ea9635426a495be3c343b2e9b4b928b40db21ba33a85d55e,4.033
122,100,70bda59e4b8ff726ea963446286b4be3c363d269b4b924b40db20f830aa5d556,4.067
123,100,3239859e0b8f5726fe96b406a46a4beb4963d269f4b9a4b48db20f930aa5d556,4.100
124,100,b03906bc8b9f572ebe969296a44a69e96963da69f039e4b48d928f930aa55556,4.133
125,100,a93956b9899e538ffec6d296a44220ed6d637a697239e6dc859285930aa53556,4.167
126,100,a93dd6a98b9e538f5d46da96944224e96da379617239e2dcc59285930aa57556,4.200
127,100,a93cd7a98d9e6b8f5d46da96945224e86da339617239e2dcc792859302a57556,4.233
128,100,a93ac3b9958e2b8f7dee5a96945226e83da33963723962dcc792879202a17556,4.267
129,100,e17ac339958c2b9f6dee4a969256b6d09da33963703972dcc79a87520281b556,4.300
130,100,e07acb7995882b9d6dcbca1692d6a6d29da33963f07952f9c39887520a81b556,4.333
131,100,d432ca789588a79c6dcfc91e12b6aed69da3b923f079d2f98b900f528a81b554,4.367
132,100,44b3ca789708b59c6d8f490f52b6aed69ce3f923e079d1e98ab91f520a81b554,4.400
133,100,64a74a70db49b51c658f490f52b7ded6bce2f123e879d1e90ab91d520a81f154,4.433
134,100,64a74e70da59371c658f490f5bb5ded6fcc2f1236271d1e91ab91d520a83c154,4.467
135,100,64a74670da58371c65af490f5ba5ded6fcd6f1276271c1e91ab99d5238038154,4.500
136,100,2ccf46f1da70b71c24bc490f5b25ded6f8d6f127627101e99eb9dd52180b8154,4.533
137,100,2ccb66b3da70971c34bc4d0f6b2dd6d6f8d6d1a3207101e99eb9fd52380b8154,4.567
138,100,accb66834a709b5834bc4d8f6929c6d6f8ded1a7216103e99eb9fd52f80b8154,4.600
139,100,bdcb24874a709a4836bc248f69296af6dcded1a7216301e99fb9fd52f80b8154,4.633
140,100,ddabb4876a71c968169c36ad6d2d6a36ce5ed0a701e301e9cbb9fd12d80b8154,4.667
141,100,df87b48f2ad34d68169c363c6d2f6b36ce5ed08701a301e9cbb9fd12f8038154,4.700
142,100,d987b4cf22d34d681e9d363c6d2de9b6ee5ed88701a301e9cba9fd12f8030154,4.733
143,100,5d86d6dfb2532d685e1d32bc24ade996ee5edcc701a301e94ba9fd12f8030154,4.767
144,100,6d9752db924b25684e4d1ab474aded92e75eccc741b301e14be9ff1af8030154,4.800
145,100,2d965ad3da4bb5602e7c1b5076ade492e54eeec748b301e12be9ff1a780b0154,4.833
146,100,ac963ad3da4b95e1267c0b5012bde49ff54ee64748d381a12de17f1a7a0b8554,4.867
147,100,849e2ec36b4bd5a116748f521bbd769fb54ae64628d381a125e17f1a7e0b8554,4.900
148,100,40fe9ed2a94bd80912e4ad7a8bbd729ff5caf36ea0c3c0a104e57f1a3e0b8454,4.933
149,100,42fed6d6ad4b680952e507728db8fa9df4cef32ea6c380b104e57d1a3e0b8454,4.967
150,100,02b456d6bd4b6d695aa51772cdb8fa1df0ced12ea64b82f106e53d1b7e0b8050,5.000
151,100,a8b452d6ff4aa5490ae517645d38ea1df0ded126a64b83e106e57d1bfc0b9451,5.033
152,100,a1bd62f65ad2b50b08ed1a645d30eb1df05fd12ea74e83e102e57c9bf80b9451,5.067
153,100,a52da1f45ad6f51a24c91ae57f326938e05bd1bed74e87c102e5f49bf80b8051,5.100
154,100,4409a5ad4af47f12a58b2ae57e667d306859d8bed34e07cb0be5749bf80bd041,5.133
155,100,4a4b952dabe46b56159ba9cd7e667db0285940bedb2e174b1be56499f01bc041,5.167
156,100,6ac7942983e46b56541ba9cdfa667cb0a95948fedb3e3f4b1ba14499e01bd041,5.200
157,100,6b97342997246b56549bb9cdea667cb3215848fe4b3efe4bdfa14491801bd041,5.233
158,100,6b9330cd9724ab56761b918da96660b32d794bfe5b36f64bffa106f1001bc041,5.267
159,100,6b1f22cd162dab5674db9589216462b3e9794fc85b36f64ffa8516b1003bc151,5.300
160,100,e91bea9d1669a92660da1499236c6ab2c979df48dab6b04ffa87deb100bb8151,5.333
161,100,4c33e89f76ed89666ed214993f0c6ef69971d949dab6004d8087dea525bb8151,5.367
162,100,543f8a9d76cd9f6629d256b9fd0c4e969971934992b60459a0879ca52dbb9151,5.400
163,100,55a1291d46cdfd662b5656f9b92c4e8693f1b549b2b62458208f3ca56dbb9151,5.433
164,100,95e469b0969cc166b93642d1992dce869af331493eb664d82c8f79a76dbb8151,5.467
165,100,d1e56db0ba9c06ceb96e66d19129cc0e9ad3354922b666f82c8f49a76dbb8151,5.500
166,100,d3676da1aa989aced56e6ed113a99c0c8ad2354926b666f8258949a76fbb8151,5.533
167,100,164fc5e52c3032cc8d6ee2931fe1b13c0e9635496e875cf86d89d9274fbb8151,5.567
168,100,704b87e56930729ca94ec6937ee3217c6896454be887ddf0c9199327defb8150,5.600
169,100,405abe4fc9f0769cab4e1c3add83eb6c40b6b54b088f9db0cb5932271efb2054,5.633
170,100,45da304f5b61c6b0ab5e50fabd83eb6c4fb6b44b1a9f95e00359226774eb2054,5.667
171,100,b41a224f5b25a4b02a5e55f8ab075a6d1db6a04b5abf35602e596667e5fbc054,5.700
172,100,a4da524fbd276cb0525a85e92a0754e8a9362a5b56afe561ea91ccee9dfb8014,5.733
173,100,6c9fb20d25675fb0a45a7ba9540f95e02bb6549bb52e0b411ab51dce3b7aa114,5.767
174,100,0dbb768da965bfb24cda5329ac0d2d4452b4951ba97a5ac174a9b15ee3f3c014,5.800
175,100,bda8c4bd0b4776a79d72b569689d5a4cb6a4295b5ad2b685e529635e4eb30404,5.833
176,100,696a94bc5a45c4a72b526d1bd29da64c6da4db52b6d66dad4b69c6569ca33044,5.867
177,100,eb4a35bca2450d27da529d3b24bd4c4cdba4b4526da6db2992498cf679abe144,5.900
178,100,0a4ecda862cdb1aeb6d26d634bb9badd36ac4d52db2d364964991976c36b0150,5.933
179,100,324e9d2846cd69266ed6934b973968996cac9956366d6cd9c993b364b64b4d11,5.967
180,100,c24c3569ce8d8b26cc96334b6639c999d92c33566669999b9bb166e464cbdd11,6.000
181,100,86cc2d699e9db366cc96664b4cb99bb9916c66d6cc6919933321cec4cd8b9c11,6.033
182,100,1ecce96916adb3660d96ec5bdcb933b9226cec969ce9333366250dc4c19b3811,6.067
183,100,1ed8eb6956ada3665d96c85b9da93339666ccc9699e96333c62d19cc911b3011,6.100
184,100,1ed8ab695cad63667d96885b1ce963b9446c999619e96733ce2d19cc911b7051,6.133
185,100,16d88b694cad63667996985b3ce967b9c46c999639e9e623ce2d39cc111b7051,6.167
186,100,16d88b694cad63667996985b346966b9cc6c9996396be6638e6d31cc131bf051,6.200
187,100,96d92b6944ade3667d96985b746946b9cc6c3196316bc6638c6d31cc2713f851,6.233
188,100,96cb296944cde3661996185b64e946bcd8ec31967b6bc6638ced31c42713fc51,6.267
189,100,1e43ed68c4cff3261893184be6a9ce1c99cc3116736bce631cad31d4e713fc41,6.300
190,100,1a68c5acf28ff7321893506bc6adcb1c318c3312e6eb8e6318ad71d4e713fc45,6.333
191,100,e378c5ac3a07353218d3c46bc6ad995c31863712e6eb8e6338ad73d4e713bc44,6.367
192,100,7378c48d3b4715b218d3c569c6bd995c31863712e6eb8e7b38ac31d4e7131c54,6.400
193,100,393cc6871b43f5b038dbe729c29cb95c11c63713e6eb8e1b38ac31d4e71b0c54,6.433
194,100,198cc6c7b972f4b07c5b672d8a9c9d4c11c67713e6e9ce1b38bc31d4631b0c54,6.467
195,100,8d87c643b93236f86e4963ad9a9c9d6601c37753e6e9ce1b18fc11d6638b8454,6.500
196,100,c4e362633538025b6709e1a59edc9d6601d3337be6edcf1d98f411d6738b8454,6.533
197,100,16f33b721598024f65a9c0a58e5c95661153337be6adcf1d98f431d673abc454,6.567
198,100,12733b1a049d6a4965adc8b48e5e916333533379e6ad8f1d98f439d639abc454,6.600
199,100,331a858ed48d6b6175a5ce568f5ab0233b5b32b9e7ad8c0d987419d63bab4454,6.633
200,100,290ff48d7ee1236444b5ce56957298b31bda32ade38dcc0dcc7499c21fb96514,6.667
201,100,694b76c9236071244697e75e9d33d8b39dc83aad638dc44dcc749cc3cbb96114,6.700
202,100,a5a146f8a17619b46296655edcb3dbf189cc3aad7385660d6670ccc3e3b93114,6.733
203,100,47b9fa7c29365c9562d2456eceb368f9cc4f1aa531c567056650ccc379b99114,6.767
204,100,523d391685877ed3215a77284eb178ecc60f9ab531c52714f75266e378b99914,6.800
205,100,0b46ed0724c3fa52b16e7fa902f15e6dc32789b499c13314b55226eafc99cd16,6.833
206,100,cf46f48312e0fb4a912f3fa9c0732f656127ccf499c1931cb552366acc89c5d6,6.867
207,100,2562dcb18b78fd2ac1ad3ea9e2373fa570874cd0ccc1999cd552937a268d6456,6.900
208,100,05f2deb8017c6d0ee4a53e99f3379da5309766f04c41c99c5d52d33b664d3056,6.933
209,100,97d87edc817c3f8f00b59f991137cca59c173678244560cc7f5b592f324d9052,6.967
210,100,46d86a5cc1ac1787f2b5cb895833c6a59e07b37ca60524ccaf1b69af9b2d9053,7.000
211,100,02dcfe4cd1a7fe876a35c9c9681366a5ca46937c9605b4c4a71b2daf892f8453,7.033
212,100,e24c3c0ef0e73e870835e9c9bc1363e5490ed93cd7079644f79b84afc127c513,7.067
213,100,2b4c7c2750f30207a875fdc99e1133e54c0f493cd307de64f79b84af4127d513,7.100
214,100,836e7c2700b39b07e8fd7fc99a1133e5641f49b453835e64739bc4af61a55111,7.133
215,100,e7471e33c093df01ac7d37c9ca15b1e5640f6db47b814b7450dbc6a768a15911,7.167
216,100,c7c39e9378db4f55a47d17c9c81598e7b40facf03bc14b7c18cbd22728a15911,7.200
217,100,c7c37e1349c94e5e946d13c9ec1498e2b70eacf02bf3487cd8cbd227ac81ed11,7.233
218,100,c3c31e5969c1661ed4e8ddc96f10dce3b78e84f0a1f3e07cc84bda07a481ed51,7.267
219,100,e3c10e49e1e1371cd4e8ffc86f30dce3178e84f1a1f3e47cea4b5a03b481a5d0,7.300
220,100,e3a1ae4d31e0171cfae01fc82fb048e3138ee079b1d3f42c6e4b7b03f681b5f0,7.333
221,100,e331ae4d31f4671e7af083cc2f324847510ff039f89ab62c2f4b7b039681b5f0,7.367
222,100,730c8e6cb19e075e0a7c83dca7126847d80f72395c8f172c2feb2bc312c1d7f8,7.400
223,100,b384c26c9c9ea35e683c51cc97923467fd073a194ec6d3ac81eba1e34a7152fc,7.433
224,100,19c4622cdcc6f17eac3c78cc599216230d879f19ef46e9a4f0ebf0eb6871087c,7.467
225,100,99a676074fc6593e96342ee04b93932347c7c38da76668e47a21fc6ba83d885c,7.500
226,100,9da633074de6591ed6b4be686993d3a362c6518d35762cf43e315c29b51da01c,7.533
227,100,5987b0cbe43e589c5274b7786993d0e3a0cd598d17f28cfc0f394e29951ce51c,7.567
228,100,c9a7306ba6bceadd4b3497693cc35823b04feca5d332c66c87a9e7095114754c,7.600
229,100,6d0fd23ba61ca8164b305ee9acb36c27924e66f4fb12e2ade3a9f3894107154e,7.633
230,100,ad2df91e114c859aefb84a6996936d075a6632d839d672ad70b939c9a8479546,7.667
231,100,ad2d989cd06c449abfb86b63d68725a7d96694da1dd6988d98f908e5c447c466,7.700
232,100,450d08d8f2615698b528eb43d28785a6ed76ce5a8de68e09eef9c0e564477766,7.733
233,100,241ec878bb3b56b8b529ab43ca8784be6d7ec65ac4e64e096e7c606536473326,7.767
234,100,845a4938bbbb7afc1d21ad436a16969e256c7248e6a70709367cf87592439bb6,7.800
235,100,e5584db8dbdb6af415a135536806d28e256c7368f2b583a9bf34f835814389b6,7.833
236,100,a5380db048ebacb415a3b5437806d2ae952c3b697295e3a9ff34ec31c953ccb6,7.867
237,100,b5388ef34a63b6b1d5a395423b0ed3ac95ac19397291e1ad7fb46c1169536492,7.900
238,100,8472aaf39b63d391c9c31d46b92edbbcd5bc0d3930d161ac6f942613645366d2,7.933
239,100,d0f2abe35b27d99389cb1d06a92cebbcd5bc8d1938d131ec27d42613245336d2,7.967
240,100,c5f2ada74d0649858d6f1d26adace9fcd4b98d1138d131fca7529611b41332d3,8.000
241,100,c7d28da70d8ceccc8d2e1e963cbc68dcd6b985019ad1b3fca35a9311b013b25b,8.033
242,100,e7e285a78d8cf4cc952e9a9634bc7958c6b987019a5393fcb35ad31190139a5b,8.067
243,100,c7e6cda4ad0cf0dc9f3e1a1e3438e958c2a1c7439a5393fcf35a530118339a5b,8.100
244,100,e7e6ccac985cda599b3a1b1c3da9e958c2a1c743984353fcf35a43011833da6b,8.133
245,100,6fa44cac185c5a59db3b8b1c3ca9e978c3e1c943986359fef15a69011833cb6b,8.167
246,100,9fa4dc9c99585a79cb3b8b1834e9e170c3e1c943996359feb19a29011c334f6b,8.200
247,100,9e949c1999595b79c933abd034e9e550c343c943996a39feb59a28911c334f6b,8.233
248,100,9c919d59b95963b3a79322f474e1e542c3c3cd4b186e399eb59a20911c334f6b,8.267
249,100,8883c569f36363a3a7d632e475e1e542cb839d4b186e379eb59e22111c334e6e,8.300
250,100,008d716973e367a7a74632e4746ccb42ca8b9c4b38fe379eb71e22111c334e6e,8.333
251,100,30ad756a62324736ad5678eccd69cb1b5a8b185a38bcb79cb71820117c734e6e,8.367
252,100,586deb724a368d1eb85c58e98d4b8a1b18a939fe32bcb79ca710603178734e6e,8.400
253,100,cb5bcb525f97b95c30ccd1a9891b1a9b31a931f667b4a7b4a611e02178634a6e,8.433
254,100,877346123cbc295c74ad95a92e1372bb71abe3f6e6b487328e51c0e1c8635a4e,8.467
255,100,a77236b6b5ac20ccd4a927232e1776abe5b6e7f6c6b48c128c41c8e1d8435b4e,8.500
256,100,749674aca1cc46c9d7ab2f136a16d6a9e576ced48e3c8c521841d8e1d94b5b4e,8.533
257,100,7494b1adcbc946a39e236a53cab6c7e98f560ed41c3c385218c1d1c1dbca5bce,8.567
258,100,e09c2b8d1ec99c23ba734a5686be8de80fd43cd43c78785372c193c1d3cad2ce,8.600
259,100,229d3ec91cc3b823aa7352d615ac3d4c3ad470b4f17af053c3898383d3ced2de,8.633
260,100,5a897c49b4d3a86342f292962d0c7b4472d4e1bce17bc2d38789870b975e96de,8.667
261,100,54c9f04ba0d74ae356d29596eb0deb44d194c1f8835386938609be0fb65e96de,8.700
262,100,f4cba0c32af75ae397d2a71ceb0dc244c59401780b5306973e093e0fb61e36fe,8.733
263,100,a0cb22d74ae656f2b596ab1cca0d468405b40f6a1f533e153c09fc0f36de36fa,8.767
264,100,2acb4ac65e66967aad144a1c5a0d15841d243f533ed37c15f809f05fb4fe34f8,8.800
265,100,53c35e66fe66bc5a29144a1d520d15043d24fa53fe936035e03be05b64fe65f8,8.833
266,100,5342dc66bc66a95a4a1c529d950cbd04ff44fa53f093e039c07b20db24fe67f8,8.867
267,100,d546b866a87b69585a3cd689b50eed44eb40fad3e0b740a9007b00da25fe6ff8,8.900
268,100,b066a876687b4978d27cd489a54ee944ea63f2d340b541e900fb04da25fe6ff8,8.933
269,100,a864687c45385f78962cb509a9466b644af3029345bd05e905db25da6ff66ff8,8.967
270,100,093455b85518971cb48dad0b6b464a7552b3049305a905e924db2fde6ff66ff9,9.000
271,100,49bc55989718b644ac8d2b074a045ab356b364b30d282f496cda6f966fb66fb9,9.033
272,100,cb999d18aa14a2c42a854b075a8656a3749365b38d686f496cda6e966fb66eb9,9.067
273,100,8a99ad19aa0528854ba35b4252a794a3a4b36d22a9686f5b6cda6eb66fb66ea9,9.100
274,100,8499b409628548a75b23d24296a1b4a3a5bb6d682b486edb6cda6eb66fae6ea9,9.133
275,100,b4c3504740e75da3d0239452b4b3a593adbb29682a486ed26a926ab67fee6aab,9.167
276,100,654650674da79533b452a4d02db32d9b49396b586ad84e924ab44ab47fee6aab,9.200
277,100,61668aa7a933b073a4d22df869bb49194a7c5a5c52dc4c924ab459ac57ee4eab,9.233
278,100,ea64aab1a93324726cd46db949995b18d25c52dc569c54964db455ac57ee54ab,9.267
279,100,4eb86bb921326e90499c49a9db19d21c96ccb6dcb4b615b655ac956c376ea48b,9.300
280,100,56b943b844584a9cdb8cd3a9921cb69cb6cc248ca5b6adb69d2c256caf6ea58b,9.333
281,100,77b9539245d8da8cdb8c93abb69eb4ec24cc259c2da7a926192c236c2f4ba90b,9.367
282,100,33b957d295cc9a8c9349b6af36de24ec2cc46d86692759265b6c6b4c6e4b090b,9.400
283,100,17a3b5d6adccb28c354b26af64d66de44d8449274b275b665b6c4a4c4acb491b,9.433
284,100,e5432cc6298d242d654b6ca74df649cec984db27d3669366f24dcaccd4cbd013,9.467
285,100,e1434986510d6c6d4d4b48a7c9f6994e9b8493679266b646b6c99edcb5db9213,9.500
286,100,c546d194d30dcaedc84b99ae9b46b34c32253667266e66ce64c9b49c2d9b2673,9.533
287,100,b546a31c8649daedb0c6356e3354664c66a5644e6cce4cdecd9969986b936473,9.567
288,100,a546a23ca44912ed31c6356e66d4665ce4adcccacccedd9e899969b9db324863,9.600
289,100,ed5e463da4c9328d63c6654ee684cc9cccedccce998e99961919d3319332d863,9.633
290,100,ca5c4ead29c9f18fc3d6cd4ecc849c9899ad99d6399e331673190331b636b047,9.667
291,100,929c9ca969dba78e93969d4e18a539983b8d339673be6330e6336631666620c7,9.700
292,100,2698f5a9535b670e9796195c38a5313873896316e73ec670c673ce61cce664c6,9.733
293,100,6cb96569965a4d1e2cb67058722de372e689c716ce7a8c701cf39ce199e68986,9.767
294,100,d9b14d492612dd5e6926e4d8c2adc7728ebb9c361e7a1ce078f338e139c6218e,9.800
295,100,92e1dd4b6cb6b85edb6cc4d086a91e721c3b3c7638ea31c0f1e371c163ce430e,9.833
296,100,76e1995bd9b6625e166c89900ea93c72383b707670dbe1c0e3c3c389c78e571e,9.867
297,100,c5e13213d1768ad4054c3bb478a970c6f06be1e6e1d3c782c787878b8f1ed43e,9.900
298,100,bdc3d613a3661abcad5c6ab5f109eac6c5ea83e4079b0f060e071f0b3a1c947e,9.933
299,100,714384930ee677bcab5c5625ab4b438605ca0fc41f323e163c0ffc1bf83cb47c,9.967
300,100,e25339b25ecca73c5b1c84650a4b17a6afd21eac3d12fa14f00ff81bf03ce178,10.000
301,100,82137526bccc2b34d6bca9695a93bd2c6ad2fcacf852f035e00fe07ba0f881f8,10.033
302,100,8607eb467c9c5e34a4bc6bcbf6932b2c5a97f52cea56c0bd801e80f12bf807d0,10.067
303,100,af07ab5678ac9e3429fc5acba4b17a4cb6b7e96cc2f6802d805e02f10bf80fd0,10.100
304,100,8e47ea96dc2cbcb46bcc9283ed3d7a4db4b3eb5cc2b6202d005e02f10bf82fd0,10.133
305,100,8a43f8b4b42c2db44acdb2a3e93d72cfa5b3ca5cc2b7216d027e02f10bf82fd0,10.167
306,100,52d7e1b4b47c49f452cda4a3683df28769bbc2dc00b7096c02be02a11ff07ff4,10.200
307,100,70b6a92c2c764bf496892d215a6df4a74939d2de04a7017c02be57a11ff05ff4,10.233
308,100,e936b94e28765bdcb6836929524df4a3cb39d2be44a5007c00b652e117f85ff4,10.267
309,100,6916bf4ee976dad4b4a32d295a4df4a3e958d2b644a5004c40be50e157f857f4,10.300
310,100,2d0db70369765ad6b6932d295a4db4a37908f296e4a7c04d40bf50ad52f857f4,10.333
311,100,0d0d970b2d124a5696d22d2c1a4f3e937f487e96f4a5e00fd03f50ad50fc57f4,10.367
312,100,058d930b2d124a569692ad0c0a4f1e933f487e96fea5f90ff01f502d50fc57fc,10.400
313,100,0589970b2d125a5697922d2c0a431e933f487e92feadf90ff01f502d50fcd5fc,10.433
314,100,d509970b2c125a568792290c1a433e937f487e92fc2df80ff03fd02d94fc95fc,10.467
315,100,d109b41b6c585a56a5b0294c1a533c917f587e92fc29f80ef03fd02d94fc95fc,10.500
316,100,d1e9b5016c4c92d6a5b0094c12d30d915f587e92ff29f80ef01fd02d94fcb5fc,10.533
317,100,91c9a5034c4c9692a5bc4b4c12d30d915b587e92ff29780ef01fb42d94feb5fc,10.567
318,100,9183a5215c4e9592a52c434e12b30dd15f503e927f09780ef43fb42db4feb5fc,10.600
319,100,81836d21d64ea5b22d0c424614b30f595fd27eb27f09781ef43fa029a4feb5f8,10.633
320,100,a1b34d259646a5a6694c924604b30b591e967ea37f0af81ef43fa029a4feadf8,10.667
321,100,21b3480db686ad246b4c82c705b30b581e967fa37f4af81ef43fa029a4fe2df8,10.700
322,100,4ba1904da587692c4b4c04a70db31b58be96ffa3fe4af01ee03f206929fe6978,10.733
323,100,82a1b4cd24874b0d125a04a709e31658bfb6fd23fe5af01ee03f407b69fa6b78,10.767
324,100,12a3b4cf24274b2d165a0ca64b6336d0fda6fd27f61af016c03f407b49fa4b78,10.800
325,100,15a3a4896d87da2f165a0c0e5b6636986d06fd27b41ee016c03f407b5bfadb78,10.833
326,100,9f2024b969a7922f26984c9e9b467e99ed04f827741e6036807ec05bd3fad3f8,10.867
327,100,b76025b84927926d249858be9b4efe99fd24f82f641e4036007e82db93fa93f8,10.900
328,100,976165b84927926d249858be9b46fe99fd24f827641e6036807e80db93fa93f8,10.933
329,100,9330249869a7d30d269a0c2e1b63169c6d267f27fe16e416c03f405bdbfadb78,10.967
330,100,9834b4ce2ca75b4d964e2526096f024c27a63fa7be42f416f83f486b497e4b78,11.000
331,100,c23c94e7a4a7694dfb4ea4a6e00f824e87b607a31fc23e96bc07e80b687e6978,11.033
332,100,5a6452339487294f4bceb6b3f50fe046c2b681f303c20fc61f033f0fac1ead7c,11.067
333,100,6a275a13d407856f0bee12933d257806f2f3d0f3e1e2c3c20783970fb70eb53c,11.100
334,100,2b134a13542fa56f099b1b831d273d5278f370faf162e3c2c383878f978ed42c,11.133
335,100,2b534a0754add4ae89db4fa517863d52385b787c3062f1c3c3c1d38d57ae568c,11.167
336,100,a143aaa55e27d4aeedcac284c7c28d5a8e5a1e3c1c7239e378e171e553ae538c,11.200
337,100,c14baba50a27768f754862c4c3c2c71b8f5a8e1e9c321c6b38e138e57bee4b8e,11.233
338,100,710ba1238a973287346b32d460e3750bc71bc71ece32cc6b3cf138e13aeeea8e,11.267
339,100,540b15a3e9938a87142b38d738f331c3710be31fc732c67b8e790e6138eeeac6,11.300
340,100,3f091569e901ea97872f928738f630c3314b738f6396673b2e790e613ee628c6,11.333
341,100,031c3448b568eb95c30f870fb8f438f73143718b6396473b26792e713ee62ae6,11.367
342,100,cab4565cb548eb14c3a4870faaa538e531c2334f6396c73a667b2e712ae62ae6,11.400
343,100,4ab456bcbd58e958d3a48f1a0aad18a531e223c76316e712e6732ee16ae66ae6,11.433
344,100,4ab316b6b5fa6958d1a4871a0e1d18a5316463c56396e716e7736ae16ae66aa6,11.467
345,100,6ad31627b5b269d8d1e0875a8e181cad396473d56395e716a7126ae17ae652a6,11.500
346,100,e8d312a335277adbd1e185528e1a1e2d396473c1639de716a71262f172e652ae,11.533
347,100,6bd3528595277ad3d1e1a5428e1a1e3d3d6879d1639de316a712627172e252ae,11.567
348,100,ebd9d295a5275a93d1e1a1428e1a9e391d6878d1739de31ea712623172e352ae,11.600
349,100,ebd9d29d85275a93d0e3e1c28e1a9e391d6878d1738de31ea312623172e352ae,11.633
350,100,4ad8929d2d2f5893f1a3e1428a139f39396871d1f3ade71c6612627152e357ae,11.667
351,100,da9c929d292f5893f1a1c1429a131d3b39787191e3ade71c6612e261d2e3d7ae,11.700
352,100,d29ca4952b2d50b2f1a1c3429e131d3b39783191e3adc71e6632e261d2e7d7ae,11.733
353,100,929c27904a4df8bee1a3c34216933c3b387831b1e729c61c4e36c261d7e7d7ae,11.767
354,100,92dc25b05a4df83ee1a783451796383b3a7a71b1a7290e1c4e36c661c7e3a5ae,11.800
355,100,b2ce2d305b89f05ce1ae834d1f96393370fa63f267290e1c5e36466187e3a52e,11.833
356,100,b0ca2d325f11f29ce12c830d1f86793370fa63d267290e3d1c341e638fe3ad6e,11.867
357,100,b0db25721b31b299e13c836d3f84792770fa63d247294e395c341e630f632d6e,11.900
358,100,b2cb25f21f33b699e1bc83690f047b2770f2e39247236e397c3416630f630d4e,11.933
359,100,b24b60de1b23b699e1fc83690f8c3b25f0fbe39247236e397c3414710f630d4e,11.967
360,100,b26d60de1b62b499e1bc83680f8c3b25f0fae3b6c7236e397c3414710e634d4e,12.000
361,100,b269419e1b623491e0bc83f80f9c3b25f0fae3b2c7636e39707494711e634f4e,12.033
362,100,b2e9419e1b623491e0b083f80f9c3a2df0fae3b0c7636e39f07c94711e435f4e,12.067
363,100,b299419a1a623491e1f083f80f9c3a2df0fae3b0c763ee39f074b4711e435f4e,12.100
364,100,269949ba3a627491a1b007f83f9c722de0f2c7b0c66bce79f074b4e11c435f4e,12.133
365,100,26990bba32e2749387b007f87f1c722de0f2c7b0ce4bcc79c0f4b4e13c435a5e,12.167
366,100,26f949b83ae27493a1b007f83f98722de0f2c7b0c64bce79e074b4e13c435e4e,12.200
367,100,b6c945981be63c93e19007fa0f983a0cf0fae3b0c703ce39e07cb4f11e435f4e,12.233
368,100,b64445991bc63a83e99207fa0f9a3a0c70fae3b2c702ce3be07ca4f13cc35e5e,12.267
369,100,b24645990bc63ac3f99283f20f9a3b0c70dae3b2c782ce3be07ca4f03cc35e5e,12.300
370,100,ba4625890b863ac7f99283e20f9a3b0c70dae3b2c786ce1be07ca4f0bcc35e5e,12.333
371,100,9b0665898b8e3ac7f99381e20fda3b0c30cfe1b2c786ce1be07ca4f03cc31e5e,12.367
372,100,9b06e485c98e1a46f997a1e605da1b8c30cfe1b6c786ce1be03ca4f0bec31e5e,12.400
373,100,9966b405c98c1a46f907f1e605da1b8c380fe1b6c386cf1be23ca4f0bce39e5e,12.433
374,100,9966b605c98c1a467987f0e605da1b8c380fe1b6c386cf1be43ca4f0bce39e5e,12.467
375,100,9926b605c98c1a467987f0e681da1b8c3a0fe1b6e386479be43cb4f09ee31e5e,12.500
376,100,c926b605498c9b663c87f8a6c1da0f841a0f7096e3a6679b763cb47096e35f4e,12.533
377,100,4d269b05618cc9660c8778a7e0fa8d849f073896f1e663db763c367096734f4e,12.567
378,100,69269b256085c9660c871c87f0eacdc48f27b896f1e663cb333c3630d6734f6e,12.600
379,100,6c068b25240d69260d072c077863e5c68f279c9ef9e673cb33bc3630d6734f6e,12.633
380,100,24064b25340d692687070c077863e5c6cf269c9eb9f673eb33bc363456734f6e,12.667
381,100,34064b25320d6926c7070c077873e4c4cfa79c96b8f671eb3bbc163652734f6e,12.700
382,100,b41e4935160d6924c30704077c73e4c6cda68c9eb8f671eb3b9e1e3652724f6e,12.733
383,100,bc1ccd30920d692ce10705073c3364c6c5a7ce0e98f679eb3b9e1e3652726f6e,12.767
384,100,bc1ced30da0c2d2ce90585870c2364e4e5a5ce0e9cf639e3399e1e365a726f6e,12.800
385,100,9e0c6d30da4c3d24e10585870c3324e6e5a7c60e1cf639eb399e1e365b726f6e,12.833
386,100,be0e6d30dbcc2d24e10585870c3334e465a7c60e1cf639eb199e1e165b726f6e,12.867
387,100,be0e6d309b0c2d24e10785870c3324e6e5a7c64e1cf639eb199e1e165b726f6e,12.900
388,100,b406c9219e0c2d24e50784870c3b24e6e5a7ce5e1cf639eb199e1e365b726f6e,12.933
389,100,bd06c921960c2d26e10704071c7b64e6e5a7cede1cf639ea199e1e305b726f6e,12.967
390,100,b506c921960c6d24e50705073c3b64e6e1a7ced61cf639ea199e1e345b726f6e,13.000
391,100,bc1ecb39968c6924e50505073c7b64c4c5a7cc1e18f639eb399e1e3452726f6e,13.033
392,100,bc5ccb389699792ce90d0d051c3b64c4c5a5cc8e18f679eb399c1e34d2724f6e,13.067
393,100,34dadb389699793ce90c0d05183b64ccc9258c0f98d6f9eb399c1e34d2f24f6e,13.100
394,100,34d8c97a96993898f3788705183964d8c125cc0d9c96f9cb399c3c3cd6f24f7e,13.133
395,100,24d964f296d93498f37887991a397459c1258e0d9c9469c3299c3cbcd6f2cf5e,13.167
396,100,26e360f296f334d9f078a5991e3174594161ce098c94f9c1699c38bc96f2cf7e,13.200
397,100,02e368e786f334d9f078e4d9163134596171ce098c9cc9c1699c38bc96f2df7e,13.233
398,100,926568e7c26334d3f07be4d9163134596171c6098c1cd9c1699c38bc96f2df7e,13.267
399,100,936568e7c26324d370fbe4d9173134596171c6098c1dc8c1699d38bc96f2df5e,13.300
400,100,936568c7ca6724d3707be4d99711345b6171c6098c1dc8c1699d38bc94f2df5e,13.333
401,100,936568c7ea6724d3307bf4d99701361b6171c609cc1dc8c1699d38bc94b2df5e,13.367
402,100,9b257cc7ca6724d3307bf4db9701361b6171c609cc1d48c1299d3cbc94b0df5e,13.400
403,100,9b257cc7ea6724c3327bf4da9701361b7171c609cc1548c1299d1cbc96b0df5e,13.433
404,100,9b257c47ea6724c33a7bf4db9301361b7131e709cc1568c1299d1cbc96b05b5e,13.467
405,100,93257c07ea6724d33a7bf4db9301361b7171c609cc1568c129dd1cbc96b05f5e,13.500
406,100,93657c07ea6724d3327bf4da9701361b7171c609cc1568c1299d1cbc96b0df5e,13.533
407,100,b3656867ea6334d3327bf4d99701361b7161c609cc1568c1299d1cbc96b0df5e,13.567
408,100,b3e56867e26334d3327bf4d9931136197161c609cc1578c1299d1cbc96b25b7e,13.600
409,100,f3e56867e26334d3327be4d9931136197161c609cc1578c1299d1cbc96b25b7e,13.633
410,100,f6e56867e26334d3327be4d9971136196161c609cc1578c1299d1cbc96b2db5e,13.667
411,100,f6e56867e26334d3327be4d9961134196161c609cc1578c3299d1cbc96b2df5e,13.700
412,100,b6c56867e66334d332fbe4d9961134196161c609cc1578c3299c3cbc96b2df5e,13.733
413,100,b6c5686786e334d332fbe4d9963134196161c609cc1578c3299c3cbc96b2df5e,13.767
414,100,b6c5686786e334d3327be4d9963134196169c609cc1578c3299c3cbc96b2df5e,13.800
415,100,b6c56867e66334d3327be4d9961134196161c609cc1578c3299d3cbc96b2df5e,13.833
416,100,f6e56867e26334d3307be4d9971136196161c609cc1578c1299d1cbc96b2df5e,13.867
417,100,b3c57827ee6324c3327bf4da9701361b7161c609cc1578c1299d1cbc96b0df5e,13.900
418,100,9b057c46ea6724c3327bf4da9303361b7171e609cc1578c1299d1cbc96b0df5e,13.933
419,100,9b457d86eb67a4833a6bf4ca9303361b7171e609cc1578c129cd1cbc94b0db5e,13.967
420,100,9b457d84eb67a4833a63f4ca9307361b7071e709cc1578c129c93cbc94b0df5e,14.000
421,100,9b457d84eb67a6c33a63f4ca9307361b3171e709cc1d78c128c91c9c94b0df5e,14.033
422,100,9b457d84fb67a6c33a6774ca9307361b3171e709cc1578c128c91c9c94b0df5e,14.067
423,100,9b457d84eb67a4c33a63f4ca9307361b3371e709cc1578c128cd1c9c94b0df5e,14.100
424,100,9b457dc6eb67a4c33a6b74ca93033e1b3371e709cc1578c128cd1c9c94b05b5e,14.133
425,100,93457f66eb67a4c33a7b74ca93033e1b3171e709cc1578c1288d1c9c96b05b5e,14.167
426,100,9bc57f66eb67a4c33a7b30ca93033e1b3171e709cc1578c1288d1c9c96b05b5e,14.200
427,100,93c57f66eb67a4c33a7b34ca93033e1b3171e709c41578c128cd1c9c96b05b5e,14.233
428,100,9bc57f64eb67a6c31a6b34ca93033e1b3371e709c41578c128cd1c9c96b05b5e,14.267
429,100,9bc53fe4fb67a6c31a6334ca93031e1b3371e709c415784128cd1c9c96b85f5e,14.300
430,100,dbc03da4fb67a6c31a6334ca93071e1b3371e709c615784128cd1c9c96b95f5e,14.333
431,100,dbe03fa4fb67a6c31a6334ca93071e1b3371e309c615784128cd1c9c16b95f5e,14.367
432,100,dbe03fc4fb66a6c31a6330ea83a71e5b3371e309c615784128cd1c9c16995f5e,14.400
433,100,dbe03f84fb66a6c31a6332ea83a71e1b3371e309c6057c4128cd1c9c1e995f5e,14.433
434,100,dbe03f84eb66a6c31a6232ea83a79e5b3371f309c6057c4128cd1c9c16995f5e,14.467
435,100,dbe03f84eb66a6c31a6232ee83a79e1b3b71f309c6056c4128cd1c1c1e995f5e,14.500
436,100,cbe03fc46b66e6c21a6232eec3a79e1b3b71f309c6057c4128cd1c1c1e195f5e,14.533
437,100,cbe02fc46b66e6c21a6232eec3a79e5b3b71f309c6057c4128cd0c1c1e197f5e,14.567
438,100,c3e80fc46b66e7c21a6232eec3a79e5b3b71f309c6057c4128cd0c1c1e197f5e,14.600
439,100,c3a80fc46b66e7c29a6232eec3e79e5b1bf1f309c6057c4128c98c1c16197f5e,14.633
440,100,c18807cc6926e7c2df663aeec3e79a5b1bf1f309c6057c4128c98c1c16197f5e,14.667
441,100,c19805cc6926e7c2df663aeac3e79a5b9bf1b309c6057c4128c98c1c9e195f5e,14.700
442,100,c19881cc6926e7c2cfe67aeac1e69b5b9af0b309c6057c41acc98c1c9e195f5e,14.733
443,100,419881cc6926e7c2cfe67aeac1e68b5b9af0b309c7057e41acc98c1c9e195f5e,14.767
444,100,419c81cc6926e3c6cfe67aeec1e68b5b9af0b309c7055641acc98c1c9e195f5e,14.800
445,100,c19881cc6926e3c6cfe67a6ec1e68b5b9bf2b309c7055641acc98c1c96195f5e,14.833
446,100,c19881cc6926e3c6cfe67aeec1e68b5b9bf2b309c70556412cc98c1c96195f5e,14.867
447,100,c19881cc6926e3c6cfe67aeec1e68b5b9bf2b309c70556412cc98c1c96195f5e,14.900
448,100,419901cc6926e3c6cfe67aeee1e6835b9bf03309e7055e41acc98c1c96195f5e,14.933
449,100,419901cc6926e3c2cfe67eeae1e6825b9bf03309e7057e41acc98e1c96196f5e,14.967
450,100,419901cc6926e1c6cfe67eeee1e6825b9bf03349e7057641acc98c1c96196f5e,15.000
451,100,419d80cc6926e1c4cfe67e6e61e6c25b9af23369e7057641acc98e1c96194f5e,15.033
452,100,419dc0cc6926e1c4efe67e6e61e6c25b9af21369e3057641ac498e1cd6194f5e,15.067
453,100,419dc0cc6926f1c4efe67e6661e6c25b9af21369e3057641ac49861cde194f5e,15.100
454,100,419dc0cc29a671c6efe67e6661e6c35b98f21369e3057641ac49861cda196f5e,15.133
455,100,419dc0cc29a671c6efe67ee661e6c25b98f21369e3057641ac49861cda196f5e,15.167
456,100,419d80cc6926f1c6efe67ee661e6c25b98f21369e3057641ac49861cde194f5e,15.200
457,100,c19d00cc6926f1c6cfe67ee661e6c25b9bf03349e7057641ac49861cd6196b5e,15.233
458,100,c199018c6966e5c0df627eeec1e6825b9bf03309e7057e41accd8e1c96196f5e,15.267
459,100,c199018c6966e7c0df6272e6c1e7825b99f1b309e7057e41accd8e1c96195f5e,15.300
460,100,c1d9098c6966e7c0df6272eec3e7925b99f1b309c6057c412ccd8c1c96195f5e,15.333
461,100,c1d9098c6966e7c4df6270e6c3e7925b9bf1b309c6057c412ccd8c1c96195f5e,15.367
462,100,c1d9098c6b66e7c4db6270e6c3e7925b9bf1b309c6057c412ccd8c1c96195f5e,15.400
463,100,c1d9098c6966e5c4db6674e6c3e6925b9bf1b349c6057e412ccd8c1c96195b5e,15.433
464,100,c1d9018c6966e5c6df667ce6c1e6925b9bf0b349c70576412ccd8c1c96195b5e,15.467
465,100,c1d9018c6966e5c4df667ce6c1e6825b9bf2b349c705f641acc98c1c96195b5e,15.500
466,100,c1d901cc6966e5c4df667ce6c1e6825b99f2b349c705f641acc98c1c96195b5e,15.533
467,100,c1d901cc6926e5c4dfe67ce6c1e6825b99f2b349c705f641acc98c1c96195b5e,15.567
468,100,c1d9418c6924e5c4dfe67ce6c1e682db9bf2b349c705f641a8c98c1c96195b5e,15.600
469,100,c119018c692ce5c4dfe67ce6c1e692db9bf2b349c705f64128c98c1d96195f5e,15.633
470,100,c119818c492ce5c6dbe67ce6c1e692db9bf2b349c705f64128c98c1d96195f5e,15.667
471,100,c119849c492ce5c4cbe67ceec1e692db9bf2b349c705f64128c98c1d96195f5e,15.700
472,100,c11b849d492ce5c4cbe67ceec1e692d39bf2b361c705d64128c98c1d96195f5e,15.733
473,100,c11b849d4b2ce1c4cba67ceee1e692e71bf2b361c705d64128c98c1d96195f5e,15.767
474,100,c01b8099492ce1c6eba67eeee1e693e69af2b361e705d64128c98c1d96195f5e,15.800
475,100,c01b8499492ce1c6efa67eeee1e683e69af2b361e701d64128c98c1d96195f5e,15.833
476,100,c01b8499492ce1c6eda67e6ee1e683e69af2b361e701f64128c98c9d96195f5e,15.867
477,100,c01b8099492ce1c6eda47e6ee1e6c3e69ef2b361e701f64128c98c9d96195f5e,15.900
478,100,c01b8099492ce1c5eda47e6e61e6c3e69ef2b361e701f64138c98c9d96195f5e,15.933
479,100,601b8699492ce307e1845b6ee1e6c3e69ef6b361e701d64338c98c9d96195f5e,15.967
480,100,64368799091deb07e9855b6ee1e6c3e61ff633618701864378c91c9d9499d75a,16.000
481,100,64b687930d1dcb07c1851b6ec9e683e61ff63363a703864370cb1c8db4b1d75a,16.033
482,100,64d687b31d19db27c1851b6ec9e683a63ff63362a6038647e0cb188d34b1d75a,16.067
483,100,6dd687331c19db2789851a6fc9ee83a63ff6336226038c47e0cb389d34b1965a,16.100
484,100,6dd687331819da2709851a6fcbec9fa63ff6736226038c47e0cb388c3cb1b45a,16.133
485,100,6dd60773383992270f851a6fcbec9f263dd6774226038c47e0c9719c28b1f55a,16.167
486,100,6d960f73383192270f05ba6c9bec9f267d9e67432e130c47c0c971bc68b1d55a,16.200
487,100,6d960c7338b192251f05ba6c9bcc1f267d9ee6426e131c47c1c9f1bc68b1d55a,16.233
488,100,4d160c6378b1b2251b05b26d9bcc1f2e7cfee6c66c171c47c1c9e1bc68b1555a,16.267
489,100,c9160ce37ab1f2251b01b26d93cc1f267c7ee6c64c171c4787c9e1bd68b1555a,16.300
490,100,c9160ce67ca3f2271f013269b3ec1f067c7ee7c64c170c4687c9e19d60b1f55a,16.333
491,100,c91ecce61db3f2271f233a69b2ec9b063c1e63c666170c4686c9e18d68b1f55a,16.367
492,100,c91eccee1db372368f233e29ba6c9b073f1673c666060c4682c9a98d68b1f55a,16.400
493,100,c956cccec0f27a364f231f213e6ddb07bf0671c666164c06c0cba98d68b1f55a,16.433
494,100,8956e4dec0f2789667231f211e69db079f0639c66616c606f2cba98d68b1f55a,16.467
495,100,0356cd9ef0d27896e1231fa11e69db879f0639c67606c606f0c3a98d78b1f55a,16.500
496,100,03528f9ef0d3489661371ee31e69db059f0638e67206c606f6c3a9cd78b1f55a,16.533
497,100,a3720f3cb4d1c096e03fcce31e69db219f1338e67206c606b6c3e9cd58b1f552,16.567
498,100,f25a0f3cb7d18996e19ec0e33e695b219f133dc67206c606a6c3e1cd50b1f552,16.600
499,100,f25e0e5c36f99991c39ec1a33ee97b219f1b3dc27206c606a6c3c1cd51a1e552,16.633
500,100,f352da5e36581e99039cc1eb04ed7869df19bfd03056ee06264353cdd1a9a552,16.667
501,100,13d3cb467e4c3e19131cc3f984ed786dd3199fd839d0ee06264352cdd169a552,16.700
502,100,41b3c9e3cd667c651f1c4bfcc1ed486d43099f9939f07b06260772cdd129a552,16.733
503,100,36b9c9f3c9e76ce33e161b3cc1e0ccec432dc3991df83b062607324dd129b552,16.767
504,100,368d9abbc0f32cf33e038b16e9f2ece4e12f638d9cf81b06a706b3455029b552,16.800
505,100,37cd9b99f85a247336f38f160dd2e4f4f827718d8c780986a786bbc550299552,16.833
506,100,13cd938df98cfc7916f387168dd264767823798dc43c09c6a3c6bbe558219552,16.867
507,100,976c938ddbccfc391673831687926672786379c9c4398986a3c6bbe55821b552,16.900
508,100,376793c5dbccfcb936638317879a2630583338ebe439c896a3c6a3e55029b552,16.933
509,100,256793c7d9ccfcb93e65831785dae630586338ebf439c81683c6a3e1d029b552,16.967
510,100,256393c7dbcc7cb93665831385dae732586338ebf439c81683c6a3e1d129b552,17.000
511,100,273393c7dbcc7ce93e658a1785daef30506330abec19c896a3c643e1d529a552,17.033
512,100,2b3393cefbccdce93a6582970dd0ee30556374abe85988a4a3d657c195492d52,17.067
513,100,273393cedb9cf4e92a45869f0f54ee32554274a9e85888a52bd657e1b5492956,17.100
514,100,0533b3ced198f4e92a25849f0b94fd32155275a9f8588aa52bd657e9b5496956,17.133
515,100,053382ced198f4e97aa5149f0ab4ee325572752bf8588aa54bd457cbb5496956,17.167
516,100,4d33028ed198f1e976a5141f4ab4ae361572756bf858aaa54b94d7cba5496956,17.200
517,100,4d330286f59af1e976e5144e4ab4ae341572756bf858aaa54b9697cba5496856,17.233
518,100,6d334286959af1e976ef144e4abcae341572757bf858aaa54a9495cba5494856,17.267
519,100,4d334287959ae9c9f4cf144e4abcee341572756bf458aaa54ab495cba5494a56,17.300
520,100,0c335aa7951ae9c8e4cf144e4abceeb40976757bf558aaa552b495cb25494a56,17.333
521,100,2c334aa7959ae1c8f66f144e4abcaeb40876757bf558aaa542b495eba5494856,17.367
522,100,2d334a97d19af9e8766594464a9caeb48832352b7d58aaa54a96d7e9a5496956,17.400
523,100,2533ea17d19b796836e59447ca9c2f9cc832152b7d58a8a56ad657e1b5492956,17.433
524,100,7731e217c09b7c683ee19447ead42b9ce51295ab1d58ce25aad652e19549ad56,17.467
525,100,77b1a317e09b7ce83fe11467e854239ce71294ab1d584e25a8d652e19569ad56,17.500
526,100,15b0a316e99b5cf93fe15663e854a39ce71294ab1d584627a8d672e19569a556,17.533
527,100,15b8a332e99b5cf91fe05263ec44a39c6312d4ab1f584627a9d67ae1d569a552,17.567
528,100,15b8f332e19b7cb91de15263ec44a3cc2312d0bb9f584627ad56eae1d161b552,17.600
529,100,96f8f332e19b7cb91fe15263e44473cca112d2bb97584627b556aae151619552,17.633
530,100,86d8f31271db7cb91ef14a63f54673cca112dabb875842073556baf159219552,17.667
531,100,84f8f3b271db6cc99eb14a23b5667bcc31525abb875822177456b8f159219552,17.700
532,100,86f8f3b271db3cc98eb1ca23b566fbcc31527a9bd7d822173456b87049219512,17.733
533,100,86d8fb9271cb3ec98eb1cb233566fbcc31525a9bd7c8a21734d6b8704921d512,17.767
534,100,86d8fb9271cb3ea98eb14b233766fbcc31525a9bd7c8a21734d638704921d552,17.800
535,100,86d87b9274cb3ea98eb16b233746fbcc51535a9bd7c8a21734d638704921d552,17.833
536,100,86d8739274cbbea98eb169233746fbcc51136a9bd7c8a21734d679704921d552,17.867
537,100,c2d8739234cbbe2dceb1e9233744fbcc51936a89d7c8a21734f659704921d556,17.900
538,100,cad9719230cbbe39ceb1e9233744e9cc51937a89d7c8a21734f679704921d556,17.933
539,100,cad9719330cbbe39ca3761233744e9cc51937a89d7c8a21734f679706921d556,17.967
540,100,cad9719334499e3dcb3361233744e9cc519b2a89d7e8a21734f679696921d556,18.000
541,100,cad97193304b9ebdcb33e1233744e9cc519b0e89d7e8a21734f679684921d556,18.033
542,100,c6d87193304b3ebdce33a1337744e9cc519b1e89c7e8a21734f679684921d556,18.067
543,100,c6d87193324b3eadce338d337744ebccd19b1c8bc6e8861734f679e849210556,18.100
544,100,c4d87392724b3ead0c7109737304efccd19b3c8bcee8861734f679e949212756,18.133
545,100,84d86392634b3ca95c714972ab04e7ccd19b348b8ee8863774b6f9e9c9616756,18.167
546,100,84fcc592e7cb3ca95d71c162ab04e6ccd19b348b1ee88e376496f9e9c9610556,18.200
547,100,967ccd92e78b708d1d71d862ab44e6ccc19a349b3ef88e352496f9e9c9610556,18.233
548,100,b67c0d92e78b708d1de19a728a4466cce59a349b3ee89e350496f9e9cb651554,18.267
549,100,3cbc4d92c78bf0cd5960ba769a450e8ce59a359b3ee81e340606fbe9cb651554,18.300
550,100,7cbc4d9ac70be46b79e2b2661e8d0e9ee59a619b7c681c340706dbe9d2451554,18.333
551,100,e8bc099b970be479f3e232c63e8d3f1ec99a639bf2683c240706d3e992453554,18.367
552,100,e9b09b1b3e0b68f9d3e626c47cad3a1e893ac79be2e8f424054697e982857554,18.400
553,100,c3b0bf1b7c0b0bc5a7c664c4f8adfa3e9b321f1be2c9e0647c463e892685c154,18.433
554,100,13b0fe1b54db0bc52fc6cd8ce03952763b321c1b0fc9a8e5f54e3e896c859554,18.467
555,100,3732e41bd0db3f855d86d90c8039d6f63372553b8fc90ae5d54eee894c891554,18.500
556,100,3730601bc0db7f857d86d90880e9d4f67272f53b1f891ac5d55eeaa9cc891554,18.533
557,100,3730641bc0db7f857d86d918836984f67272f53a9f891ac5c55eeaa9cc891554,18.567
558,100,37b0643ac05b3f857dc6d948812984f67376f53a9b891ac5d55eeaa9cc891554,18.600
559,100,17b06c1ac05b33857dc659488129c4fe7376753a9f891be5d54eeaa9cc89155c,18.633
560,100,17b0ec1ac05b33857dc659c98129c47e3376553a9f890ac5d54eeea9ec8d155c,18.667
561,100,13b0ec1af05bb3857fc64949c029d47e3376553a1f898ae5f44e6ea96c85155c,18.700
562,100,83b0be1af01b93851fc64dc1d02dd67e33765f1a0fc988e574466ea96c85955c,18.733
563,100,83f0bf1a7c1bd3a107c64dc1f82df25e11361f9bcfc988e474463ea32685915c,18.767
564,100,c1fc979a7e1b58a187e624e57cadfa5e91320f9bcec9c0643e463ea12681c15c,18.800
565,100,e1fc839a3e1b58a183e2a4e56cad7b5ed93e039beec9e8641d6617a10685c554,18.833
566,100,69dcc3da1f0b5aa1c3e2e4652ead1b5edc1a039b6ee9ec64172697a19285c554,18.867
567,100,68dcc3da1f0b5aa1c3e2a4652ead1b5edc9a01db6ee9fc64912697a19285e554,18.900
568,100,68dec3ce1e0b7ae1c362a4250ead1b56fc9e01db6ee9fc64952697a18285e554,18.933
569,100,e0da874b1e0b5af1c362a42d2aad1b5efc9e01db6ee9fc34172697a18285e554,18.967
570,100,60da834b1f0bcbf1e362e4ad0bac1b5efc9e81cb6ee97c34812793a19285e554,19.000
571,100,70dac34b1f0be9f1f162b6ad0bac1f567c9a80c96ee97d34812793b19205e554,19.033
572,100,78dcc34b8f0b69f1f172b68d098c0b567c9a80cb36e97d34c127dbb1d205e554,19.067
573,100,38dec34b8f0b69f1f170b68d098c0f523e92f04f36e92f30c133dbf9d225a544,19.100
574,100,3c4e734fc70b69b1f970b6ada48c4d521e92f04f32e92f10c113dbf9d925a544,19.133
575,100,3e4e794fc78ba9f17970968ca08c61d61e92f04fb2eda710e113dbf959258544,19.167
576,100,1e6e794bc38b29f07930928ce48ca1529fd2f86f9aeda710e5936bf879258544,19.200
577,100,9f66796fe3892cf05c30d38ca4ac81528fd23c6f9aeca7d0e0936bf869259544,19.233
578,100,9f6271ebe3990c305c31d3ccb48e89d3cf521c2febeca7d0749369b869259144,19.267
579,100,8f6221abe3990c305cb5d3ccb43fdb53c3c20c2debf8a7d0f49369b82d259146,19.300
580,100,1f62308beb990c305bb4f3ccb41ffbd243c28c2debf885d0749369b82d25d546,19.333
581,100,0f62728bedd80c305aa4f3ccb41ffbd203c68c2debf885d07c9369bc0d25d546,19.367
582,100,2fe36289edd81c30fb8ce3cc101fdbd207468c2debf8a5927c9369bc49259546,19.400
583,100,3fe36299cdb01c30f38ca6cc1013fbd2174e9c2debf8e5927c8369bc49259546,19.433
584,100,7cebe299cdf01430f78ca6cc3033dbd2164e182dcbf8c512f9a35bbc49259546,19.467
585,100,7ce3c2998df03531f68d269c3037d3d2340e186ddbf88512e9a3dbfc59258554,19.500
586,100,fde3c2999bb07170a60d6e9c7036d7c63f4e786d9ed88d12e923dbe858250414,19.533
587,100,fdc2c69b9bf1f170a40d4f99703697c67d46706d3ed90d12c92393e9f8251414,19.567
588,100,f5c2869b1bf1f16015095f99f1b687867d46f0e93ed90d12c92393e9b2657414,19.600
589,100,f5c6943b1bb1f16015495d19f1768786ed4ef0e93e991d528323b3e9b2617414,19.633
590,100,ddce153b3b71e1611549d939e1760f86cd4ee0e97e991956132326e9f261d114,19.667
591,100,c5ce353b3771c3411559d939e1f62f06dd5ee0e96e999956132326e9a261d114,19.700
592,100,cdce353b7671c3411559d939e1f62d06d95ec1e96eb9b956122326e9a249d114,19.733
593,100,89ce1d3b76a1e34105599139f1fe2d06dd5ec1e9efb9b956122326e9a249d114,19.767
594,100,e9ce051f36a1e36105499d19f1f60f06dd5ec1ebee99b956132326e9a269d114,19.800
595,100,e9ce058f36a5e3611559dd19f17e0f06dd4ec0eb6e999956132326e9a269d114,19.833
596,100,e9ce153f36a1e3610549dd19f1f60f06dd46c1cb6e99b956132326e9e269d114,19.867
597,100,e9ce153f36a1e3611559d919f1760f06dd4ec1eb6f999952122326e9e269d114,19.900
598,100,c9ce353b3771e3411559d939e9760f06dd4ec0e96eb99956122326e9e269d114,19.933
599,100,8d4e343b3771e3511559f179e1660f06d94ec1f96eb9b956122326e9e269d114,19.967
600,100,9d4a353977e1e5511559f178e5660f06d94ec1b97f99b952122326e9e269d114,20.000
601,100,d54a3739f771e1511519f938ed660f06d94ee0b97fb9991212a326e9e069d114,20.033
602,100,c54b3739bb70e1519d19f938a5660fc6dd4ee0b97f999912122326e9f069d114,20.067
603,100,d54a1739fb70e1719519f978a4660fc6dd4ee0b97f991912122326e9f269d114,20.100
604,100,f54a1739f760e1719519d978b1660fc6dd4ee0b97f991912122326e9f269d114,20.133
605,100,f54e163df760e1719519d978a1660fc6dd4ee0b97f991912122326e9f269d114,20.167
606,100,f54a1739f360e5519519d978a5660fc6dd4ee0b97f99191212a326e9f269d114,20.200
607,100,f54a3639f370e1599519f978a5660fc6d94ee0b97fb1191212a326e9e269d114,20.233
608,100,f55a3639f370e159dd19f978a5260f86d94ee0b97fb0191212a326e9f069d114,20.267
609,100,f54a3639f770e159dd19f978a5260f86d94ee0b97fb0191312a326e9f061d114,20.300
610,100,f54a1739f7706159d559f978a5660fc6cd4ee0b96f98191212a326e9f261d114,20.333
611,100,f54e173d7f706151d519d939a1660fc6cd4ee0b96f98191212a326e9f269f114,20.367
612,100,ed4e163f77706171d559d979b0760fc6cd4ee0a96f981912122326e9f269d114,20.400
613,100,edce142f37606171d559d979b0768fc6cd4ee0a96fb81912122326e9f269f114,20.433
614,100,edce142f3f602171d559d979b1768fc6cd4ee0ab6f981912122326e9e269f114,20.467
615,100,edce04af7f6661718559d97931768fc6cd4ee0ab6f981912122326e9e269d114,20.500
616,100,edc6c0af1fa661f28559d959b07b8f46cd46e0cfefb89912103326e96269d114,20.533
617,100,edc6c0af1ea663f284c1dd59307987c68d46e06fe7f8d916903326e96269f114,20.567
618,100,edc6c88f9ea672f6a4c1dd593079a7c60d46f04fe7f81d16901322e93269f114,20.600
619,100,efe4c08f9eae2ae624c1dfd93079a7760f46f04ee6f81d16901326e92269f114,20.633
620,100,eae4c08f9eae6ae626c7d7d93079a7960f46d04ee5b8dd14901326e96269f114,20.667
621,100,fee4c08f9eaf7aa666c7d7d93079a7960f46c04ee5b89954901326e96269d014,20.700
622,100,dee0d0af1eaf7aa646c7d7d9307927968f46c04ee7b89954901326e96269d114,20.733
623,100,dac0d0af1eae7ae644c5d7d930792f969f46c14eefb89916901326e96269d114,20.767
624,100,dbc494af1e2e7ae644c5d799b0792ea61f46c14eefb89956111326e960e9d114,20.800
625,100,d9c6992f362ee6e60d81d759e0792e869d46815febb8995611132ee944e9d154,20.833
626,100,93ce3d2f772ec7e60dc1b55962790e86995683dfcbb95152a0170ee944c99154,20.867
627,100,838e342ed52ec1a70d99b15962f17e86ba56039f5fb8f552aa174ee954c98154,20.900
628,100,133e752ed566cd811f11a2714ae57a86225e03bb55b8b156aab75fe95549a154,20.933
629,100,132efd6e85e25d812b11a2f14ee67a1622de0bbb95f0a2566aa75de99549a154,20.967
630,100,392efd6e8dc31b812a5162f15ea67a5622d60bb99d70a2564aaf5de99549a154,21.000
631,100,692ef566c5e319912a5162f95ea6ba56225e43a9f570a2564aab5de9d549a154,21.033
632,100,792ef522c5e319812a59e2f94ea6ba56225e43a9f570a2564aaf5de9d549a154,21.067
633,100,792ef562c5c19981aa5962794ea6ba56225e43a9fd70a2574abf55e9d549a054,21.100
634,100,7d2ef562c1e19991aa5962794e26ba56a25ec3a9fd50a0574abd55e9d549a054,21.133
635,100,3d2ef5e3c1e18d91aa5922794f26ba56a05ec3b9fd50a0570abd55e9d549b014,21.167
636,100,1d2ef572c0e14d91ba59227f4f26bb56a05ecba97d50a0172abd56e9d549b014,21.200
637,100,1d2e25f3c0e1cd91ba59225d4fa6b956e85659a97d50b0172abd46e95549b51c,21.233
638,100,1f2e35b360e14c91bb59a05b4fa69d56a85669a95dd8b817aabd46e95449951c,21.267
639,100,1fae14b370e14d919159b25d6fa68d56e85669a915d8b113aabd66e954499d1c,21.300
640,100,8fa610b370f14f999059b24f4fa68d56b8566ca915d89513aafd66e954499d1c,21.333
641,100,87a630337cf14fd99159b20f4fa68d56b9566eb915d89503aabd22e954499d14,21.367
642,100,87a730337ef10fd99859b30f43f68556fd462eb9055cdd02aafc22e97409c514,21.400
643,100,c7a710333ef167d9d919fb0f43b6c5467d422cb9045cdf02aa7e22e97701c514,21.433
644,100,c3a718333ef126f9d909fb09a3b6c5565d4624bdc05cdf02237e2279ff01c514,21.467
645,100,e3a798373ef126f9cd09df09a3f7e5461d4224bdc05cdf02015e223dbf01c554,21.500
646,100,63c6d8b71e73a6f9480d5f09a1b7e5561d42b4ade05c5fc2011e823dbf21e554,21.533
647,100,63e6e8971a33b2f1481d5f0939b9f1561d42b6abe05c4fd2011e903dbf61e5c4,21.567
648,100,65e6f8871a33b2f1e01d5f0998b9f0160f4696afe05c4fd2015e903dbfe165c4,21.600
649,100,65e671878a33b2f1e05d5f0d99b970960d4296abf05c4fd2015e903dbfe165c4,21.633
650,100,25e671868a33b6f1e05d5f0d99b970b60d4296abf05c4fd2015e903dbfe165c4,21.667
651,100,25e6f1861a33b2f1e25d5f0919b9f0b60d4696abe05c4fd2015e903dbfe165c4,21.700
652,100,65c6f1861a33b6f1685d5f093bb9e0365d4296abe05c4fc2015e903dbf61e5c4,21.733
653,100,65c6e1871a33a6f148595f09bbb9e1b65d4234abe05cdfc2015ea03dbf61e544,21.767
654,100,6fc6c1879a3326f14819df093bb9e1365d4624afe05cdf42015ea23dbf61c554,21.800
655,100,6dc6c9879a3326f14819df093ab9e1365d4624afe0dcdf42015ea23dbf61c554,21.833
656,100,6fc6c1879a3326f14819df093ab9e1365d4624afe0dcdf42015ea23dbf61c554,21.867
657,100,6dc6c1879a3326f14819df093ab9e1365d4624afe0dcdf42015ea23dbf61e554,21.900
658,100,6dc6c1879a3326f14a19df093bb9e1365d4624abe05cdf42415ea23dbf61e544,21.933
659,100,6fc4c1861a3726f14a59de093bb9e1b65d4624abe0dcdf42015ea23dbf61c554,21.967
660,100,efc4c1861a2726f148d9de093bb9c1b65d462caf80dcdf42895e223d7f61c554,22.000
661,100,efc4c1863a272ef14cd9de093bb9c1b65d462cab80dcdd42895e22797f41c554,22.033
662,100,efc4c186382726f148d9fe093ba9c1b65d462cab00dcdd42ab5e22f97f41d554,22.067
663,100,6fc4c186b82726f104f9dc0973a9c1a6fd462cab40fcdd42ab5e22f97749d514,22.100
664,100,efccc106b82766b14cf99c0973a9c1a4fd462caf40dcdd42ab5e22f97749c514,22.133
665,100,efccc106b8276eb34cf9bc0972a981a4fd4628af44dcdd42ab5e22f97549c514,22.167
666,100,efccc106b0276eb34cf9b80972a985b4fd5628ab04fcdd42ab9622f97549d514,22.200
667,100,ebcc8306b0276eb34cf9b00973a987b4fd5668ab04fc9d42ab9622f97549d514,22.233
668,100,ebcc8326b0276eb34cf9b00973a987a4fd5668ab05fc9d42aa9622f97549d514,22.267
669,100,ebcc8326b0276eb34cf9b00973a987a4fd5668ab05fc9d42aa9622f97549d514,22.300
670,100,ebcc8306b0676ea34cf9b01973a987a4fd466cab05fc9d42aa9622f97549d514,22.333
671,100,ebcc8306b0666ea34cf9b81973a987a4fd4668ab05fc9d52aa9662f975499514,22.367
672,100,ebcc8b0eb0666ca34cf9b81972a987a4f94668af05fc9d52aa9662f975499514,22.400
