0,100,dadb999c25266273529cadac89cb52c22324ad3bce99726c38668d93c799f07c,0.000
1,100,dadb999c25266273529cadac8dcb52c22324ad3bce99726c38660d93c799f07c,0.033
2,100,dadb998c25266273d29cad8c89cb52d227248dbbce99726c38660d93c799f07c,0.067
3,100,dad9998c25266253d29cbd8c09cb52d63624ad3bcf99f26c38660f938799f06c,0.100
4,100,da9999ac25666653d29cb9ac09c352d676242d3bc2d9f2ec38660f938799f06c,0.133
5,100,9b9999ac25676653d29cb98c09c356c667242d3bc899f2ec78660f938799e0ec,0.167
6,100,9399b9ac2d674653d29cb98c09c356c667240d1b9c99f2ec78660f938799e0fc,0.200
7,100,939939ac6c67c653d09cb98c19d346e66724099b9e99f0ec71660f138799e0fc,0.233
8,100,9399292c6e67c6d3d09c398c1bd3c6e66c2c093b9799f0ec61660f138f99e0ec,0.267
9,100,9399292c6e67c6d3d0bc398c1bc3c6a6e76c393b9899e0ec61660f130f99c0fc,0.300
10,100,9399692c6e63c6d3b1bc390c33d3c6e4ec6c19139c99e0ec61661f131f99c0fc,0.333
11,100,3399696c4e6386f3b1bc398c3e838624ec6c79339499e4ece1661f131f1981fc,0.367
12,100,3399796ccc6386f3b13c791826c38664cf6c39131d99c4cce3e63f131e1981fc,0.400
13,100,37196b6cccc78cf3313c73197e838e04d86c7133359984ccc3e67e133e1903fc,0.433
14,100,3739636cccc78cf3233c73186e838ce48a6c73333db985ccc3c67e133c1107ec,0.467
15,100,6739c36c9cc60cf323386318fc879c44d86c73333db10dccc3c6fe337c1107ec,0.500
16,100,e731c36c98c61ce22338e319ec879cec1268f3333db10dcc87c6f833fc310fcc,0.533
17,100,e631c26c18c63ce60778c718ed863cccb079e3337db10fcc87cef023f8311fc8,0.567
18,100,c631864c39c639e60779c719fc0738cc1279e7337d311fcc07cee023f8313fc8,0.600
19,100,ce71864c398679e68679863bc98638cc32f9c733f9193fcc0f8ec023f0317f88,0.633
20,100,8e7186cc718679e68e798e3af90670cd06f1c633f9093fdc1f8e8023e031ff88,0.667
21,100,1c713fccf186f3c48e798e33c10671cd06f18e33f1197f9c3f8e0063c071ff08,0.700
22,100,3ce93f9ce386e3c13e791c36018ee3cd8ef10e63e119ff983f3e00670071fe00,0.733
23,100,7cc9ff9ec306e7c13c711836038ee3c9fcf31c67c319f7187c3e01e700f1f000,0.767
24,100,f8c9fb1e870ec6c178f13876079ec799fce338670219e018f83e3fe707f1c000,0.800
25,100,f9c9873e060e8cc1f8f170768f1e8f99f8e378e606198018f06effe73ff10008,0.833
26,95,c199063e0e0e9981e0e1e07e9f1e1f1971e3f0e60e390038e06effe7fff3001e,0.867
27,85,03117e3e3e7ed981c1e1e27e1e1c1e1161c7e3e61fb90038006ef187ff8303fe,0.900
28,77,0630fc7efc9c838183e2c47e3c1d3e0143c6c1c63f393f7883eec007f8031ffe,0.933
29,72,4c7ef87ef999038107e6887e78397001c7c603ce38313ff887ce0007f003fffe,0.967
30,68,c8feb0fc73110f830fc6307cf039e7030fc61b9cf8717cf80fce00070003fffe,1.000
31,64,00fe21fc7f010f031dce207ce031ce071f8e73f8f071fff80f8e030f0003fffc,1.033
32,58,01fc67b8fe03fe0719fc01f8c0739e073f0ee3f0c0f1f8e03f8e1f1f0023f0e0,1.067
33,56,33fc6611fc03fc06f3fc03f800733c0ffe0e43f081f1fdc8ff1e3e1f006380e0,1.100
34,53,fffcce319803f80ee7fc07f00063380ff80e87f107e1f988f81efe3f06e300c0,1.133
35,47,fff8cc330007600ee7f88ff10ee7300fe01c8fe10fe17008f01cfe3fdfe303c0,1.167
36,42,ff009c63000f000eeff8fff17ff7601f001c9fe11fe10008e01cf83fffe707c0,1.200
37,36,8c00186300ff411edfb0ffe1ffe7c03f003e3fc13fc10118003ce07fffc37fc0,1.233
38,32,1c0038e3e1ffc33e0e003c00fbc7c3ff82fefec17f810718007c007ff8c7ffc0,1.267
39,27,181030e3e3ffcffe3e307800608787ff07fc7801fc01ffb807fc01ff3007fe00,1.300
40,25,383071e3c7ff8ffe3c307001c1070fff0ffc7001f003ff381ffc07ff0087f000,1.333
41,23,7078e3c38fcf1f7c7830e001c3071ffe3ffcc00380031c387ff8ffffe3870000,1.367
42,20,f0f8c3c31f0f3c7c70708003860f7ffefff8800300070070fff8ffffc78f000c,1.400
43,17,e1f087833f0f7cfce0f00003000ffffcfff00307000f0070fff0ffff8f0f005c,1.433
44,13,83f00f073c1ff8f8c1e00f070c1ff9f8f3e006070e1ff1f0e1e00e071c1fe7fc,1.467
45,12,07e01e07f81fe1f803c01e077c3fe3f083c0180f383fe7f0c3e0180f3c3fe7fc,1.500
46,11,1fe03c07f03f83f007c03c0ff83f87f00780301f783f87e00780f80ff87fe6fc,1.533
47,9,3f80f80f807f03e01f80f80fe07f0fe00f00f01ff0ff1fc00f00e07fe0ffc6fc,1.567
48,8,ff00f00f80ff0fe03f00e01fc0ff0fc03e00e01fc1ff3f803c00c06fc3ffe6fc,1.600
49,7,fc00800603ff7fe8fc00001f03ffffc0f800007f07ffff00f000037f07ffeefc,1.633
50,5,fc00000007fffffff80000020ffffff3e000001e1ffff31ee00006423fffeefc,1.667
51,3,80000000ffffffff00000000ffffffff00000000fffffbfe0000e602ffffcff8,1.700
52,0,00060002ffffeefb00040017ffff1bf700002a5efdffb9dc00447306fbd78fb8,1.733
53,0,41366aa72f3d447219bc095f14670833f8142a7a31f4b9dcdef6330e41d78fb8,1.767
54,0,404264bf7b1f04104ab25d7f43ff0a1668044a92bbf45dfadaf6704e19d79da8,1.800
55,0,356741bb60bb42222b204784e7f70dbc4405469ebfe02e704e74b84e7ff799ac,1.833
56,0,e6b721ae341bc8123ba0d60ce7f719ce62f7c196ce806e5241a4884effd719ac,1.867
57,0,1f3081c6213f57536d20ca12baf789d654b70136a2a029128777af6eff5739ac,1.900
58,0,8f6618cc5dadc68f6c60ca16ab33cdf663f641d4c290b31043e42e66bf5333ac,1.933
59,0,c36558b61263860fbd60ec14af338dd0f3fa0dd6d0d2a30043746d7e1fd333e8,1.967
60,0,4da49ca73898c6b76ef2a43609b6879876de6a35d1c22b4c13f0cb0ecfc33278,2.000
61,0,d9a3eb9e4fd16446e0b00c9693b9c71296f55ab604d16b4c9664a30efdd3b238,2.033
62,0,55af3a0ccac57156aa7209d39bf15a5a5e36aefa40e4ec4ec374214cf943a2b8,2.067
63,0,c5e76cce19f32331f9b45a0b31f01e56d47b6f96c0c4af5a40348c4e5b53a1b8,2.100
64,0,95f6deae2d72a50af0f54ad2176407586e736b96dac46d52c0e4ac6a6153c2ac,2.133
65,0,95f49cc61b3a3488e2d24be3277416f7b1760f9cd6c62952d0e4a86a7953c3ac,2.167
66,0,0c70b6c69b3c7798fa5048ca8f7426e715d60b9eb4e22b42cbe4e44a7b53c3b8,2.200
67,0,2c39bac69b337311eb34c98eac641dfe85f2c73ee8e42c521394f04a59538eb8,2.233
68,0,e59426c908996799aa4ddeea1ff400ec9752163cfc4cec4a52f47d4ecbd30638,2.267
69,0,f8c44edb2256e69b6a15d7e2b8503d6636546ae6e94c8d4a12f4bd4ed9d38428,2.300
70,0,70c126c94255d3da6a335bfbacf1511c1efbf6d2656c1d4a0634e90acbd39c28,2.333
71,0,fbc5b39b5b51d0d00a12126eaef1d3395ad8a6d22364ef4a46756d0acbd3186c,2.367
72,0,6f40fbdb5951f03458329a66a2f157521a591ed2e7644b4a16756b0acbd398ec,2.400
73,0,cf42d3799913b03708562a6ee4f195f21b5992922fac4b5ed670630acfd318ec,2.433
74,0,6b46c3d90970e67627168c3281d1b5d258590eb27db6db1ada716702dbd338ec,2.467
75,0,6c676795a192ad9604dc8cea8ff185d6867926922c649bda5ae5674a8bd338ac,2.500
76,0,396505d7b911ba96826c874f0fd9c3928a595eda2d766952daed474a8bd3302c,2.533
77,0,d49185d3cb58287a2954a6fb08d9d212a25df69ae464ead2c2ed6f5aabd37128,2.567
78,0,9c9589def15d10ceb944d1b793d90dd0ab3a169aa0f76f5092287f40abb3750c,2.600
79,0,bc8dcf92a84dc0e8b804d5b625c92dd5ab769488a0faefda8268b352abf3554c,2.633
80,0,5c8f4ad57a5dc8fe9884c5a275592fa423769e88b1eaacd0556ab3521aa3555c,2.667
81,0,988b5b132a8a45d5a98cc5f562e82775a37a9c84d5eaaed0556aab425bf35554,2.700
82,0,f0aa5d558aaa45318d96afa37749a6ef77718880b9ea4fd4c12a5752c3a25554,2.733
83,1,90bb59340aaaaba355d4a5e73348a5c5fa73d1d4f55a4ed0c92a5752aba25554,2.767
84,2,559acb1553b3aa225556e567aa48a4ad5733d19cf9ca86d055735753a3a25554,2.800
85,2,34ba8b7786a2aa2104daefebaba8b4a80a7386b5fcca45d45555a75255f25554,2.833
86,3,34aa5377555757555555455357f8a8a8aaaaaaaaaa8a84d0ed53ab5155535555,2.867
87,8,355355555555555555555533aea8aaaaaaaaaaaaaaaaaaaa5555555555555555,2.900
88,13,aaaa1357a5555555555555555754b8aaeaaaaaaa5aaa2aaa5555555555555555,2.933
89,18,aaaa5aaaae93ab558555ad55555578aa4aaa54aa5aaa554a555555555555ab55,2.967
90,24,55aa5aaa551aaaa2aad5ad55aad55555556a54aa55aa555aaaaa5555a955aa95,3.000
91,29,d533542a552a5552aaaaaad5aa55aa95aaaa554a554a556abd7a5555aad5aa95,3.033
92,34,aa9517d7550a556a55542aaaaab5aa95aad55552956ad54a55558555aab5aab5,3.067
93,39,aab52ab5ad97954ad54a55555aa52aa52aa5aaad955a95529552aab5aaa74aa5,3.100
94,45,6ab54aa54aa5a955a55aa54aab5552a55aa552b5b55aa552ad5aaaabaaab52a5,3.133
95,50,ad525ac35aa552a5a95cad52a95aaaa44aad5aadaaaaa95aab5aaaa14aaf56a5,3.167
96,53,ad52a952caa756ad52adad5aa956ad525aa552ad52ada952a952ab5652a754a5,3.200
97,56,ed52a952ad5256a556ad2ab5a952a952ad6754ad56ada9522b522b5656a754a5,3.233
98,59,54ad29522b52ab52d4ad55ab2b562b566b5256ad95a9ad542b526a5656ab55a5,3.267
99,60,ad5aad4aab522b52a952b52bad5a2b522b56a95654adad556a526a5654a3d5a5,3.300
100,61,6b52b5cda9526a566b52a952a54b2a566a566b52a56ba54b6a566a5654b3952d,3.333
101,63,4ad6b5adb5296b526a562b52a52ba9526a566a56ab56ad554a564a565552b52d,3.367
102,62,52d0f5adb5a9b5a94ad64a56a529a52b4ad64ad66b56a9494a564ad652d6a52d,3.400
103,64,b5a954adb5a9b5a995ad4ad6a529a5296ad64a564a52ad494a564ad652d6a56d,3.433
104,65,a5295ad6d2b2a529b529d4a59529a529a52b5ad65ad6a9554a565ad652d6a56d,3.467
105,64,21495ad65ad6ad2da529b52dd4bca529a52952945ad629496b565ad652d6ad6d,3.500
106,66,52d66b5a5ad65ad6a529a529d694a529a529292d5ad62949a9565ad652d6ad6d,3.533
107,63,d29629694ad652d652d62d6996969597ad29ad69d6962aa5294b5ad6d296a945,3.567
108,68,a52db5292d2b529652d66b49d696d296ad29ad69d6b52a55296b5296d296a945,3.600
109,67,2969949529692d69d296d2964a5ad296ad6b2969ad6ba5692d69d296d696ab45,3.633
110,68,69699296a96b296994a5d2964b4bd69696966969ad6b94b5696952969696aa55,3.667
111,68,d2b4aa949696696969699696694bd6969696696969695ab5696bb29496962a55,3.700
112,66,b4b44ad99696929d6969ad6949495a4396969296696bad77696b4a4d96962a95,3.733
113,70,b4b4696996969694694b296969494b6b9696b696694bacb54b4b4b4bb4b62a95,3.767
114,70,6969a9294b4bb4b44b4b4b6994d14b6bb494b4b6494bb6a54b4b6b4bb4b62a95,3.800
115,69,4b4b92d94b4bb4b4b4964b49a55f4b4b8615b4b4494baea7494b6b4bb4b62a95,3.833
116,70,4b49a2b64b4b2da5b4b44b492d264b4b4b4bb4b45957aaa7694b4b4bb4b62ab5,3.867
117,72,30b552d74b4b4b4bb4b4d25ca5a64b4b4b4bb4b49496aaa6694b4b4bb4b62ab5,3.900
118,75,b4b452cbba4b4b4ba4b69694a4b659494b4bb4b4b4b6aa96494b4a4bb4b62eb5,3.933
119,74,b4b64a53b4b64b4ba4b4a4b424a6b4b44b4bb4b4a4b60b95955f4a4bb5b62eb5,3.967
