0,100,d2d9998c25266273d29cbdac89cb52d226248dbbce99726c38660f93c799f07c,0.000
1,100,d2d9998c25266273d29cbd8c89cb52d226248dbbcf99726c38660f93c799f07c,0.033
2,100,dad9998c25666253d29cb98c09cb52d67624ad3bc799f26c38660f938799f06c,0.067
3,100,da9999ac25676653d29cb9ac09c352d676242d3bc1d9d2ec38660f938799f06c,0.100
4,100,9b9999ac25676653d29cb9ac09c3564666242d3bc8d9f2ec78660f938799e0ec,0.133
5,100,939939ac2d674653d29ca9ac09c316c667240d3bdc99f2ec78660f938799e0fc,0.167
6,100,9399392c6c67c653d29ca98c19c356e66724099b9e99f0ec71660f938799e0fc,0.200
7,100,9399292c6e67c6d3d09c398c1bd3c6e6662c099b8f99f0ec61660f138f99e0ec,0.233
8,100,9399292c6e63c6d3909c398d1bd3c6e6ee2c393b9099f0ec61660f138f99e0ec,0.267
9,100,9399796c6e63c6f391bc398c17c386246f64191b9c99e0ec61661f131f99c0fc,0.300
10,100,3399696c4e6386d3b1bc398c36d3c6e4e86c19339e99e0cc61661f131f99c1ec,0.333
11,100,3399696c4c6386b3b13c798936c38624cf6c793b9499e4cce1663f131f1981fc,0.367
12,100,3319796ccce384f3b3bc711866c38e64c96c1b133c9984cce3e63f133e1981fc,0.400
13,100,3739636cccc38cb3233c73197e838c04da6d713335b985ccc3c67e133e1903fc,0.433
14,100,6739436c9cc78cf3233c7318ec838c64c07c73333db985ccc3c6fe333c1107ec,0.467
15,100,6739c36c9cc60cf323386318ec879cc4da49f3333db10dccc3c6fc337c1107ec,0.500
16,100,e639c24c18c61cf22338e319fc87bc4c8278e3337db90fcc87c6f033fc310fcc,0.533
17,100,ee31c26c38c638e74778c719ec8618cc3a79e3337d910fcc87c6f023f8311fc8,0.567
18,100,ce31864c398639e60779c73afc0778cd0279c73379b11fcc07cee023f0313fc8,0.600
19,100,8e7186cc798679e78679861bc88639cc36f9c63379093fdc1f8ec023e0317f88,0.633
20,100,8e7116cc718671e68e798e32398670cd86f18633f9197fdc1f8e8023e071ff88,0.667
21,100,1c793fccf186f3c49e790e32f10661cd06f18e33f0197f9c3f8e0063c071ff08,0.700
22,100,3ce93f9ee386f3c13e791c36018ee3c9cef11c63e019ff983e2e00e700f1fc00,0.733
23,100,7cc9ff9ec306e6c13cf13836038ec3c9fce31c67c219f7187c3e09e701f1f000,0.767
24,100,f8c9ff1e870e84c178f17876079ec7997ce338670219e018f87e3fe70ff18000,0.800
25,100,f999873e060e8cc9f8f1f0760f1e8f99f8e3706606198018f06effe73ff10018,0.833
26,100,8199363e1e1e99d1e0e0e07e1f1c1f1161c3f0e60f390038e06effc7fff3003e,0.867
27,97,02197e3e3e5e91d1e1e0c47e3e1c1e11e1c7e3e63fb90038004ef087ff8307fe,0.900
28,89,063afc7e389d038183e2847efc1d3f0143c681c63c393ff883eec007f8033ffe,0.933
29,85,ec7ef87e7119078107c6987e7839700387c683ce78313ff887ce0007a003fffe,0.967
30,78,c8feb0dc73910f830fc6f07cf039ef030f861998f8717cf80fce00070003fffe,1.000
31,74,01fc2198ff011f031dee607ce0318e071f8e73f8e071fff80f8e070f0003fffc,1.033
32,66,01fc6711fe03fe0739fc01f8c073be073f0ee3f0c0f1f8c03f9e1f1f0063f060,1.067
33,63,37fcc611fc03fc8ef3fc03f800633c0ffc0e03f003f1ffc8ff1e3e1f00638060,1.100
34,59,fffc8c311803f80ee7fc07f10063380ff80e87f107e1f188f81efe3f0fe301c0,1.133
35,52,ffb88c330007600efff89ff11ce7600fe01c8fe10fe16008f01cfc3fffe303c0,1.167
36,46,ce001863000f001efff0fff1ffff601f001c9fe11fe1001cc01cf83fffe70fc0,1.200
37,40,8c00186300ffc31edfb0ffe1ffe7c03f003c3fc13fc1011c003cc07ffcc3ffc0,1.233
38,35,1c1038e3e3ffc73e0e003c00f9c7c3ff83fefec17f010718007c007f7887ffc0,1.267
39,30,183030e3c3ffcffe7e107800608787ff07fc7801f801fffc07fc01ff2007fe00,1.300
40,27,383061e3c7ff9f7c3c20f001c1870ffe0ffce001f003fe781ffc07ff6087f000,1.333
41,25,f078e3c38fdf1e7c7020e001c30f3ffe3ff8c00380031c387ff8ffffe3870000,1.367
42,22,e0f0c7c71f0f3c7c60608003870ffffcfff8800300071070fff8ffffc78f000c,1.400
43,19,c1f08f873f1ff8f8c1e00003000ffff8fff00307000f30f0fff0ffef0f0f005c,1.433
44,15,83f00f077c1ff0f8c3e00e071c1ff1f0e3e006070e1ff1f0e3e01e071c1fe7fc,1.467
45,14,07e01e07f83fe1f003c01e0f783fe3f083c0180f383fc7f0c3c01c0f7c3fe7fc,1.500
46,13,1fc03c0fe07f83f00f807c0ff87f87f00780301f703f0fe00780f80ff07fc7fc,1.533
47,12,7f80f81f807f07e01f00f01fe0ff0fe00f00e01ff0ff1fc00f00c07fc0ffc6fc,1.567
48,10,ff00f01f01ff1fc03e00e01fc0ff0fc03e00e03fc1ff3f003800c07fc3ffe6fc,1.600
49,9,fc00000f03ff7fc0fc00003f03ffff80f80000ff07ffff00f00002ff07ffeefc,1.633
50,6,f80000000ffffffff00000030ffffff2e000009e3ffff31ac00006427fffeefc,1.667
51,5,00000000ffffffff00000000fffffff700000018fffff3de0000e602fffffff8,1.700
52,1,140e6003bb9f6cb1000d9057b7a509f610962a7efdfe39dc1ae67b06e1979eb8,1.733
53,1,e1366ab72b3d4ca239bd095f04670822f9052e7a79f0bddcda56320641d78fb8,1.767
54,0,00036cbe377f45404ab2eddf05ef0a1668044cd2b9f41ddadae6f04e39d79da8,1.800
55,0,15774dba20fb56202b244680e7f70d1c4004569ebfe02e704ce4f84efff7bda8,1.833
56,0,8637a1ae05fbc8032ba0c608fff599ce62f741b6ccc06e1243a4984effd719ac,1.867
57,1,9230a0c6353f47d36d208a1639f789565ab7833ea0802d128777be6eff5739a8,1.900
58,1,87647acc5dadc68f68608a06ab316ff6e3f24bf4ca90831007e4be663e5333ac,1.933
59,1,93647a961a7bd68fa960ec16a733afe4c3f649d4d2c2a7000374497e1f5332e8,1.967
60,1,45a434b77888c7b72ef2ac3601928790765eea5541c22bcc53f1cf0eefc37278,2.000
61,0,d9e2e29e0ad374c78ab20c9693b1c73296c7dab444d16b4cd664e30ef953a638,2.033
62,0,15af3814cac1f9568a7209f39ba11f5a5ef72efa40f4ec4ec364214ef943a238,2.067
63,0,45e5fccc0b73ab3579b45a0b35b11614dc7b6f96c0c4eb4a55348c4a5b53a1b8,2.100
64,1,95b6d8ee2b52a548d4f54a423760af596f736b96d6c46d42d4e4a86a7113c2ac,2.133
65,0,dcbc9dcf1b201418d2d34aa32774b6779557869cd6c22952d5e4a86a5953cbac,2.167
66,0,4c70f6c21b3c3518ba71c9ce0765a7ff15560a9ef4c22b4289e4bc6a5b53cab8,2.200
67,0,6e39bbce9b226310c934cd8e2d4431fe8f72c73eeae02c4297d4f84a58538eb8,2.233
68,0,ad963eca089b57988a4cdfea3e2409ee97527634fc4cec4256f4394e5b530638,2.267
69,1,59c20ada027ef71b4a05d7eab9f03de4765c4a86e86c8d4a16f4b54ed953d428,2.300
70,0,72c1aec84151f3d80aa613fbacf0697c0ed3e6f2256caf4a27f46b0ac9d39c28,2.333
71,0,f28738db5751f0510a93324faef043396e59c6f26764ee4a76746d0a89d3186c,2.367
72,1,6f25f9db5d13f03458529a67a2e053930e799692676c5a4a1675630acbd398ec,2.400
73,1,cf44d1499913b0373c562aeec6e075da1a5990924fa85b5ed671610acfd3b8ec,2.433
74,1,4b46c1891970e67667968cf221dbb55a58590eb2e9b8db1a9a716742cbd370ec,2.467
75,0,2564259981b22db60cdc0de28ff189f68e79669239e49bdad3e567528fd3302c,2.500
76,0,71e54de0a911ba7e860ce6e60fd983868e5154ea2977ebd2caed4542abd3702c,2.533
77,1,c51185d3c25c387e0954a6eb58d9ca16a25df69aed64cad2c16d6f5a8bb37128,2.567
78,0,8d8dcbfbf01d114ebc44d1f332c92dd1ab3a1698a0f76f5452287740abb3750c,2.600
79,0,8d8ecffa804de168a82ed5a6f5c92d15ab769488a0fbeed213683352aaa3555c,2.633
80,0,5c8f0ad7924969ce981487a277592fa623769e8cb1faacd1516ab3523aa3555c,2.667
81,1,988b4b11aa8ac545a9a8c57562ea3755ab6adc84f5eaaed0556abb4257b35554,2.700
82,2,f48a5955aaaa4555aaaaa5e37748a7af75718888f9ca4dd4c92a5752e3a25554,2.733
83,2,94d959748aaa293151d0a7f77648a9a77a739155f54a8ef0456a5753aba25554,2.767
84,3,94d35b758ab2ab205554afe32a48acad5f738199f9ca86905573f75383a25554,2.800
85,4,bcb349768ea20a21459aebf322aab4ac575386b5fcca45545555af5255725555,2.833
86,6,55d755555555555555554373beaaaaaaaaaaaaaaaaaa8aa0a953a35155535555,2.867
87,11,555555555555555555554aaaaeaaaaaaaaaaaaaaaaaaaaaa5555555555555555,2.900
88,17,aaaa5555d555555555555555aaaa54aaaaaaaaaa6aaa2aaa555555555555b555,2.933
89,23,aaaa53eaaaa255558555ad555555baaa56aa54aa5aaa5550d5555555d555aa55,2.967
90,29,56aa57aa5552aaaaa555a955aa955555556a55aa556a554aaaaa5555ab55aa95,3.000
91,33,abb2542a5552556aaaa8a955aa95aab5076a555a554a556ad5575555aad5aab5,3.033
92,40,2ab53ea6550a5552554aaaaaaa95aad5aad5555a956ad54a5555ab55aaa52ab5,3.067
93,45,6ab52aa5ae83d56ad55255522aa9aaa5aaa5a355955a9552b552aab5aaa74ab5,3.100
94,51,6ab56aa54aa5a956b54aa552555552a55aa54aa5ad5aad5aa95aaaab2aaf52a5,3.133
95,58,ad525aa94aa55aadaa54ad5aab4aaaa552ad52ad3aaaa952ab52aab55aa754a5,3.167
96,61,ad52a952d6a356ad55a9a956a9566d524aa552ad56ada952ab52ab5552a754a5,3.200
97,63,e152a95aa95252a556ad2b52a95aab56956556ad54ada9562b522b5656af55a5,3.233
98,66,54a929562b52ab52d4ad54ad6a5469524b52b5add5adad546b526a5654abd5a5,3.267
99,69,a56bad5a2b522b52a952b52ba55a2a562a565b5655adad566a566a5654a395a5,3.300
100,68,6a56a54e2a526b526b52ad52a54d6a566b526b52a56ba5654a564a5655f3b52d,3.333
101,71,6ad6b52fa5296b566a562b52ad6ba9524a566a564b5629554a564a5655d2b52d,3.367
102,70,52d0b52db5a9b5ad4ad64a56ad69ad214ad64a566b52ad694a564ad652d6a52d,3.400
103,73,b5a956b4b529b529952d5a96a529a5296a565a564ad6a9545ad64ad652d6a56d,3.433
104,72,a5295ad68529a529a529d6b59469a529a56b5ad65ad629594a565ad652d6ad6d,3.467
105,73,29695a565ad6a529a529b5ad94bda529a5295a945ad629496a565ad652d6ad6d,3.500
106,72,52522b4252d65ad6a569ad29d694ad29ad29ad4d52d66825da565ad652d6ad6d,3.533
107,72,d296294b52d652d65ad62d699496b5852d69ad69d6942af5694b5296d296a94d,3.567
108,78,b5a594a5296b529652966b49d696d296ad692d6952b52b592d6bd296d296a945,3.600
109,73,296984a329692d29d696d29648dad6962d6b2969ad6bb5ad69695296d696ab45,3.633
110,78,6969ac97a96b296996b6d296494bd696969629692d6952b5694bd2949696aa55,3.667
111,75,f0e4929696966969696bb696494b96969696696b6969a957296bd29496962a55,3.700
112,76,b4b4c2b596968a4d696badac5949da639696aa96694bad2d494b4a4bb4b62a95,3.733
113,79,b4b46b4996969694494b29694b494b6bb494b6b6694bb6a54b496b6bb4b62a95,3.767
114,77,25294b494b4fb4b44b4b4b4920c94b6bb4b6b4b4494bbea74b4b6b6bb4b62a95,3.800
115,77,59494b494b4bb4b4b4b64b49290b4b4ba6b6b4b45b4baaa7694b4b4bb4b62ab5,3.833
116,80,5b4b222b4b4ba594b4b64b492da64b4b4b4bb4b45a5baaa7694b4a4bb4b62ab5,3.867
117,84,52b9524b4b4b4b4bb4b4d259a4a64b4b4b4bb4b4b4b6aba7494b4a4bb4b62ab5,3.900
118,85,b4b4534bbacb4b4ba4b4a4b4a4b61b514b4bb4b4a4b62b95d14b4a4bb5b62ab5,3.933
119,85,b4b644b3b4b45b4ba4b4a4b42a66b4b44b4ba4b4a4b65595d2eb4a4bb5b62ab5,3.967
