0,0,d3d8981ba52c59e79fb49295bed80905034f1dbe57b292c8ea4fb525f52c420e,0
1,1,d2d8985ba72c59e79fb49295be58090503691dbe57b292c8ee4f9525f52c510e,0.034
2,2,d2d899daa72c5de7bebc9295ae580905016999aa57969ac0ee4bd50df52c590e,0.0681
3,3,d658d9da843e59e79ebc9295aad009050169d9aa57a69a40ee5bd7ccf52c590e,0.102
4,4,d652d9da847e59e79ebeb295aad009050969d9aa57a69a40e65bd7ccf504580e,0.136
5,5,d6d2d8da847a59e7debeb295bad01905090999ea77a69a00e61bd74dfd04580e,0.17
6,6,d6d2d8da842e59e7deba9295bad01b0509091dea77a69a00ea1bf74dfd24580e,0.204
7,7,c6d2d8da842e59efdfba9295bad01a05090919ee57b69a10ea1b376ffd24500e,0.238
8,8,c6d298da842e59efdfba9295bad01a15090919ee57b69a90aa1b376ffd24500e,0.272
9,9,c6d2d8da842e59efdeba9295bad01b0509091dea57a69a10ea1bf74ffd24500e,0.306
10,10,d6d2d8da842e51e7debab295bad0190549091dea77a69a00ea1bd74dfd245a0e,0.34
11,11,d6d2d8da846e59e7debab295bad0190509095dea77a69a00ea1bd74dfd04580e,0.374
12,12,d652d8da843e59e7debeb295aad0190509095dea77a69a40e61bd7ccfd04580e,0.409
13,13,d65a99da843e59e79ebeb295aad01905092959aa57a69a40ee5bd7ccf504590e,0.443
14,14,d25a99da843e59e79ebeb295aad01905092959aa57869a40ee5bd7ccf52c590e,0.477
15,15,d25a995a843e5de79ebc9295ae501905096959aa57969a40ee5bd7ccf52c590e,0.511
16,16,d25a995a843e5de79ebc9295ae5809050969d9aa57969ac0e65bd78cf52c590e,0.545
17,17,d258995a842e5de7debc92d5ae5889050169c9aa77969ac0e64bdfacf52c490e,0.579
18,18,525899da862c5de7debc82d5ae58890501698dba57b69ac0e64bdfadf52c4906,0.613
19,19,5358995b862c5de7dfbd9255ae58890501298dba57b69ac0a64fdf25f52c4906,0.647
20,20,53d8985b872c5de7dfb49a55be58890501698cba57b29ac8a64fdd25f52c4906,0.681
21,21,53d8985b012c5de7dfb49a55be588905012b8cba57b69ac8b64fdd27f52c4906,0.715
22,22,53d8983b012c5de7dfb49a55be588905012b8cba57b69ac8b64fdd27f52c4906,0.749
23,23,53d8983b012c5de7dfb49a55be588905012b8cba57b69ac8b64fdd27f52c4906,0.783
24,24,53d8885b052c5de7dfb49a55be588905012b8cba57b69ac8b64fdd27f52c4906,0.817
25,25,53d8895b052c5de7dfb49a55be588905012b8cba57b69ac0b64fdd27f52c4906,0.851
26,26,53d8995b052c4de7dfb49a55be588905012b8cba57b69ac0b64fdd25f52c490e,0.885
27,27,d35a897a042c5de7dfb49a55ae588905016b8cba57b69ac0b64fdd25f52c490e,0.919
28,28,d35a997a062c5de7dfb48a55ae588905016b8cba57b69ac0b64f9d25f52c490e,0.953
29,29,d358997a042c5de7dfb49a55ae588905016b8cba57b69ac0b64fdd25f52c490e,0.987
30,30,db58997a042c5de7dfb49a55be580905016b8cba57b69ac0b64f9d27f52c480e,1.02
31,31,db58897b042c5de7dfb49a55ae588905016b8cba57b69ac0b64f9d27f52c480e,1.06
32,32,db58897a042c5de7dfb49a55ae588905016b8cba57b69ac0b64fdd25f52c490e,1.09
33,33,d358897e042c7de7dfb49a55ae580905016b8cba57b69ac0b64fdd25f52c490e,1.12
34,34,d35a99de042c7de7dfb49a55ae580905012b8cba57b69ac0b64fdd25f52c480e,1.16
35,35,d35a997e042c7de7dfb49a55ae580905016b8cba57b69ac0b64f9d25f52c480e,1.19
36,36,d35a997e042c7de7dfb49a55ae580905016b8cba57b69ac0b64f9d25f52c480e,1.23
37,37,d358997e042c7de7dfb49a55ae580905016b8cba57b69ac0b64fdd25f52c480e,1.26
38,38,db58997e042c7da7dfb49a55ae580905012b8caa57b69ac0b74fdf25772c480e,1.29
39,39,db58987e042c7da7df949b55ae580905012f8caa57b6cac0b74fdf25772c480e,1.33
40,40,db58987e042c6da7df949b55ae480905012f8caa77b6cac0b74fdf25772c680e,1.36
41,41,fb58985e003ceda7df941b55af488905012f8caa77b6cac0374fdf25372c680e,1.4
42,42,fb58984e003cada7cf941b55ef488d05212f8caa77b6cac0374fdfa537a46806,1.43
43,43,7b5acc0e003cada7c7945b55ef48cd05a12f8caa77b6cb40374f5fa537a42806,1.46
44,44,7b5a4c4e003cada6cf905b55ef48dd05a12d8aba7fb6cb60374f1ba537a42806,1.5
45,45,7b5a4c4e4434ada7c7905955ff48dd05a52d0aba7fd6cbe0574f1ba507a42806,1.53
46,46,6b5a4c4e4436ada707984955ff48d505e52dcabaefd6cbe0154f1ba707a42906,1.57
47,47,6b5a6d4e44b6ada727dc4955f748d505652dcaaaebd6cbe0554b0aa707a42906,1.6
48,48,2b5a2d6e4637ace726dc59557748d505252d80aaabf6cbe8154b0bef07a419c6,1.63
49,49,235e2d4e463734e7a6ba59557748558565add2aaabf6c96815498be787a410c6,1.67
50,50,a75e2d4e423fb0e7a6ba79556748558574a5d0aaabf2c9e8154d8aa7c7a490c2,1.7
51,51,a75ebd4e423fb0e7a69a71556748558574a590aabbf2c9e83545caa7c6a49442,1.74
52,52,a55fbd0fd62f90f7a69231557f68148074a596eab3f288e02545cae7e6a4d442,1.77
53,53,a55fbd4fd63f10b7a69231557f68148050a514eab3f280e82565c9e7eef4d442,1.8
54,54,a55fbd4bd61752b78692b9456f68148450a516faaaf28068256dc9e7eef45642,1.84
55,55,ad5ffd4bd63752b78492bb450d68908458251aba7af28168256d28f7eef452c2,1.87
56,56,6df7f50fdeaf52a58cfa53414d60820548059aba4af28d682d2d2af7eef45242,1.91
57,57,2ff7b50f4fab7a1588fa3351cd60a201ca858afe4afa86682c2f2af72af41342,1.94
58,58,2ff7b50f052b7a9508fa21f5dd68e6804a858a7faafa9478142f22f72af42342,1.97
59,59,14b7b54f0d2b7ab5083a64f9dd68e580caa56a7feafad518952f80b5aaf00342,2.01
60,60,04b7874955ab62a5383a64795d78e5a1a0257e5feafad419852fd0b7acf0a342,2.04
61,61,0ad784c9d5a342a13a58a63975f8e529f2052e5fabda5419550fd697ecf0e702,2.08
62,62,42d78489f1e362a13a5086b97df0552bb2852cdf2b5a4c19550f76b778f4ef02,2.11
63,63,40d7e8c9f9eb62a12a508db97bf4170bb2850ddf2b5a0f09440c5e937af0ef8a,2.14
64,64,a017cec1f9e35ca92a588d79d3fc150ba284995fabda9989650c0e933af06faa,2.18
65,65,8023dec13de35d292a5c8959f1fc150bc2849ddfa35ab989e60c0a9bbaf0adba,2.21
66,66,d023d7d0bfeb9c28621c8d58f5ec5903c6849d5fed5af989c40c8a9bb2f08c9a,2.25
67,67,f423fbd02feb9e28621daf58f5ec5a1346a43cdfc54a7189c40c0a1bb2d4c8ba,2.28
68,68,b4235fd86ffb9328e29fbf5875ed3a032aa438d6054a71a9844c4a5bea54583a,2.31
69,69,be235fd80bfb9328e29f135835ed1a03aaa430760d4a31a98e4e725beb5c783a,2.35
70,70,8f2343d8087bb1a8ea8f1358d5edd201aea4b0768d4af7a08f0e575baf5c782a,2.38
71,71,85e241d8284bb988ea8f1058d5edf711eaa4f2768d4af7a18e8ec17b2d5c8f2a,2.42
72,72,a06240d82843bf886a8f02dcddef77916aa4e0765d7af7a10aafe17b2d5c852a,2.45
73,73,a07ad0df3c42bf8e08cf025c9d6f3f912aa420565d7ae7a108a7e13b3d5ca5aa,2.49
74,74,a07ad01f1c42b78e80cf025c956f3f912bf4a0561d7ae7a118a7e533355cafaa,2.52
75,75,e07ae01b5c42a7ae80cf8254856f17b1b3fca0165552efa1b8a7c533f55c9aaa,2.55
76,76,e07ae01a5c42c7ae804fc070d56fd7b1b1fc80165552efa1baa74473f55c1aea,2.59
77,77,a05ae01a5e42452ec04f5270ed6f5fb1bbdc8816755aefa1baa74473741c1aea,2.62
78,78,e840ac0a5e40452ee04f7a74ef6b55b1039ccc1e755a0fa1bab717737c1c1eea,2.66
79,79,e840bf0a5fc0652e30277e342f6b55b1429ccc1e575a0fa9aab71773c51c1ee2,2.69
80,80,fa40bf081fc0656e38a77e342f2b15b1429e8d1e575a0fe9a2b70753c51c3ae2,2.72
81,81,fac0af0a1be2a17e38a33e342fab81b1429ea91e77da0be9a2b78353c51cb262,2.76
82,82,dee02f2a93e2813f38a31e350bab81b1e29ea11e57da2be9a2b79153c51cf162,2.79
83,83,dee00f7a80e7893fb0ab8e35038ba0b1f09ea80a55db3ae9e0b7d353551cf066,2.83
84,84,4af42b7fc0e7c83fb8838e35418bb091fe8e380a55db3ae9e8175b535d0c7062,2.86
85,85,4afd233fd0a74e3f1c828e35418bf0d17e0e3b4a17db1ae9a8175f431d0c7462,2.89
86,86,6abda31fd4a76e172682c3f5618938d05e4e2b6ad7fb8a69a81747430d0ce2e2,2.93
87,87,3abda917d4a32f152380e3d561c93ef05f46ab6ac5fb8869e807c34305ace2f2,2.96
88,88,0abda91354832f15a1c0a3fd29481ef45f46a36bd5fb6869ec0767431da8e2f2,3
89,89,0abfa94154c30a14a1c8f27d29481ef44f4661ebf5bb78297c0757d33da8e2f2,3.03
90,90,48bda94154e26a14e1caf07ded409ef4c54661ebf4b93a293c0757d13dace2d2,3.06
91,91,68b9a94154e26a14f1ca7e7d5d409e7cc54671abb4b91a29bc05d7d11cace6d2,3.1
92,92,7c89bd4154fa3a5cb9fa5e3d0540967cd10630ab9cb91e09af05d7d19aaca6d2,3.13
93,93,3c09bf4056fa0a1cb97e5e3d0700d6bcd10638ab8e990a89af15d7d19aece6d6,3.17
94,94,1e018341d7faca1da97e563c4300d2bdc10638ab8e99ca89eb55d7d1f8ece4d6,3.2
95,95,4e008369d57fca0fa94f56246380f0bf490678abce9942c1e9f555d1786ce5de,3.23
96,96,4e00e3ff557f6a0da94f54046b80f0b719077cabce8963c1697575f0386ca4d6,3.27
97,97,6fa1a3ff592f6a0dad4f54042bc2b4b718873ceb8e8973c5297515f8386c8486,3.3
98,98,6fe923ff5d072a8dad425684bbd2b4b70a87bcfb8e8923c4b97415781a2c8486,3.34
99,99,2ffda1ff1c03a685ad42d6a4fbf284b70a07e4fb828df344b97494788a2cc486,3.37
100,100,2dfda16f9c038685adc3d4a47bf284770e17e5fb828df34499748570da2cc506,3.4
101,101,89fd202f9c03c685abc2d4a452f30c775617e57b762df35451749d70d62c6b06,3.44
102,102,8975202bb803cf85f2e2f57452f30873f6174352763dfb5475749d10e62c6b06,3.47
103,103,d9656423bc03dfe572e3bd7c52b3087ba606435274293b445d7c1f10e62c7b86,3.51
104,104,d9656423ff835fe542eb387d52b30a53ae0653d039299bc40d3e9f108eac3b86,3.54
105,105,59504ca337a30ffd42fb387c02331a53ad06d3d029299384c97ed7958eee9ba6,3.57
106,106,d9504cab36b38bfd40abb8388d11da13ad02f7d25929848449fee797cacef0a6,3.61
107,107,ed3a6ceba2bb98756021b8158d9177d3ad0255fa182da68479de36972acee026,3.64
108,108,ec2a04b1b2b3d9556c05bf9d07d573c389ea55fa182da684d3d6b6171a4ec826,3.68
109,109,e68826cbf2b3eb546f05b7dc81e570c3ba6ad4fa4a2dee0453d609031b56e826,3.71
110,110,568cb2cedabba9502575b2dcd06578439e7f453e3a0da70551d68d03b5c2e926,3.74
111,111,118c8bc658318958a56df0ec98647e318f7f4517f20da7a5d1f6cc0bf5c2592e,3.78
112,112,9504c7cc68614558e5efd43c1a6c6f31a73fc18772899ba550f60e2b67c258ee,3.81
113,113,5c85f7f67872250820af942c5a240735b3bff18770831be5c0f63e2bafe0b06e,3.85
114,114,4aa107f40032a719f687da2f4a84ebb5b0af58855cd30fe5c076761bef24f06e,3.88
115,115,c297672450129f09d7c75e296c946995b4dd5c452ed326f5a136721b1ba4e1ee,3.91
116,116,d293294d58960fcb43c79a2ba6c4f555b422c24586537555d1167d9b1ba6e4ee,3.95
117,117,52d7906dd4d6a5fb60c3db21a2c155563fa24b61ab72390a18162ccb0be7e4fe,3.98
118,118,43177b494e32965b20c15f31a9ed525ebeba65a1a5f35d88d606a6cb5067c076,4.02
119,119,11b7a5096f3ed67be0c9d731e1ad4256829274bdb7f14e887246264b70374936,4.05
120,120,48b594892dbdd75b2a895f31a0ad795e8e5a58bc86f10c80c3e69f097837e596,4.09
121,121,6a8d92c0afbdd5532bc9df11b48df52caf4a683ac2712cc061e40f895a3766d6,4.12
122,122,7f6d92555bbdf1536bc8ca51188d5124854a791e967d3c30e5e48da988331af6,4.15
123,123,d92802c55b1db56569c88f752a8dd7a42d0e513a9e7d7030e5e48d29cc37d8f6,4.19
124,124,91282fe7da1934e54128ad456aad97e4698ec32e9e3c7032e5e4e5294c3fd876,4.22
125,125,973a2d47dabb38e555283d5552b5b6c569868f8e9a0c123397a4e6294c3f7074,4.26
126,126,97304d079a3a688597a83d48d3f1b6c5e1868f8e9a0c5af393a466293c3f377c,4.29
127,127,d6b0cd5f355a68d597a8684a937bbcc561c4cf8e680d5af313c4a689121f1f2c,4.32
128,128,e6a8d78f255a42d53ea8495b9f7b78c167e4edc6681d48f303c4ea81021f9d2c,4.36
129,129,e8e8368f654a93d53420417fbe6a70e5b6e4f5466c0958d3e3c4e881c69f996c,4.39
130,130,4be936ade96a939d7420873f9c6a5a7512e6b706ac291073ffc460817c9761cc,4.43
131,131,0bd536ad496b9b5f70a1479fad29487d5af717068c2914729d6432c1bc9762e4,4.46
132,132,8bd3b63545eb9f5e3085179da529ad3d08f77316ee2946324d6443419e17a3a4,4.49
133,133,4bdfb21525ef8f0a88455b9d5689d41f08f713d73b99723b3d74e140155343a4,4.53
134,134,0debd816b2f7572a7465ad4d2bc1021fec73414208c9ca9b1dbc56e95dd2e3a4,4.56
135,135,27ab5c1289f78bb012a3d466a9e11b0d342357623449a21f8fbcde69b9dae3cc,4.6
136,136,b385560a65dfad502ab75636e5e04f8c6fa1cf225ce9900f419e46293d7a694e,4.63
137,137,8bc5ba2b72eb75588b13123ef0f0139ca1d1aab24da51e0ff1d6a22d157ba44e,4.66
138,138,cd85ad75faaf54c8891b5a3ac8e0185cf1d122724ba51c0ff9d6aa2d9d37482e,4.7
139,139,c580a575ba2d74e8c58b643aed607c48f559707287013c4ffdd62a2db53349ae,4.73
140,140,468ae577ba7552e8838f7638a7207e6cdc59707a820114eb95564aad973339c7,4.77
141,141,6688e5f3bb75dae08a8d72b88f24ce6cdf0971788200d0eb51564aa9dc33d9c7,4.8
142,142,3288a59b3974c9e0088d79b88735cfacff0969782a00e8eb35566ab96c33b9cf,4.83
143,143,32c895bafd74dd4028cd6198a7b587ac7d0d69b82801a0eb35562eb96c33379f,4.87
144,144,92c91dbbd6705d4448cf4190a7b58fa4f4ad6f982009b5abb57636b98433371d,4.9
145,145,8acd589bcef0cc4448ce61d023f59fa4f4ed3b90a80ddcab917616398ab3761d,4.94
146,146,0acdf91bcfb06d666cee3058b3f71ae47ced3f900805dca11276621983b36e19,4.97
147,147,05cdad1f7fb0a5663e6eb04891f7dae65cec2f8082154ea113764219a38bef19,5
148,148,15cdbd1d77b0b7261e6e902ad5f3d8667cfcaf80a215cea142745119338bac19,5.04
149,149,34cd9d9d5fb05326de2ed02a4d7348666ffca700e2557ca16a741919f58b8c19,5.07
150,150,36cdafd957b06737be24523a4f1368766ffca7008295f4230a743119d78fa029,5.11
151,151,b48d8bd8d7b06736ba2446baeb1368f67fe4a540b295e1637e340119f58f00e9,5.14
152,152,358d9bd8c7b37f163824efbaea1368f675642740b495d1437c340199d50f48e9,5.17
153,153,d58cdb908f33fc177024be3aa63378d625603452b5bd9043f87c6b93050f4ee9,5.21
154,154,d1c8cb91af23e01676a4ad3aa77379d429601456b3b99047d8fc6e93250f6ea9,5.24
155,155,59c86b91ad33241636a4973b85f271d40920d5565ba158476bfdae9ba14eeea9,5.28
156,156,61c82f9385135556528ccf3bc17270f4082855564ba96c466bedbf8bb34dfea1,5.31
157,157,11c9c793b11b4d94729d4bbbe0f600942828c5d64a292c767ff9bd8b93cd5ba1,5.34
158,158,63cb8017a71bf99457dd4b3bece239941c08a3960a0129f6dee1e11f9fcd5921,5.38
159,159,61cb9417b41b7bdc70dd0a7be0c2bc14980ae79601012cf6f7c1d5dfd78d4929,5.41
160,160,50cb5403d59b185c0f9d2a7ba58a7e545f0af7d670012ef6f6a150df6e84a929,5.45
161,161,f8412a83c78b094885cdfb39d7ca1fd44ace7bd670098f7eb661485f6a849529,5.48
162,162,dd61af41a3a1784cf40d7b3951eacbf4806eadfe1c01cf7e0521b94beec45109,5.51
163,163,cff04329d1b1fe6c06ac081d69eaea14f06fdc7b9681673e55a1950bafe44909,5.55
164,164,e7f062a8fdb94e4e87a48a15adea2a14506f1e639aa96b9e79a1956ba7e40149,5.58
165,165,e7f0310abfb84e4f87044015adea2a14557f1ef39289aafe58a1976fe6e41149,5.62
166,166,a3f0338ab9b94f4fc304d0b5adeb2215176f0e4383c1aa9e59a1127ecee4f549,5.65
167,167,e3d0b51a39a7ce0f450410b53fcbaa1515771c23a361ea9e28a15efecee4e549,5.69
168,168,c3d4b01e7ba3ce07466474b5b8cb2c3517579983a241eabea8215efcd6e4e449,5.72
169,169,8794f01eb3ab8a0f466667b5b0db4c3555579343ec41aabe28215ef0fee42c49,5.75
170,170,47a4709ef3ab9a0f4f44e735e0930e355d55b543c849aabe2829b6f03c6478d9,5.79
171,171,dfcc619eeb4b38af0ec4e725c0931ce7145505438a492ab64a4baeb0be6c76d9,5.82
172,172,db48c5bef0464b2f9e84c76422975aeb1c15454390d949b4da5bbeb03c6c7671,5.86
173,173,dcc8c93cf086094b7ea58b6463b758cb1635cd4321d9493c621bafb03e6c7771,5.89
174,174,0cc9d9fce5963a4b7da3aac4e3373a9356258f470551083ce21bae343c6cb731,5.92
175,175,6999deed61167ecb5da3a6c4eb3762935ea587070551413cc25b0e30becc2731,5.96
176,176,7a31fec9c5276cc65f63bec486772b9376a19a254551e12cc49b1e30b0ac8f31,5.99
177,177,7b617ed925676c863f6397a48676e3337e9192254551f1a8441b5e30bc8c8b33,6.03
178,178,bfe16dd9966725861e63c3a4c47631137c919a25555071ac2e9b5f305f8ce932,6.06
179,179,93f169dd8267c1128a63e9247c3619130ec1cb256dd038ec8e9bcf709edcadb6,6.09
180,180,30392c1d322759120c7b39b53e968103a6c1e37527d01eecc7df6170f6fc1ccf,6.13
181,181,963b8f0d97a74bb2847b13bd46d6c14970c8717485d0ca6c658f31701afeca67,6.16
182,182,133ac38d10e1f890e45b928d2c56fb492c789b3c4590ea2e6c8f9d32cd3e7767,6.2
183,183,9348e9cd8c609f1c664adb8d6c56f32947fcd3be65d2b3260087c692629633e3,6.23
184,184,5b4a65e54672db9c75ca9badacf691a908bcaa074cd2956645033e5ab9163663,6.26
185,185,f96abca5f7d6198f2463062566167308e8843747d5d2332261913f78d9be354b,6.3
186,186,8752d7aa62d6c842e022533549d23f48cce46777c9fa083a90b166f8cbbf66cb,6.33
187,187,e152f9282ed28f48c5b2c3bdccd2364ad8a6331311b86e0bdbb9fa6c212f6c87,6.37
188,188,7c5a47a842bef34958aaba09fc44b76ac9a7e890b1c8a6cf31e9cc2c1227dec3,6.4
189,189,9e2a83c8f0a6ab4105aee6ddc176122b90a7fe50fb68da2f2175ac1ee3079993,6.43
190,190,9c3e4b4938268e01812ef28f99545c03cea3efd4037dc9a7a091b59ecec3f5d3,6.47
191,191,1010dfab3976c793416e5c820f54e511f2fa1054116ef8a7fed0535e4ec3b379,6.5
192,192,19508bf928fa9d9369feac02837e75115aea8854450e2fa727d0217ed9eb313d,6.54
193,193,c2fce51d466f1e9353de2902c7fe7901bea8ab04f58e12a719d0d97efca02680,6.57
194,194,9a6d3130e5611a598fce382707da70d18e9fd2873d9a9ab3a952e74a30a39676,6.6
195,195,8c4d539164bfe3b90d1cf1e0de1af2caac5bf2d169149624654514add2a9ae57,6.64
196,196,4d0d535af4b0aeb4495314cff7bb2c68897056c7ab96862b5558a5921aadad59,6.67
197,197,4052043a9df2bded63c942499696b43ee9667f692ed101b29576aacd5d18a957,6.71
198,198,152f29178a1b4eadd5473d576b9cc2a19ca95542fb55aa8151aa55722297eaad,6.74
199,199,1f6aff6b01abb2ad65b7be0070458dcabf2868ad0983777708811103eeff111b,6.77
200,200,846e01fa0fef1ffe9fc39e00c0029078ffeb3ffe70030012e003c00efffc1f9c,6.81
201,201,e0ff000723ff07e26c733d00f10c43780f4f1e4b7e9074935d86f9bd03ab07ce,6.84
202,202,c807d07fb3f7f7f01ef05c80309e65a0c96f0353c60906533e0798eea731f0ee,6.88
203,203,7c0f40fbf9f321f0efe09e0038eef4a5616ffb83c12823530c2601564eb17f66,6.91
204,204,3c2bfcfa583025f0e7408e453ade04851df73883d1a8ff53fcb6c75e20b10f06,6.94
205,205,3e1deeb8d838f3b8e700cd4deb4cc40307550c9111a86e5b79a3f75af0b3f106,6.98
206,206,177f8f3c185a39f813807daffb4df22bf744ec9181a8045908ab1c5ab9f17c42,7.01
207,207,d32fe70ccc7de8dc02940daf0d4c19a5776a7895f3e8e6d9cb23d60a8b514c0a,7.05
208,208,199333847c2efd7ce254c4ebc42480eb17a408521bac3659fbabfd9e3b69a492,7.08
209,209,c8c383840eae3d2e6b5c76f7764de0b7d668e8568e9c01750aa349ec9d99d868,7.11
210,210,74e1e3c0c696c5ae814e1be21e063a973b286c56eb0ce055eb27e2fc6fa96a0b,7.15
211,211,3ee93342725772a660eecfa2cf0ac9978ba80fd23f0c55553807b2dcb7a9a209,7.18
212,212,ccb19928895f3a46306f3bf3f62ae1d3e0a8a5d2a50e45500c075aded7adf2c9,7.22
213,213,6a9562a1c57acf06887f8bf3172b34d33039d7daf02ed5e02c038a5e7f251869,7.25
214,214,9d5c3a9535ed7780642fe1d1c3abcddb8a1d4bdb582e53a82513a356f125c029,7.29
215,215,cd688a5588ed9f84102f7cd150b97cdba01de74ba86e2aa8b51313d639a57ea9,7.32
216,216,65686055ebedcf869a6fecd30abd7e49325d574b246c96e8c01315de09a50a69,7.35
217,217,11a8303627ed6f06466fee538efd2b4b336d576f306cdaa84013c45ac1a5ea39,7.39
218,218,8aa81037b3e42116262fe11387fd894b9bedd52f98fcaab86a13645ae5a4f919,7.42
219,219,a880903791e42116b2af715257fddd0b09eddda78cbc8ab83f53175ab4a41f19,7.46
220,220,ec045836d8e08997baab295a56ed750e25fde6b7a43c83d89919935a86a44bb9,7.49
221,221,7686201e6ec02493dec9895bbaedbe2696f57297341671d8e989404b7a84aef9,7.52
222,222,d280911eb640905b6f49640b4f7d0b26da761bd7df1638cc2c89282b3ff49ef9,7.56
223,223,6bc1411a5760d94ba341b60b0ff5a1a26d560dd34756bfec8689002baff4cb7d,7.59
224,224,b7e12c8a81206debd5e15a8f41b794921516944371c63ffcea81288175f67d7d,7.63
225,225,57e1f64ad0a024abb4e5aa87bcd74ad24b9758638866cd7c7d41fe81847a143d,7.66
226,226,2b612a4a7aa0d22b5eb5efc7df5f2353a1932e23a42765bc05f467c1e01ae00f,7.69
227,227,e5b1a76ea990ab0f2ab501c7577a7148d1839e21f203721ed1f493f1ba1adc0f,7.73
228,228,73b1d56c4480e10dac35b047feaa29695d8beba17f837a1ecc7041f18f0a5d0f,7.76
229,229,aa91fbec7e83750d5c11b0575f3aace90ccb23a195cb3f1ee4702071a50a6787,7.8
230,230,a8d1bb6c8ec3b70d0a9118535fb8a669c2c3e2a1d5cbdf5e74185039978273a7,7.83
231,231,75535d688243f10de81339532bbcfc295e61b8f95deb4f4e17184839cac25aa5,7.86
232,232,137661a0f9635d8de413955ba9bc1fbd8f798d792463a1ce9508e81960e2a2f5,7.9
233,233,8a7e3d210b731c8dc203540be09e52b5e3f8d439f2e379c6dd803e1837e23af5,7.93
234,234,ef5e37b18f730fcd2202580faade329561bc5e199aa31ce6cf800f988a628b57,7.97
