0,100,a3dc966eb26e9907cbac4b256ef8b689b08b95564b624f787b8b91048964f6c2,0.000
1,100,66dcb25bb67699c3492c4a256edcb281b08995566f726bf87b8b99048944f6c3,0.033
2,100,66dcb25ab6769943492c4a2d6fdcb281b08995566f764bf96aab91048d44b7c3,0.067
3,100,66dcb25ab6329947492c4b2d67dc3681b28995566f665b796aab91848d44b7c3,0.100
4,100,67dcb65ab6329947492c4b2d77d83681b28995566f664b7962ab91848f44b6c3,0.133
5,100,67fc9652b63a9847c92c4b2577d83689b28995566b664b7873ab91848f44b6c3,0.167
6,100,67fc9652b67a9847c92c4b2577f83699928995564b664b78738bb1848d44b6c3,0.200
7,100,67fc9652b67a9047c92c4b2573f8b6b9928995564b664b787b8b91848d44b6c3,0.233
8,100,67fc965ab67a9847c92c4b2577d83699928995564b664b7873ab91848d44b6c3,0.267
9,100,67dc965ab67a9847c92c4b2577d83689b28995566b664b7872ab91848f44b6c3,0.300
10,100,67d8b65eb63a9947c92c4b2d77d83681b08995566f664b7862ab91848f44b6c3,0.333
11,100,66d8b65eb6329947c92c4b2d77d83681b28995566f664b796aab91848d44b6c3,0.367
12,100,66d8b65eb6329947c92c4a2d77d8b681b28995566f664b796aab91848d44b6c3,0.400
13,100,66d8b24eb6329947492c4a2d77dcb681b28995566f765bf86aab91848d44b6c3,0.433
14,100,665cb24eb6369947492c4a2d67dcb681b28995566f765bf86aab91048d04f7c3,0.467
15,100,665cb24ab6369943492c4a2d6edcb681b68995564f765ff86aab99048d04f7c3,0.500
16,100,665c924bb636994349ac4a2d6edcb681b28995564f725ff86bab99048d44d7c3,0.533
17,100,625c964bb636994349ac4a256edcb681b48b95564f727ff86b8b91048d64d7c3,0.567
18,100,625c964bb6269943c9ac4a2566dcb681b08b95564b727ff87b8b9104ad64dfc3,0.600
19,100,625c964bb62e9913c9ac4a2566dcb289b48b95564b726bf87b8b9104ad64ffc2,0.633
20,100,625c964fb62e9913c9ac4a2566fcb289b08b955643766bf87b8b9104ad64fec2,0.667
21,100,52dc964fb62e9917c9ac4a2566fcb289b08b955643766b787b8b9104a564fec2,0.700
22,100,52fc964fb62e9917c9ac4a2566fcb289b08b955643764b787b8b9104a564fec2,0.733
23,100,42fc964fb62e9913c9ac4a2566fcb289b08b955643764bf87b8b9104a564ffc2,0.767
24,100,427c964fb62e9913c9ac4a256efcb289b08b955643764bf87b8b9104a564ffc2,0.800
25,100,425c964fb6369953c9ac4b256edcb289b08b955643764bf87b8b9104a564dfc3,0.833
26,100,425c964fb6369953c9ac4b256edcb289b08b955643764bf87b8b9104a564dfc3,0.867
27,100,425c964fb6369953c9ac4b256edcb289b08b955643764bf87b8b9104a564dfc3,0.900
28,100,425c964fb6369953c9ac4b256edcb289b08b955643764bf87b8b9104a564dfc3,0.933
29,100,425c964fb6269953c9ac4b256efcb289b08b955643764bf87b8b9104a564dfc3,0.967
30,100,425c964fb6269913c9ac4b256efcb289b48b955643764bf87b8b9104a564dfc3,1.000
31,100,425c964fb6369913c9ac4b256efcb289b08b955643764bf87b8b9104a564dfc3,1.033
32,100,425c964fb6369953c9ac4b256edcb289b08b955643764bf87b8b9104a564dfc3,1.067
33,100,425c964fb6369943c9ac4b256edcb289b08b955643765bf87b8b9104a564dfc3,1.100
34,100,425c964eb6369943c9ac4b256edcb289b48b955643765bf87b8b9104a564dfc3,1.133
35,100,425c964eb63699c3c9ac4b256edcb289b08b955643765bf87b8b9104a564dfc3,1.167
36,100,465c964eb63699c3c9ac4b256edcb289b08b955643765bf87b8b91048564dfc3,1.200
37,100,425c964fb6369993c9ac4b256ff8b289b48b955643764bf87b8b91048564dec3,1.233
38,100,425c964fb6369987c9ac4b256fd8b289b48b955643764bf83b8b9104a564dfc3,1.267
39,100,425c964fb6369907c9ac4b256ff8b389b48b955643764bf82b8b9104a564dfc3,1.300
40,100,425c964fb6369907cbac4b256ff8b389b48b955643764bf82b8b9104a5645fc3,1.333
41,100,425c964fb6369907cbac6b256fd8b399b48b955643724b782b8b9184a5645fc3,1.367
42,100,435c964fb6379807c9ac6b256fd8b799b48b955643725b782b8b9104a5245fc3,1.400
43,100,6b5c9646b61f9907c9b44b256fd8b789b48b955643765b782b8b9104a5247ec3,1.433
44,100,6b5c964eb61f9987c9b44b256fd8b689b489955643f64b782b8b9104a5247ec3,1.467
45,100,6b5c964eb61f9987c9bc4b2567d8b681b489955642f64b782b8b91a4a5247ec3,1.500
46,100,6a5c8e4eb63798b749ac4b6563d8b681b4899556427e4b783b8b91a4a5247fc3,1.533
47,100,6a5e8e4eb6b788b349ac4b6563f8b681b489955642f65b782bcb9184a5247fc2,1.567
48,100,6a5e8e4eb6a788a349ac4b65637cb791b489955640f65b786bcb9184a5a43fc2,1.600
49,100,6a5e064eb6a3982349bc4b65637cb791b489945640f65b786beb91a4a5e43ec3,1.633
50,100,6a5e064eb60390236dbc4b65637cb7d1b4a9944640f65b787beb91a4a5e43ec2,1.667
51,100,684f224eb60390076dbc4965637cb7d1b489945642765a787beb91a4a5f4bfc2,1.700
52,100,680f234fb62390874dbc4b65637cb791b48194564a727a787bab91a485f4bec3,1.733
53,100,6a2f8b4bb6239487cdbc4b656378b591b4a1845642727b786b2f982585f4b6c3,1.767
54,100,482f3b4bb6b394a7cdbc4b656378b581b4a9945642724b786b2f9825957436c3,1.800
55,100,482f3a4f963394a3cd3c6b6d6278b78196a9941652726b786b6f90a5957436c3,1.833
56,100,482f2647972390a3dd3c6b6d6a7cb7c194a994164a726b796b2f90a5957476c2,1.867
57,100,402f234b932390a3d93c6a2d4b7cb6d194ad94164a726f797b2f90a5d57476c3,1.900
58,100,e027234b934390a3ddbc692d6b7c3491b4a59407527a6b796b2fb825957476c3,1.933
59,100,e02762499763d0a1cdbc692d2a7c2591bda58407d2726f396b2fb825957467d3,1.967
60,100,e023f6c99573d1a149bc6b6d22fc2591b7a5800742726f397b2f8025b57467d3,2.000
61,100,f223e6c99873d8a158bc692d2af8a511b6a5c0875a726bb9bb0e80a59d7467d3,2.033
62,100,a423e6c912739db958bc692d2afcb551b4a588875a524bf97b8c81a5957447d3,2.067
63,100,6423d6c992739db95ebc492c3a7cb511b4a48887da527bf97fcc80ad91744552,2.100
64,100,6c23f6d992739d395ebc4b2c226cb411b58488874a527bf97fcc909d9474e453,2.133
65,100,6f23b6f882539f784faccb7c226c9451b58488874a527bf96fcc909d14f4c45a,2.167
66,100,2f6336f832539d784d8c4b7c626d94d1b5848886ca527be9efcc909d94f4d41a,2.200
67,100,2f6312f892539d38498d4b7c6a6db491b5c490a6ce527fe96fcc901db4dc941a,2.233
68,100,076392f892539d98498f4b4c6a6db6919584bea6cf527fe94fcc100d1adc965a,2.267
69,100,c562b058d2539d9a498f6b6c686db69195c4aea6cf723b69cbce880d0adc945b,2.300
70,100,6172f01cd6531d9a498f696c286f369194d4aea6cf726969dbce280d1bdc845b,2.333
71,100,6872f01c9e530d9a498f6b6c286b369194d4aea6cf726169d1ef292d99cc255b,2.367
72,100,607ab21f9ed301dac9876a6c206b269194d4eeb6cf726169512f692d89cce55b,2.400
73,100,687ab61f96d281dec8876e6c606b26b194d4feb68f726169152fe925a9cc0453,2.433
74,100,7c58361f96c281dee8477e6c606b36b1b4d4feb6bb724179142fe825298c8453,2.467
75,100,7e58b70a96c2815ef9477e6c626bb6b1b4d4deb62a7241791c2f8925398c9452,2.500
76,100,7e58b70a96c2d15efd677e6c626ba6b1b4949e362a724179142f89259d8c9452,2.533
77,100,7e48374a96e2995e7d677f2c436ba7b1b4949f160a72417954af89259d8c8452,2.567
78,100,5ee8274a96e2895e5d674f2c436ba7b9b494df164a72417954af89a5d98c8452,2.600
79,100,5eec234a96e2815e5d664b3c434ba4b9b59cdf1e6a7a417950a789a5d98c3652,2.633
80,100,16ec034a94e3991f1d664b3c434b30b9b59cdf5e627a427970a7bba1f98c2652,2.667
81,100,84ecc34ab4e3983f1d264a3c410b38b9b49edf5e6a7b527970a7ba81b98c3652,2.700
82,100,84ecc34fb4e398371d264a3d710b3cb9b4969f5e6a5b52697027ba81b90c3e52,2.733
83,100,c42de24fb4639e171da64a3d734b3eb9b4969f5e0b5b52495227bb81890c2e52,2.767
84,100,d42d7347b4239f17cda4423d73c93eb996d6954e835b52495aa79b818d4c2652,2.800
85,100,562d7303b4a39f974da0423d73c936b996c6d14ae15b52495aa7bbc18d4c6672,2.833
86,100,56ad7b4394a3d39349e0423d7bc916f886c6d14ae17b52494aa7b9f1894c7672,2.867
87,100,d0ad5b43acf3d39069e44a2d7bc816f886c6d04b687b52494ba5b9f1995c7472,2.900
88,100,d0ad7bc1acf3d79069ec682d7b48a6f880c6d04b683b5a494ba5b9f09d5c64d2,2.933
89,100,fcad7ac1acf3d69068dc6a2d6b4826f8a086516b6c3b56490ba5b9f09d5c64d2,2.967
90,100,7ca97ac1acf2969e685e0e2d6b48267ca286156b6d2b56494ba5b1f09d5c66d2,3.000
91,100,2ca93ae1a4f3969e087e0e2d6b48a63db286156bcf2bc7494ba5b1f0955c66d2,3.033
92,100,0e8912e0a45bd69e484ecf2ce348b43db286956bcf29d7695ba5b1f0954ce6d2,3.067
93,100,8f88b268a45bd28e484eef2c7340343fb0869d6bcfa9c6e95ba5b1f0954c66d2,3.100
94,100,c7a8726ba05bd28f4946ef2473c0342b98861d7bc7a942e95aa5b9f81d4c6cd6,3.133
95,100,47e8726fb853d28f49466f2473e0342b98870d7b46a962e95aa539f81d4c6cd6,3.167
96,100,47e9726f9853578749446f2451f0243b9c870c7b46a962e95ab5a8f89d4c6ed6,3.200
97,100,41ed726f9f43178749e4ed2410f3241396870c7bc6a962795a34a9fc954ceec6,3.233
98,100,496d706f9f43858749e4e52410f3a4139687ac7bc6a96a791a3ca93c954cefc6,3.267
99,100,486d706f9f43858349e4ed2410f3ac139686ec7a66a97a791a3ca9bc954c6fc6,3.300
100,100,c86d7e639f43c5c249e46d2430b3dc13a686e87266297ae93a3c89bcb54c5f86,3.333
101,100,c96d7e631fc385e361e4692c34b3dc13a686d2f2262952ec2a3c8bbca54c57a6,3.367
102,100,89656f631fe385e365e6692c34339613278692f26f2952ed0b3c8bb4854c17e6,3.400
103,100,89646f6307f381fbf4261a2cb53396136f86b2f24b0952edcb1c8bb4c54c13e6,3.433
104,100,ab64c56327f3c0fbf4241a2ce71196934f86b0f24b09e3edc91ea1a4d54c33e6,3.467
105,100,6b64c56334f3d0bbfc251a2c4f0196934f9621f2d8496fadd81e29a495cc74e6,3.500
106,100,4b1cc46b3433d8b77d251b2c4b8932d34bd6a1f2dc4b6fad301625a494cc7e66,3.533
107,100,6d0ca46bb6339a954fa503ace1c930d394dea47ede0b67a5b0162d8494ccfe66,3.567
108,100,650c666396f39a92c9a561ece0e934d3945ea43ed60b43e5b016db84b3d45f66,3.600
109,100,250c326696d3da92c925316c7a693edb961ecc365f0b6be53016dd8039d45f66,3.633
110,100,e54cd2669e73d8d2496d396c1e690619861ee926374b4be53016ddc829f4bd66,3.667
111,100,e96ce2649e73c8d2496c296c1649c399e09ff9a63fc303e530369d5865f4b44e,3.700
112,100,ad6c22661673cd926d24292cb34df399309f39a63de39ae5e036975847e4344e,3.733
113,100,ed2ce266b67293932da41b2dd74cd099349e9da60cf3c265ea36375883e4324e,3.767
114,100,edac6267b6d2939389a54b6d4ec452912c9e9ce746f36227fa36351893e4604e,3.800
115,100,65ac726f96d291d3c9a54b6d62c522d1b496b6e466732a533b169dd891e4644e,3.833
116,100,a4ad766b9ed2989359a44b2d7349b2d01592dbe452731b4b9b16c5d8d0e464ee,3.867
117,100,e22d126b96129cd34da44b2d6049b0d2959ee9e46a73cf4bbf4665d8b825f836,3.900
118,100,e32d726b96129493492c6b2d6949b692b496bcac6073cf4b37e665c83e25ca36,3.933
119,100,e52d3641c2139e9349ac2b2c6809b6d296d69cbce273cbc373e481c93f256db6,3.967
120,100,4d2d36e4d29bbe93c9eceb2c21093358c6d61c1e667b4b73706481c99f2564b6,4.000
121,100,0f6c3665929bbc9349cc4b2c1089b758a7d6981e267b1f7b6864c999de2790b6,4.033
122,100,0b6c6266965bacb3494c4b6c5489b7d88dd6b90e0e7b3e73606c8b19de279836,4.067
123,100,eb6c426696132cb3c96c4a6c51a9a6e85dd6e10e0f2b3e33616c6f19cc0f3a76,4.100
124,100,a37c426796931cb3a97c4a6d702926e97d86c1061f0b363321ec67098f0f7e7e,4.133
125,100,a57cca479613dcb3a56c4a6cb22926e9f586c1c61f0b943331ec65899d0f267e,4.167
126,100,6578c2478652d8b3852c4b4cb2793ef9f086c1c6df0bd83331acc589b50f877e,4.200
127,100,6568b34f4a52d0b30d2c594c82793ef9a0a649c64e0bd87371acdd89b58f8f6e,4.233
128,100,4d68274f5a52b0936d2ce90d067834b924e629c64e0b587362ecdd81d58fff6e,4.267
129,100,90ec272fd85284936d2ce12d0f78b6b9a4e623c64e4b38734aec39810da77fce,4.300
130,100,c0ed262dd85392937d2ce12d4f79d21990a7a186cf4ba8730aec19c00fa777ee,4.333
131,100,c2cd262dc85b0a9379a4610d6f094a1bd8a723864f2be673ca7cfbc08ea477ec,4.367
132,100,c14d3625e06b8fd258e5d18d25c9a61b98b7a1864f894333197c39d0bab4f7ec,4.400
133,100,c94f1e0630a3a7b26d644a4d53e9b79bdc9380d648c9421b093cbdd898be67ee,4.433
134,100,61e98f56d0b397b29d24696c58e9b7893eb3ae526a49621b413c954c18be72ce,4.467
135,100,61eda742f8d3da9255a56d2c68e9b78995b185724d694a0b799cb50c883e66ce,4.500
136,100,43ed9663b45389d2dbb5263c70f1b799b0b1c432cd694a0b79a4b50dac2e664e,4.533
137,100,4be55a63964b8ddac9854b3c7a70b6d8b891b432cfe14a031ba6950dbda6c64e,4.567
138,100,ed8462651663addac98d6b3c6a58b4d8bc99bc32efe148437ba6950daba64047,4.600
139,100,e58c22659627b4eac98d693c6358b4589699bc32ff6168437bb6950dbfa64047,4.633
140,100,758ca273923794e0d98d692c6349b5d89699be72ff6140437bf6910dafa600c7,4.667
141,100,65cca35312339ce0d98d492c6329f5cc9489dff85f6158637bf6910d8fa64287,4.700
142,100,64cca35212729ee0598d6b6c632da5cc9489dff85f61496b7bf6911cada64213,4.733
143,100,64ac870b96729ee6c98c6b6c632da5ccb48d9ff84f69496b7ab49118a9a6061b,4.767
144,100,74ad971b96729ee6c88c6b2c62adb4ccb48d9ff04f29456b5ab4911899a7061b,4.800
145,100,40ed121b9672dee64d6c6b6c62b5b6c4848d9ff0ce294d6b7ab4b11891a7461b,4.833
146,100,60cd021f9772afe64d647b6c2237b684948cdff04e2dc56b7ab4b11931a7421b,4.867
147,100,28cd821f97f293668d647b6c2237b686848cbff04e2d4f635ab4b919318f461b,4.900
148,100,20cd821d93f291268d64796c4233b68684fcbff04aad4f635abcb919b9cf4e19,4.933
149,100,21cd921893f294a6cd24696c4333b68694fc7ff44aad4b635aacb999a1ce6e19,4.967
150,100,210d92f893f294a61d24496c7333349634fc7ff44a295b631bacb999adcecc49,5.000
151,100,210c92f897b39c865d244968733314d6b6fcbff66a295b431b2c9991adcec469,5.033
152,100,214cb7f897739e865d2449486333b4d4bff8aed66a294b43192c9181bf8ee469,5.067
153,100,395cf7f19633d8964d244948627334d4b7f8aed64a29ca4319ac9181bd8ee56b,5.100
154,100,7bd8f6a19613da964dac6938637234d4b7d8ae16cb614a4359ad11053bcc656b,5.133
155,100,6bd8a2a39613c896ed2c49787376b6dcb7d8ac16cb614a475ba90105bbec056b,5.167
156,100,61d9e623b6139eb66d2c4978727eb7dcb5d0a496c9614a474ba98105b3ac856b,5.200
157,100,61d9b22396d39896c9ad693c7f5e37fc95d0e016d7614a7609a9b105bbac8063,5.233
158,100,69c1b62396d39cd649ad49787bda36fcb5d284166b414a7661a9b905bdac9063,5.267
159,100,fdc1b62397d29cd449ad496c6fdab6f4b4d284967e4148766b29b105bdac4203,5.300
160,100,7fc1b66396dbdcd6c9ad4b6c63dab6f4b4d690560c4142766b299004bdace203,5.333
161,100,2f61f66bb6fb9cde692c4b2c714ab6b4b4468456ce414a567b2999041faca643,5.367
162,100,6570f76bb6fb9ec6c92c4b2d797a3694b4078457cc416356392999040fecc643,5.400
163,100,6178f76a9ebb9ec6e92c4b2d69fab694b41784534441535619a9b104adece643,5.433
164,100,6378b75e96bb9ec7c92c6b2d6b7a3695b417845340415156b9a9910cbdece043,5.467
165,100,637c375e96bbc887e9a46b2d6beb369590978443c261535699a9910cbdec6443,5.500
166,100,61fcb75e96e3d887c964692d6bfb3685b09784434a6153765921911cbdec6443,5.533
167,100,e5fc375696e39e87c964692d7adbb481809784534a51597e5901919cbdec6453,5.567
168,100,61bc3716b0c39787c9646b2d7f8ba001869780534e715b7e5109b9bcbfec6453,5.600
169,100,e1ec3616b0c39483c9e46b2d7b9b80019695a453ce71677e5909b9bcbfec1453,5.633
170,100,ebec3d16b6c39ca3c9e44b2d738b8001b685ac534e714f7e510939b49fec2453,5.667
171,100,2fccf236b6d39503cda46b6c6aab9001b6a5a453ce515b7ed00999b43dec2653,5.700
172,100,2fc8fa26b6d6d843cda46b6c632bb003b4a5ca536a515b7e501999b49dec2653,5.733
173,100,edc8b26cf69694c349656b64632bb493b4a186876b515b7e511999a49dec2653,5.767
174,100,4dd9b66d92869cc3c9616964622b3493b4a98ea76b517b7c40199da49dec6673,5.800
175,100,07a906cdb2271cd789634964626f3093b4818ea5eb517b7cf1199fa4bdec4653,5.833
176,100,67e916c992271c960963696c626f3013b4919ea56b517b7c411b9da4bdfcc653,5.867
177,100,0269c04db2678896c963696c625f329394919ea5ef517f7c411f99a4bdfc4653,5.900
178,100,6069724db66799b2c973492c631e32939499cea54f501f7c411f99b4bdfc4453,5.933
179,100,36296e0db66399b24979492c671eb283b4d9eaa44f704f6e410f39bc95fc8453,5.967
180,100,2739878d96e390b2c93b492d6456b2d9b4d8ba2ced70536e610f39bc95acc643,6.000
181,100,7318b1cdb67398b24d5a692d6e5436d986f89e2ccf74536e41079db49d2e0243,6.033
182,100,3b5850ed96728b964f48796d6a54b3d9b4fc800648565366d983bdb4fda62453,6.067
183,100,a25ce06db672919e494c496d4c36b519b49c9407ce52cb46d983bdfcbdb62453,6.100
184,100,3a5c2d25969699874c64632d6e9437d9b68422c76f72634379b19ddc99be2053,6.133
185,100,6254b162b6b69dd24d64732d4a94b2d89cb6a257cd7a4f5379b9c5dc910e4443,6.167
186,100,7a5d996a96b28b52c924692d6cd6265ab427b613ff5a474b1bb9910cb12fc443,6.200
187,100,0e1ce348f4923bd39d265fad0ffc235b91a7de947d58444b39a99c0cb5278483,6.233
188,100,866cf26cbce69ad3c92c66ad7a6cb41bbda30eb4127ac4277a29998c53a70893,6.267
189,100,ed2cf2643e638693e92e352c1a2c8f9195b246b4e25b79237ba1398c87e3a8d3,6.300
190,100,ff2ca7631273c593f92c0d2442ec6d9134dabcb4be4b1d2307f0b3ccc0f1605b,6.333
191,100,6aecc26b96738d93592c4f64f25c3a9194dade146b4b436362f0f05cbd63301b,6.367
192,100,646c6247b6539d93e9ac4b64e35e1b9185dadbc46943b06398bc981c0de8e7f8,6.400
193,100,0e6c326496739693c9ac4b6d625a3691849bb4874913d7735ab027463d27e6fe,6.433
194,100,4a6cb26596939493c92c696c8f5a34d2c693b4a44bb52e6b6ae5ad0cb5ab4e93,6.467
195,100,cb4db256363254b6da87696d631b84589ab8a4e659b6e54ba0586fb290ad4abb,6.500
196,100,6b24d72c92db14cb69e4cb6ca79f2d1e106682694cf1fd12a264548dbd587aa7,6.533
197,100,ed4d7227f693858fa9470a4573bcf7818d6baa564ab555a1b54aaa504aa1702f,6.567
198,100,634c326395739da149a54fec7b4df5d23748cc2fdb23422fdde1b30380179113,6.600
199,100,ec4de276825780f689c64f6c7f49b61884d38cd67e637f127903b10eb5fc8015,6.633
200,100,682df267b253c1f34d244b6c7b09f299869684874ff36e1309a619acf1a9e556,6.667
201,100,6d2d3267b2f385b2c9e40f6c394963d9d29780f34f63c2530ba5b98c20a57c4f,6.700
202,100,2f2db86392f3dcb2c9f44f2c34493499b89715e37b7b6253cd26b1848ca50647,6.733
203,100,6e0d1c7ab672e8b24bf4ce2416cdb48190979da3b96942535926e194fcb1e7c6,6.767
204,100,260d1678965a31ba6b644b6d72c9f69386d5ddb1d9694a531907319c38b17fc2,6.800
205,100,a20dc66c9e1b90baedac096d3349369b26d4fcb0eb694e53d9439d1c98b10ed3,6.833
