0,100,62dcb64fb67e99d3c9ac4a2566dcb289908995564b726b787b8b91048d44f6c3,0.000
1,100,66dc325ab63a99c3c92c4b256fdcb281b08995566f664b796aab91848d44f7c3,0.033
2,100,67dcb25ab63a9947c92c4b2567dcb281b28995566f664b796aab91848d44b6c3,0.067
3,100,67fcb65ab63a9847c92c4b2567f8b689928995566b664b7962ab91848d44b6c3,0.100
4,100,67fcb65ab67a9047c92c4b2567f8b689928995564b664b797a8b91848d44b6c3,0.133
5,100,67fcb65ab67a9047c92c4b2563f8b699928995564b664b787b8b91848d44b6c3,0.167
6,100,67fcb65ab67a9017c92c4b256af8b699928994564b664b787b8b91848d44f6c3,0.200
7,100,67fcb65ab67a9017c92e4b256ef8b299928994564b664b787b8b91848d4476c3,0.233
8,100,67fcb65ab67a9017c92c4b2562f8b699928995564b664b797b8b91848d4476c3,0.267
9,100,67fcb65ab67a9047c92c4b2563f8b699928995564b664b797a8bb1848d4436c3,0.300
10,100,67fc365ab67a9047cd2c4b2563f8b699928995564b664b797b8b91848d4436c3,0.333
11,100,67fc365ab63a9847c93c4b2567f8b699928995564b664b797a8b91848d4436c3,0.367
12,100,67dc365ab63a9847c93c4b2567d8b689928995566f664b796aab91848d44b6c3,0.400
13,100,67dc365eb63a9947c92c4b2567d8b689928995566f664b796aab91848d4436c3,0.433
14,100,67dc365eb63a9947c92c4b2567dcb681928995566f664b796aab91848d4456c3,0.467
15,100,67dc364eb6329947c92c4b2567dcb681b28995566f665b786aab91848d4457c3,0.500
16,100,67dc924eb6329947c92c4a2567dcb681b28995566f765b786aab91848d445fc3,0.533
17,100,62dc964eb6369943c9ac4a2567dcb681b48995566f765b786aab91848d04dfc3,0.567
18,100,625c964eb6369943c9ac4a2566dcb281b48995566f764b786bab9184ad64dfc3,0.600
19,100,625c964fb6369943c9ac4a2566dcb281b48995566b766b786b8b9184ad64dfc3,0.633
20,100,625c964fb6369943c9ac4a256edcb281b48995566b766b786b8b9104ad64dfc3,0.667
21,100,625c964fb62e9913c9ac4a256edcb281b08995566b766b787b8b9104ad64dfc3,0.700
22,100,625c964fb6369913c9ac4a256edcb281b08995566b766b787b8b9104ad64dfc3,0.733
23,100,625c964fb6369943c9ac4a256edcb281b089955663766b787b8b9184ad64dfc3,0.767
24,100,625c964fb6369943c9ac4a256edcb281b089955663766bf87b8b9184a564dfc3,0.800
25,100,635c964fb6369943c9ac4a256edcb289b089955663764bf86b8b9184a564dfc3,0.833
26,100,635c964eb6369943c9bc4a256edcb289b089955667764bf86b8b9184a524dfc3,0.867
27,100,635c964eb6369943c9bc4a256edcb289b08995566f764b786b8b9184a524dfc3,0.900
28,100,635c964eb6369943c9bc4a256edcb289b08995566f764b786b8b9184a524dfc3,0.933
29,100,635c964eb6369943c9bc4a256edcb289b089955667764bf86b8b9184a524dfc3,0.967
30,100,635c964fb6369943c9bc4a256edcb289b089955667764b787b8b9104a524dfc3,1.000
31,100,635c964eb6369943c9bc4a256edcb289b089955667764b786b8b9184a524ffc3,1.033
32,100,635c964eb6369943c9bc4a256edcb289b08995566f764b786b8b9184a524dfc3,1.067
33,100,635c964eb6369943c9bc4a256edcb289b089955667764b786b8b9184a524ffc3,1.100
34,100,635c964eb6369943c9bc4a256edcb289b08995566f764b786b8b9184a524dfc3,1.133
35,100,635c964eb6369943c9bc4a256edcb289b089955667764b786b8b9184a524ffc3,1.167
36,100,635c964eb63699c3c9bc4a256edcb289b089955667764b786b8b9184a524dfc3,1.200
37,100,635c964eb63699c3c9bc4b256fdcb289b089955667764b782b8b9184a524dec3,1.233
38,100,635c964eb63699c3c9bc4b256fdcb289b08b955667764b782b8b9184a5245ec3,1.267
39,100,635c964eb63699c3c9bc4b256fdcb289b08b955667764b782b8b9184a5245ec3,1.300
40,100,635c964eb63699c7c9bc6b256fdcb289b089955647764b782b8b9184a5245ec3,1.333
41,100,635c964eb6379987c9bc6b256fdcb289b089955647764b782b8b9184a5245ec3,1.367
42,100,6b5c964eb63f9987c9bc4b256fd8b289b489955643764b782b8b9184a5245ec3,1.400
43,100,6b5c964eb63b99a7c9bc4b2563d8b289b489955643f64b782b8b9184a5247ec3,1.433
44,100,6b5c964eb63b98b7c9bc4b2563d8b289b489955643f64b782b8b9184a5247ec3,1.467
45,100,6b5c8e4eb63798b7c9bc4b6563d8b681b489955642f64b782b8b9184a5247ec3,1.500
46,100,6a5e8e4eb6b798b349bc4b656358b691b489955642764b782bcb9184a5a47fc2,1.533
47,100,6a5e064eb6b390b349bc4b656b7cb691b489955640f64b782bcb918495a47fc3,1.567
48,100,6ade064eb6b3943349bc4b25637cb691b489955640764b786beb9184b5a47ec3,1.600
49,100,6ade224eb633943369bc6925637cb691b489945640766b786beb9184b5e43ec3,1.633
50,100,6a5e2a4eb61394b36dbc6925637cb791b489944640726b786beb91a4a5e4bec2,1.667
51,100,6a9f034fb60390b34dbc6925637cb7d1b4a1845642726b786beb91a485f4bec2,1.700
52,100,68af034fb60394b34dbc6925637cb7d0b4a1945642727b786beb90a485f4bec2,1.733
53,100,6a8f034fb62394a3cdbc4b656378b7d0b4a9945642727b786b6b90a585f436c2,1.767
54,100,68af224f96a394a3cdbc6b656b7cb7c1b4a9945642726b786b2b90a5857436c2,1.800
55,100,48af234f972394a3c9bc6b65637cb7c196a9941642726b796b2b90a5957436c3,1.833
56,100,48af224f972390a3c9bc6b6d4b7cb7d196a1945642726b796b2b90a5957436c3,1.867
57,100,40af2a4b930390a3ddbc692d6b7cb7d194a1d4064a7a6b792b2f90a5d57476c3,1.900
58,100,e027224b934390a3dd3c696d6b7c3591b4a59407527a6b796b2f98a5957476c3,1.933
59,100,e0a762c9b74390a1cd3c692d2a7c3511b6a58407527a6f796b2fb825957467d3,1.967
60,100,c027e6c9b153d0a15fbc692d2b7c3511b6a584974a726f392b2f80a5957467d3,2.000
61,100,e027e6c9b353d5a15ebc492d2b7c3551b6a5888752526b392b0f80a59d7467d3,2.033
62,100,e027f6c91253d5b95ebc492d3afcb551b4a5888752524bb96b8c81a5957447d3,2.067
63,100,6c23d6c912539db95ebc492c32fcb551b4a4888752527bf97bcc908d957445d3,2.100
64,100,6c23b6d912739df95cbccb2c2a6cb451b58488874b527bf97fcc908d94744552,2.133
65,100,6d63b6f812539df84dbc4b3c2b6c9651b58488874a526bf97fcc908d34b4c45a,2.167
66,100,2f6332f892539df84d8c4b7c6b6c94d3b58488864a527bf96fcc908d14f4d45a,2.200
67,100,2f6392f89253953a498d4b7c6b6db49195c494a6ce527fe96fcc908d10dc945a,2.233
68,100,056392f892539d9a498f4b4c696db69195c4bca6cf527f694fcc980d1adc945a,2.267
69,100,c562b058d2539d9a498f4b6c686d369195d4aea6cf726b69cbce880d1adc945b,2.300
70,100,6172f01cd6531d9a498f696c686f369194d4aea6cf726969c9ce880d99dc855b,2.333
71,100,6472f01c1e530d9a488f6b6c286f369194d4aea6cf726169d9efa80d89cce55b,2.367
72,100,647ab01e9e5301dac88f6a6c286b329194d4eeb6cf72616959afa92d89cc655b,2.400
73,100,6c7a361f96d281dac8876e6c686b22b194d4eeb68f726179192fe92589cc4553,2.433
74,100,6c58361f96c2815ae8477e6c686ba6b1b4d4feb6ab7241791d2fe925098c9453,2.467
75,100,7e58371a96c2815afd477e6c626bb6b1b494deb62a7241791c2f8825bd8c9452,2.500
76,100,7e58370a96c2915afd477e6c636ba6b1b4949eb62a7241791caf89259d8c9452,2.533
77,100,7e48374a96e2915e7d674f6c436ba7b1b4949f960a72417954af89259d8c9452,2.567
78,100,5ec8274a96e2915e5d674f2c436ba7b9b49ccf166a7a417954a788a59d8c9452,2.600
79,100,5ee8234a96e2915e5d664b2c436bb2b9b49cdf1e6a7a437950a789a5d98c1652,2.633
80,100,1eec434a94e3911f1d664b3c434bb0b9b49cdf5e627a427970a7ba85b98c3652,2.667
81,100,94ecc34ab4e3983f1d264a3c610b38b9b49cdf5e6a7a527970a7ba81b98c3652,2.700
82,100,c4ecc34eb4e398371d264a3c610b38b9b49e9f5e6a5b52797027ba81b98c3e52,2.733
83,100,c4ac624fb4639e171da64a3d734b3eb994969f5e2b5b52495a279b81890c3e52,2.767
84,100,d42d724fb4639f17cda2423d63493eb996d6954ee35b52495a279b818d4c2652,2.800
85,100,562d7307b42397974da0423d73c936f996c6d14ee15b52494aa7bbc18d4c6672,2.833
86,100,14ad7b43b4a3d39349e0423d7bc916f886c6d14ae17b52494aa7b9f18d4c7672,2.867
87,100,d0ad7b43acf3d39369e0682c7bc836f882c6d04a687b52494ba5b9f19d4c7472,2.900
88,100,d0ad7bc1acf3d79069e4682d7b48b6f880c6d04b683b5a490ba5b9f09d5c74d2,2.933
89,100,fcad7ac1acf3d69068dc6a2c6b48a6f8a286504b6d3b56490ba5b9f09d5c64d2,2.967
90,100,7ca97ac1acf3969268de2e2d6b482678a286156b6d2b56494ba5b1f09d5c66d2,3.000
91,100,6ca93ae1a4f3969e085e0e2c6b48b63db286156bcf2bc7494ba5b1f0955c66d2,3.033
92,100,0c8922e9a45bd69e485ecf2ceb48b43db286956bcf29c7694ba5b1f0954c66d2,3.067
93,100,8f88a268a45bd68f484eef2c7340b43bb086956bcfa9c6e95ba5b1f0954c66d2,3.100
94,100,cfa87269a05bd68f4946ef2473c0342b98861d7347a942e95aa5b9f81d4c6ed6,3.133
95,100,47e8726bb853d68f49466f2473e0343b98870d7346a962e95aa5b8f81d4c6cd6,3.167
96,100,47e8726f9a53178749466f2451f0343b9c870c7346a962e95ab5a8f89d4c6ed6,3.200
97,100,41ed726f9f43978749c6ed2450f0241b96878c7bc6a962695a34a8fc954ceec6,3.233
98,100,496d706f9f43958349e4e52410f3a4139687ac7bc6a96a791a3ca93c954cefc6,3.267
99,100,486d706f9f43858349e4ed2410f3ec139687ec7a66a96a691a3ca9bc954c6fc6,3.300
100,100,c86d786b9f4385c349e46d6430f3dc13b686e87266296a693a3c89bcb54c5f86,3.333
101,100,c96d6e631fc385e361e0696434b3dc13a686d2f2662952ed2a3c8bbc954c57a6,3.367
102,100,896d6f631fe385e365e6696c34339613278692f26f2952ed0b3c8bb4854c13a6,3.400
103,100,896c6f6317f381fbf4a6582c353196134f86b2f24b0952edcb1c8bb4c54c13e6,3.433
104,100,ab44cd6327f380fbf4271a2ce70196934f86b0f24b096badc91ea9a4d54c33e6,3.467
105,100,6b4cc56334f3d0bbfc251e2c4b0196934f86a1f2d8496fadd81e21a4d5cc74e6,3.500
106,100,4b1ce46f343398b77d251f2c4b8932d34bd2a1f2dc4b67ad301625a494cc7e66,3.533
107,100,6d0ce66db6339a934fa503ace1c930d394dea47adc0b67a5b0163d8494cc7e66,3.567
108,100,650c666f96339a93c9a561ece06934d3945ea43ed60b43e5b056db8493d45f66,3.600
109,100,250c326496d39a92c9a5396c7a693ed9961ecc365f0b6be53056dd8039d45f66,3.633
110,100,e98cd2649673d8d249653d6c1e690619861fe986374b6be53036ddc825f49d66,3.667
111,100,edece2649673c8d2496c296c566cc399a09ff9a63fc303e530369d4865f4944e,3.700
112,100,ad6c22641673c5926d242d2cb34cf399309fbda63de38ae5e836975847e4344e,3.733
113,100,edace264b67293932da44b2cd74cd299349e9da60cf3c265ea36375883e4324e,3.767
114,100,edac626fb6729393a9a54f6c4fcc52912c9e9ce546f362237a36351891e4604e,3.800
115,100,6dac626d92d29193c9a54f6d62c532d1b49eb6e466732a533b169dd891e4644e,3.833
116,100,a4ad366b9ed298935da56b6d6369b2509592dbe452730b539b16c5d8d0e4644e,3.867
117,100,e2ad1269961294934da54b2d6149b0d2959eede46a73cf4bbf4665c8b8257a36,3.900
118,100,e92d7269d21294934da56b2d6949b6d29496bcac60734f4b37e665c83e25ca36,3.933
119,100,edad3669d213969349ac292c6909b25896d69cbce2734bc373e481c83f256db6,3.967
120,100,4dad3664d29bb69349ec4b2c21093358c6d61c9e66734b7b7864c1c99fa564b6,4.000
121,100,4b6c3665929bbc9349cc4b2c5089b358a7d69c1ea63b1f7b6864c989de25d0b6,4.033
122,100,0b6c6664921bbcb3494c6b6c5489b7c88dd6b91e867b3f73606c8919de279836,4.067
123,100,6b6c42669613b8b3c96c4a6c51a9a6e85dd6f10e0f2b3e33616c2f18ce0f3a76,4.100
124,100,a17c4267961b9cb3a97c4a6d702926e93d86c1061f0b3633a1ec67098f0f7e7e,4.133
125,100,a57cca479613dcb3a52c4a6cf22926f9b486c1c61f0b963331ec65899d0f267e,4.167
126,100,6578c24f9253d893852c4b6cf2693ef9b084c1c65f0bdc33b1acc589950f877e,4.200
127,100,6568b34f2e53d0930d2c494c82793ef9a0a449c64f0bd87371acdd88b58fcf6e,4.233
128,100,4d68274f5a52b0936d2ce90c067836f9a4e629c64e0b587362ec5d81b58fdf6e,4.267
129,100,90e8272fd85290936d2ce10d0f78b6b9b4e621c64e4b38730aec39c18da77fee,4.300
130,100,c0ed262dd85392937dace12d4f79d21990a7a186cf4ba8730aec19c00fa577ee,4.333
131,100,c0cd262de84b82931ca4610d6f294a19d8b7b3864f2be273ca7cfbc08ea577ec,4.367
132,100,c94d3625f06b8fd258e4d18d25c9a61b9c97a0864d894333197c39d8bab4f7ec,4.400
133,100,c94f9e0630a3a7b22d644a4552e9b79bdc9384d648c9421b893c95d8b8be67fe,4.433
134,100,65e98f52d8b3d3b29d24696458e9b389be93ae526a49621b513c954c989e72ce,4.467
135,100,61eda742b853ca9255a56f2c68e9b38995b185724d696b0b799cd54c889e66ce,4.500
136,100,43ed966bb453a9dadb95663c68f0b698b0b1c4324d694a0379a6b50dacae664e,4.533
137,100,6be54a65964b8ddac9854b3c7a70b6d8b891b432cfe14a033ba6950dbda6c646,4.567
138,100,e58c62651623acdac98d6b3c6b78b458bc99bc326fe14a436bb6950daba6c047,4.600
139,100,658c22759627b4eac98d693c6348b4589699bc32ff6168432bf6950dbfa648c7,4.633
140,100,75886b53923794e0d98d692c6349b5c896999e3aff6148433bf6910dbfa640c7,4.667
141,100,75cc615312339ce0d98d492c632df5cc95899df85f61586b7bf6910c8fa64287,4.700
142,100,74cca15292329ee0d98d696c632db5cc94899df85f61496b7bf6911cada64293,4.733
143,100,74ad850b96729ee2c88c696c632db5ccb48d9df84f69496b7ab49518ada6061b,4.767
144,100,74ad970b96729ee2cc84696c622db4ecb48d9ff84f29456b7ab4911899a7061b,4.800
145,100,60ed121f96728fe24c646b6c6235b6e4948d9ff84f294d6b7ab49118b1a7461b,4.833
146,100,60cd0a0f9372aff24d666f6c6235b684948c9ff04e2d456b7ab4b998b1a7421b,4.867
147,100,28cd021f937293728d646d6c6237b686948c9ff06ead476b7ab49999318f461b,4.900
148,100,20cd021d93f291368d646d6c6333b68694fcaff04aad4b635abc9919b9cf4e19,4.933
149,100,24cd021c93f290b74d246d6c4333b68694fc3ff46aad4b635aacb999a1ce6e19,4.967
150,100,210d12f893f380b61d24496c4333349694fc7ff46aad4b631bacb999adce6c69,5.000
151,100,210c92f893b39e965d24496c733310d6b6fcaff66a294b631b2c9191adcee469,5.033
152,100,214c33f897f39e975d244948633314d6b7fcaed66a294b431b2c9181bf8ec469,5.067
153,100,294cf3f99733dc974d2449686373b4d4b7f8aed648294a43182c9185bd8ec56b,5.100
154,100,79d8f3b19613de960da469286363b6d4b7d8ae96c9614a4359ad11853bcc456b,5.133
155,100,69d8e2a396139c96adac69387366b6dcb7d8ac16cb614a475bad0105bbac056b,5.167
156,100,61d9e223b6139eb60d2c49787a7eb7dcb7d8a496c5214a4753a98105bbac856b,5.200
157,100,61d9b223b6139e96c9ad493c7b7e37dc95d0e496cf614a4649a9b905b9ac8063,5.233
158,100,69c9b2239653969649ad49787b5e37fcb5d284966b414a7669a9b105b9acd063,5.267
159,100,fdc9b62396d39ed649ad4b6c6b5ab6f4b4d284966f4148762929b104bdac4243,5.300
160,100,7fc1966396fb9cd649ac6b2c635ab6f494d694564e4142766b299004bdacee03,5.333
161,100,2d61726bb6fb9cde6d2c4b2c716ab6fcb4d684564e414a566b2999041eaca643,5.367
162,100,6d70f768b6bb9ed6cd2c4b2d796a3694b417845745416356392999048fece243,5.400
163,100,6178f77a96bb9ec6e9246b2c6b6ab694b41784534561435619a9b10cadece643,5.433
164,100,6178b75e96bb9ec7c9ac6b2d6b6ab6959497845340414356b9a9910cbdece043,5.467
165,100,69fc375e96bb9a87e9a46b2d6beb36959087845340415356d9a1910cbdec644b,5.500
166,100,61fc375e96e3dc87ede4692d6beb3685b0978453424153765921910cbdec6443,5.533
167,100,61bc375e96e39e87c964692d7aebb601909785534a415b7e5901919cbdec6453,5.567
168,100,61bc3656b2c39687c9646b2d7bcb9001b49794534e71577e590991bcbdec4453,5.600
169,100,e1ec3616b3439c83c9e46b2d7a8b9401b685a453ce714f7e590991bcbdec6453,5.633
170,100,efec7f1696c39c83cde4696c6b8b9001b685a4534e514f7e500999b49dec6453,5.667
171,100,3fccf336b6d29503cda46b6c6b2bb001b685e4534a515b7ed0099db49dec2453,5.700
172,100,6fc8fa2c36d69843cda44b6c632bb003b4a5ced36e514b7e700999b49dec2653,5.733
173,100,edd8b26cb69694c3c9256964632bb483b4a98e876b515b7e511999b49dec2613,5.767
174,100,4d99a66d928694d3c9616d64622f309394a98ea76b517b7e511999a49dec6673,5.800
175,100,4fa906c9b2279cd689634964626f3293b4818ea56b517b7cf11999a4bdec6653,5.833
176,100,27e916d9b2279c960963696c626e3213b49196a56b517b7c411b99a4bdfcc653,5.867
177,100,22e9524db2678896c863696c6a7e321394919ea56f517f7c511e99a49dfc4653,5.900
178,100,6069724db66798b2c873692c670eb2939499cea54f705f7c411f99b495fc4453,5.933
179,100,34296e0db66399b24d7b492c670eb283b4d9eaa54f704f6e410f39bc95ec8453,5.967
180,100,2739878d96e390b2cd3b492d6054b2c9b4d8baac6d70536e610fb9bc95ecc643,6.000
181,100,6318f1cdb67398b24d1a692d6ed432d986d89e2c4f74436e41079db49dae6643,6.033
182,100,7f5810ed96728f964f58696d6a74b359b4dca00668d6436659839db4bda62453,6.067
183,100,a25ce06db672919e494e496d4c34b119b49c9487ce524b46d983bffc9db66453,6.100
184,100,3a5c2d25929299874c66672d6e9437d9b684a2876f72634379b195dc99be6053,6.133
185,100,6254a162b6b29cd24d64732d4ab4b2d89cb6a2d7ed7a4f5379b985dc918e4443,6.167
186,100,7a5d1b6896b28ad2cd36692d6cd4265a9426b697df5a474b1bb9910cb12fc443,6.200
187,100,0e1ce348f4923bd39d265fad0ffc235a91a7de947d78444b39a99c0cb5278483,6.233
188,100,866cf36cbce29ad3c92666ad7a6cb41bbda30eb4027a44277a29998c1ba7c893,6.267
189,100,ed2cf26c3e638693e926352c1a2c8f9195b2c6b4625b79237ba1b98c87e3a893,6.300
190,100,ef2ca76d12738493f9240d2442ec6b91b4dabcb4be4b1f2306f0bbccc4f1605b,6.333
191,100,6eecc26992738d9359ac4f64e24c3a1194dade946f4b436362f0f05cbd63701b,6.367
192,100,646c626db6539593e9ac4b64635e1b9185dadfc46943b06398bc981c0de8e7f8,6.400
193,100,4c6c3364b6739693c98c4b65635e3691849bb4874913d7735ab025443d27e6fe,6.433
194,100,4d2cb26596939493c92c696ccb5a34dac693b4a44bb54e6b6ae5ad0cb5a94e93,6.467
195,100,c94db256b6321492da97296d631b84589bb8a6e759b6756ba0586db290ad4abb,6.500
196,100,6924f72c92db149b69e4cb6ce79d2d1e103682694cf1fd13a264548dbd586aa7,6.533
197,100,ed0d7e27f693958ba9470a47733cf781856ba9564ab545a1b54aaa504aa1782f,6.567
198,100,61483263b57395a349a54fe43b4df5da17c8cc2fdf236227dde1b30380179153,6.600
199,100,ec4df276825380f6c9c64f6c7f49b61894d384d65e637f527903b10e95fc8015,6.633
200,100,682df267b253c0f34d244b6c7b49f299969684874ff36e1309a619acf1a9c556,6.667
201,100,6d0d3267b2f394b2cdf44f64394d71d9d29780b36f6362530ba5998ca0a57c43,6.700
202,100,6f2dba6392f3dcb2c9f44f64344d3499b89714a36b7b6253cd26b1848ca50647,6.733
203,100,6f0d1c7ab652a8b26bf4cf24564db48990979da3b96942535926a194fcb1e746,6.767
204,100,260d0678965a31ba63e44b6d72cdf691a6d5dcb1d9694a535923319c38b17fc2,6.800
205,100,a30de26c9e1b90bae5ac096d334d369b22d4deb06b696e53d9439d1c98b10ed3,6.833
