0,100,d3d0983ba16c59e79eb4ba95bad80b05034b3de657b69a08e20ff564fd24520e,0.000
1,100,d2d8985ba76c59679fb4b295aed80905036b19be57b292c8ea4f1525f52c530e,0.033
2,100,d2d899dba76e59e7bebc9295ae580905036919ba569692c0ee4b5505f52c5b0e,0.067
3,100,d6d899da866e59e7b6bcb295aa580905436999aa56969ac0e65bd50dd52c5b0e,0.100
4,100,d6dad9da847e59e6bebeb295aad00105496999aa56869a40e65bd74cd50c5b0e,0.133
5,100,d6d2d8da847a51e6debeb295aad019054969d9aa57a69a60e61bd7ccd504588e,0.167
6,100,d6d2d8da847a51e7debab295bad01905490995ea77a69a20e61bd74cfd045a0e,0.200
7,100,c6d2d8da846a51e7debaba95bad01905490917ea77a69a30e21bd74dfd045a0e,0.233
8,100,c652d8da846a51e7debab295bad019054929ddea57a69a60e61bd74cdd045a8e,0.267
9,100,d6daf8da847e51e6bebeb295aad011054929d9aa57869a60e61bd74cd5045b0e,0.300
10,100,d65af8da847e59e6bebeb295aad001050969d9aa57869a40e65bd74cd50c5b0e,0.333
11,100,d6da99da867e59e6bebeb295aad001050969d9aa56869a40e65bd74cd50c5b0e,0.367
12,100,d6da99da867e59e6bebcb295aa5801050369d9aa56969ac0e65bd54cd52c590e,0.400
13,100,d6da99da862e59e79ebc9295ae5801050369d9ba56969ac0ee4bd50df52c590e,0.433
14,100,d2d899da872e59e79eb49295ae5809050369d9ba569692c0ee4ff525f52c590e,0.467
15,100,d2d8995ba72c59e79eb492d5ae580905016999ba57929ac8ee4fb525f52c590e,0.500
16,100,52d8995ba52c59e79fb492d5ae580905016b99ba57b29ac8e64ff525f52c490e,0.533
17,100,53d8991ba52c59e7dfb492d5ae580905016b8db657b29ac8a64fbd25f52c490e,0.567
18,100,53d8983b012c59e7dfb49ad5be580905016f8db657b29ac8a64f9d27f52c490e,0.600
19,100,5bd8983b012c59e7dfb49ad5be580905016b8da677b69a88b24fdf27f524480e,0.633
20,100,5bd8983b012c59e7dfb49ad5be580905016b9ce677b69a80b24fdf27f524480e,0.667
21,100,5bd8987b012c59e7dfb49ad5be580905012b9ee677b69a00b20fdf6ef524480e,0.700
22,100,5bd8983b012c59e7dfb49ad5be588905012b9ce677b69a08b24fdf2ef524480e,0.733
23,100,dbd8983b012c59e7dfb49ad5be588905012b9ca657b69a88b24fdf2ef524480e,0.767
24,100,dbd8883b012c59e7dfb49ad5ae588905012b9cae57b69a88b24fdf2ff524480e,0.800
25,100,dbd8983b012c59e7dfb49ad5ae588905012b9cae77b69a88b24f9f27f524480e,0.833
26,100,dbd8983b012c59e7dfb49ad5ae580905016b8cae57b69ac8b24f9f27f52c480e,0.867
27,100,dbd8983b012c59e7dfb49ad5ae580905016b8cae77b69ac8f24f9b27f524480e,0.900
28,100,dbd8983b112c59e7dfb49ad5ae580905016b8cae77b69a88f24f9b27f524480e,0.933
29,100,db58983b112c59e7dfb49a55ae580905012b9cae77b69a08f24fdf2ff524480e,0.967
30,100,db58983b112c59e7dfb49a55be580905012b8cae77b69a08f24fdf2ff524480e,1.000
31,100,db58983b112c59e7dfb49a55ae580905016b8cae77b69a88f24fdf27f524480e,1.033
32,100,db58983b102c59e7dfb49a55be580905016b8cae77b69ac8f24f9f27f524480e,1.067
33,100,db58983b102c59e7dfb49ad5ae580905016b8cae77b69ac8f24f9b27f52c480e,1.100
34,100,db58983b102c59e7dfb49ad5ae580905016b8cae77b69ac8f24f9b27f52c480e,1.133
35,100,db58983b102c59e7dfb49ad5ae580905016b8cae77b69ac8f24f9b27f52c480e,1.167
36,100,db58987b102c59e7df949a55ae580905016b8cae77b69ac8f64fdb27f524480e,1.200
37,100,fb58883b142c59e7df949a55ae480905012b8cae77b69ac8f64fdb2ff724480e,1.233
38,100,eb58883b142c59e7df949b55be480905012b8cae77b68a48f74bdf2df724490e,1.267
39,100,eb58883b043c5defdf949b55bf480905012b8cae77b68a48f74bdb257724490e,1.300
40,100,eb588c3f003c4defdf949b55bf488905012b8cae77b6ca48774bdb2577244906,1.333
41,100,eb589c2f003cedefdf949b55af488905012b8caa77b2cac8774b5b2577a44906,1.367
42,100,6b588c2f103eadefc7949355ad48cd05a12b8caa77b2ca48774bdfa537a42906,1.400
43,100,7b584c0e003fada7cf945355ed48cd05a12f8caa77b2cb48774f5fa537a42806,1.433
44,100,7b5a5c4e003fada6c7905b55ef48cd05a12d86ba7fb2cb40774f1ba537a42806,1.467
45,100,675a4c4e403fada6c7905b55ef48d505a52d8eba7ff2cb60574f1ba507a42806,1.500
46,100,6b5a4c4e443fada6a79049557f48d505e525eabaeffecbe055071ba507a42806,1.533
47,100,6b5a2d0e4437ada7a7d05955f748d505e5a18abaefdecbe055430ba707a43106,1.567
48,100,2b5e2d0e4637ace7a6d85955f7485505e5a1eaaaabf6cbe0154b0be787a41106,1.600
49,100,275e3d0e4637b0e7a6d859557748558574a9d6aaabf64968254b8be7c6a490c2,1.633
50,100,a75ebd0ec63fb0a7a6d079556f48558174a5daaabaf6c96025458ae7c7a49042,1.667
51,100,a55fbd0ed63fb0a7a6d079556f40148174a59eaa7bf289602545cae7e7a490c2,1.700
52,100,a55fbd0fd63f30b7a69279456f681481100596ea3ff288602545cae7efe4d542,1.733
53,100,a55ffd0bd63712b78692b9452f681485100594fabbf288e0246dc8f7eef45742,1.767
54,100,ad7ff94bd6b752858cb8bb410f681085500596fa2af29568252d68f7eef452c2,1.800
55,100,ad7ff94bc6b75285c8b813514d6890854a859afa6af28d68252d3af76eb47242,1.833
56,100,2ffff50f46ab728588fa53714d60a3244a859afa4af28578252f3af72eb01342,1.867
57,100,2ff7b50f45ab7a95887aa375dd60a200ca95d87eea7a9638840f22f72bf02342,1.900
58,100,1eb7b54d0d2b6a95983a667ddd68e489ca95ea7fea7ad418840f20f5aaf00342,1.933
59,100,17b7a74919a362a51a1a6739dd68e489e0853e7f4a7ad419b50ff0b5a2f0a742,1.967
60,100,06b7824955a342a1385ae779d760e581fb850e5faa5a5509752fd6b7f0f0e702,2.000
61,100,52578489fde3c2a12a50c6f9f5f04501b3852edfabda5509510f7e97e8f0e702,2.033
62,100,5217ec89b9637aa12a50a5b97df0190bb2850ddf6bda4989700c16b37ff0ef82,2.067
63,100,a237cec9bb6358a92258ad79d9fc110bb2840d5f8bda1189740e0e937bf06faa,2.100
64,100,2023cfc99f631c292a5c8d79ddfc910bf2849ddfcb5ab189640c0a9bb2f02dba,2.133
65,100,7023d7d8b7eb8c28621dcd58d7ecd9034684d95fe55ab189c60c1a9bf2f08c9a,2.167
66,100,f423ffd8a76b8e28621d8f58f5ec5b4346a4fd5fc54a7189c40c021ba2d48cba,2.200
67,100,b4237fd87feb9228e69fbb58f5ed3a030aa430de0d4a71a9c44e425be254483a,2.233
68,100,be231fd80b7b9328ee9f135835ed3a03aaa430760c4a31a98e0e7a5bfa5c783a,2.267
69,100,8fe343d8086b9188ca9f135885ed9201aea4b2768d4af7a18f0e577bab5c7a3a,2.300
70,100,85e241d8684bb588ea8f1358d5eff711eaa4f0768d4af7a10b0fc17ba95c2a2a,2.333
71,100,a16240d86842bf886a8f005cddef7f91eaa4e0765d7af7a10aaf417b295cb52a,2.367
72,100,a07ad05d3c42bf8e0acf0a5c9def3f912ba460565d72e7a108a7857b355c85aa,2.400
73,100,807ad01f1c42a78e80cf025c956f3fd12bf4a0565d72e7a118a7c573755cafaa,2.433
74,100,c07ab01f5c42a78e80cf8270856f1791b3fca0165572efa1b0a7c573f55cbaaa,2.467
75,100,e07af01a5e4287ae804fc070dd6f56b1b3fc80165552efa1b8a70573f55c1aea,2.500
76,100,a07ab00a5e42c7aec04fd270ed6bdfb13b9c88167552cfa1baa70473751c1aea,2.533
77,100,e840bc0a5e40452ee0477a74ef6bddb1039c8c1e775a0fa1baa71c73751c1eea,2.567
78,100,e840bf0a5fc0452e30277e742f2b55b1439ecc1e775a0fa9aab71753c51c1ae2,2.600
79,100,fa40bf0a1fc0652e38a37e742f2b15b1429e891e775a0fe9a2b70753c51c3ae2,2.633
80,100,fac02f2a1be2213e38a33e342fab85b1429e891e77da2be9a2b79753c11cb162,2.667
81,100,dee02f2a92e6813f30a30e350baba1b1c29ee11e77da2be9a2b79153c51cf066,2.700
82,100,5ee00f6a80e7893fb0ab8e35018ba0b1f09ee01a77db3ae9e0b7f153551cf066,2.733
83,100,4af1277fc0e7883fb8838e35418bb091fe8e384a55db3ae9e017d3535d1cf042,2.767
84,100,4afd233fd0a74c3f5e828e35410bf0d17e0e3b4a17db0ae9e8175f531d0c7442,2.800
85,100,6abda317d4a74e172682c3f56189bcd45e4e0b6ad7fb8ae9a81707430d0ce2e2,2.833
86,100,2abda903d4a32f152380cbf561c93ef45f4e8b6bc5fb8869e807c3430da8e2f2,2.867
87,100,0abda90354830f15a1c0abfd21c81ef44f4eabebd5fb6869fc0747431da8e0f2,2.900
88,100,0affa94354c30b14a1c8e27d25481ef44f4661ebd5b97829fc0757d33da8e0f2,2.933
89,100,48f9a941d4e24a14e1caf07d65489ef4c54661ebf4b978293c1757d13da8e6d2,2.967
90,100,6899a94154e26a14f1fafc7d05409e7cc74671abf4b91a29bc0717d13cace6d2,3.000
91,100,7c89bd4154fa3a5cb1fe5e3d0540967cd10630ab9cb91e09af1597d13aace692,3.033
92,100,3c09bf4056fa0a5cb97e5e3d070296bcc10638ab8e990a89af15d7d19aece6d6,3.067
93,100,1e018341d6fa4a1da97e563d4300d2bfc10638ab8e99ca89eb55d7d0f8ece4de,3.100
94,100,4e01836bd57fca0fa94f56246380f0b7590678abce994ac1e9d555d0786ce5d6,3.133
95,100,6e00e36f557f6a0fad4e54046b82f0b719077cab8e8962c1697575f0386ca5d6,3.167
96,100,6fa1e3ff5d2f2a0dad4e54042bc2b4b718877ceb8e8963c5297515f8386c8486,3.200
97,100,6fe9a3ff5d072a8dad421684bbd2b4b70a87f4fb8e8933c4297415f81a2c8486,3.233
98,100,2dfda1ff1c07a68dad42d6a4fbf284b70a17e4f9828df344b97494788a2cc406,3.267
99,100,2dffa16f9c038685adc2d4a47bf28c770e17e5f9828df34491749578d22cc506,3.300
100,100,89ff202f9c07c685abc2d4a452f30c77d617c179762df35471749d70d62c4b06,3.333
101,100,89652023bc03cf85f2e2f57452f30877f6164350763dfb447574dd30f62c6b06,3.367
102,100,d9656423bc03dfa572e2fd7c52b3087ba6164350742d3b445d7e1f10e62c7b06,3.400
103,100,d9654423bf835fed42ebb87d52b31a53ae0653d039299b84093e9f10aeac3b86,3.433
104,100,59604ca337a30ffd42fb387c02131a53ad06d3d029299784cd7ed7158eeeb3a6,3.467
105,100,c9504cab36b38bfd40abb8388d11da53ad02f7d259290484c9fee797cacef0a6,3.500
106,100,ed3a6ceba2b388756021b8158d9177d3ad0255fa182da68479de76972acee826,3.533
107,100,ec0a14b3b2b3d9556c05bfdd07c573c309ea55fa182da684d3d6b6171a4ec826,3.567
108,100,e68a26d3f2b3eb554f05b7dc81e170c3ba6ad4fa4a2dee0453d609031b56e826,3.600
109,100,5688b2dfdabb29502545b3dcd0e57843be7e453e3a0da70551d68d03b5c2e926,3.633
110,100,138c8be658398d58256df06cd8647c338f7f4516b20da7a5d1f6cc0bf5c2512e,3.667
111,100,9504c7cc68614558e56fd42c1a6c6f39a73fc187f28d9ba550f60c2b67c252ee,3.700
112,100,5484f7f67a722708702f902c5a240735a3bff187f0831be580f63e6bafc0b26e,3.733
113,100,4a8507740022af09f48fda2f4a84ebb7b0af58857cd30fe5c176761baf24f06e,3.767
114,100,c29767245036bf09d5c77e2968846995b4dd5cc52ed327758136721a1ba4a5ee,3.800
115,100,dad7214549920fcb47c79a23a6d4f557b422d24586527555d1167d9b1ba4a4ee,3.833
116,100,d2d7b04dd4d6a5db60cbdb21a0c555563fa24b61ab72310a18162ccb0be7e4fe,3.867
117,100,43177a595cb2966b20c15f3189ed575ebea265a1a5f35d08d406a6cbf067c076,3.900
118,100,1795a9090f3ed27b60a9d531e1ad52569ab275b5b7f15e8a7246264b70274936,3.933
119,100,58b5b4892fbdd25b2a89d731a0ad595e8e5a58bd86f10c80c3e69f097037e596,3.967
120,100,6a8592c02fbdd5532bc9de11b48df12aaf4a783ac6756cc061e40f895a3766d6,4.000
121,100,7f6d92557bbdf1516bc8ca15388d55240d4a791e967d3830e5e40d8988371af6,4.033
122,100,d9282ec75b1db5656948af456a8dd7242d0e513a9e7d7030a5e48d09c837d9f6,4.067
123,100,812a2fc7da3935654128af556aad97e4690ec33e3e387032c5e4e5294c3fd876,4.100
124,100,973a2d07daba38e5d5283d55d2b5b6c569868f0eba0c1233b7a4e6294c3f6074,4.133
125,100,9730cd079aba688597a87d51d3f5b4c5e1868f0e9a0c12f3b3a46629383f7574,4.167
126,100,c5f0cd5f255aca959fa8684a93fb7cc541c4cf8e480d5af31384ae89121f1f6c,4.200
127,100,e4a8571f655a42d53e28495b9f7b70c567e4edc6681d58f323c4ea81021f9d2c,4.233
128,100,e8a8370f694a97952420c17fbe6a70c5f7e6e5466c1958d3e3c4e881869f996c,4.267
129,100,dbe9b6adc94a969d6420873fbc62527516e6b706ac293153ffc460817c97618c,4.300
130,100,0bd536ad49eb9b1f70a147bfec284a7d5af717068c2914729d4432c1bc9762cc,4.333
131,100,8bd7b6354debbf1c3085179da529ad3d08f77316ec2946724d6443419e17a2a4,4.367
132,100,5bdfb21505ef9d0888c55a9d5689d41f08f713d63b99723b3574e14151f343a4,4.400
133,100,4debd816a3f756206465a94d2bc1461fec7345c208c9ca9b1dbcf6e949d2eb84,4.433
134,100,27ab5c1289f79b3012a7d466b9c11b0d3423556230c9a21f2fbcde69b9dae3cc,4.467
135,100,a781540ae5dfad102ab75676ede04f8d6fa15e229ded900f419c46293d7a694c,4.500
136,100,8b853a2b74eb35588b131276f5e0139ca791aeb24da51e0ff196a22d157f2c4e,4.533
137,100,8d852875feae55c8891b5a7ac8e010dcf1d122724ba51e0ff9d6aa2d9d374e0e,4.567
138,100,c580a575b62d74c8858b643aec607c48f159707283013ceffbd6aaadbf33498e,4.600
139,100,468ae577ba7552c8838f7638af227c689c59707a820134e39556caadb73339ce,4.633
140,100,608ac553ba75dac08a8df3b8af24de6cde09f1788201d0eb5556caa9553399cf,4.667
141,100,2088959b3974c9c0088dfbb8a735cfacff0961782a01e0eb55566ab96c33fb8f,4.700
142,100,32c8159af974dd44688dc190a7b58facfd0d6b182801a0eb35562eb9ec333f9f,4.733
143,100,82c91dbbd6701d4448cd7190a7b50fa4f5ad6b902809bdabb57636b98433be1d,4.767
144,100,8ac9581bce70dd4448ce619027f59ba4f4ed7b90280dbcab987656398eb3f619,4.800
145,100,0acdf81bcff0ec666cee705027f792a47ced2f80080ddca39276c2198bb36e19,4.833
146,100,25cda91f7fb0a5663c6eb05891f7dae67cecaf8020154ea152764219a383ef19,4.867
147,100,35cdad1d57b0a7269e6e9028d5f7da665cfcaf00e2155ea16a741119338bac19,4.900
148,100,34cd9f9d5fb00326de2ed03add7348664ffc2700a255eea34b741819b38bac19,4.933
149,100,15cdabd8d7b04726be2c523a4f1368766feca700a2d5fd230a741119d78fa869,4.967
150,100,b58d8bd8d7b24a36b8244ebaeb1368f67fe42740b295e1637e340119f50f08e9,5.000
151,100,358c9bd0c7b37e16282cffba6a3368e675602740b6b5d1437c34511bd50f48e9,5.033
152,100,dd8cd3900f33e8167024ee3a2e3379d62560b456b7bd9043f87c6393450fcea9,5.067
153,100,d9c8cb91af23e01674a4af3baf7371d421609556b7a99047d9fc6e93010f46a9,5.100
154,100,f9c8ef91ad33241634ac873b85f271d41920d5565ba15c4749ed2e9b214eeea9,5.133
155,100,c9c86f9381137554528c8f3bc06671f40828d5564b292c666bedbf9ba34dfea1,5.167
156,100,31c98d93a11bdb1472b98f3ae0f619942828855643a92d76cfe9bd8b93cd5da1,5.200
157,100,47cb80b78d13d35c5e994b7aecc231343c08a7d612812bf69fe1811fbfcd5921,5.233
158,100,498b9417b11a7edc61996a7ae1c2bc34100ae796b20128f6f7c1d1dfd78d592d,5.267
159,100,c18b5407ff1a18dc2f192a7aaf827654d10af7d6d009bcf6f46151df4c85a929,5.300
160,100,e84b2a03ce8b004cc58dbb3ad7ca1fd4498efbd67081aafeb671585f6a849529,5.333
161,100,dd61ab41a3a96868f40d7b3953eacbd4806eabf21c01ef7e4521394feec45309,5.367
162,100,cff00221d1b9784e96ac080d7ceaea14f06f56775481673e55a19d4fafe45b09,5.400
163,100,e7f022aafdb94e4e87a4081dadea2a14546f16639aa96b9e5da1956bafe40149,5.433
164,100,e7f0718abbb94e4f87044215acea2a15597f1ee39381eabe5081917fcee49149,5.467
165,100,e3d0358ab8b7474fc304909dafeb20151b671e439b61ea9e51a1127ecee4f549,5.500
166,100,e3d0351a39a7ce0f46649095abcb281517770c83a369eade28a15efecee4e549,5.533
167,100,c3d4b11e31a7ce07066475b5b85b0eb515579d83ab49e89ea8215efcdea46449,5.567
168,100,8594721e31ab9e07446467b5f01b4c355c579963ee51aabe6a21f4f0fee4c449,5.600
169,100,47a4701ef1ab9e0f42c4e735f0130f75dc55974348d9a2be4809f6f03ee438d9,5.633
170,100,8fcc7096e34b38af02c4ef3562935ef79455054388492ebe5a0bacb0be6c72d9,5.667
171,100,19cce1b6f4ca6b2b9e84c76420977aeb9c15454390d969b4c25bbeb03c6c7671,5.700
172,100,f4c8c934f0868b6b1ea5c36462b77aeb16358d4321d9493ca21b8eb0bc6cf771,5.733
173,100,ccc8917ce5861a4bfda1824463b77a9b54258f5725d1c93ce21b3e343c6cb731,5.767
174,100,6999d7ed69167ecb5923a6c4ab3762937e2587470551413cc65b2e343a6c2731,5.800
175,100,5ab1fec9c1076cc67f63bfc48277699376a18a654551e168c49b0e70b2ac8f31,5.833
176,100,3b61fad9a5676cd63f6397a4a676e313748192254551e1a8451b5e30b78c8b33,5.867
177,100,bfe14ddd16673dd61a63c3a4c47631135c919a25455071ac2e1b3f305f8ce9b2,5.900
178,100,937169dd8267c5928a63e9a44c16391b0e91cb257dd038ec8e9b8f709edc2db6,5.933
179,100,30316c0d322759120e7b79bcbe968103e6c1636527d01eecc6df6170fefc14cf,5.967
180,100,b6398d0d97a74bb2847b3bbd46d6c14970c8317485f08a6c658f3170dafe4a47,6.000
181,100,1338c38534e1f890e45b928d2c56fb492c789b3cc5d0ea2e248f9c32cd3e7f67,6.033
182,100,b348e9c50c709f1c664adbad6c56f32947fcd3be65d2b3260087c692609633e3,6.067
183,100,5b6a65e54672db9c75ca99a5ac7691a908bcba074cd295664903365abb1636e3,6.100
184,100,f96abca5f7d6198f24630625e6167308e8843747d5d2332261913f58d9be370b,6.133
185,100,975257a262d6c842a02213b559d23f48cce66777c9fa483b00b16ef8cbaf6ccb,6.167
186,100,e153d9282ed28f48c5b3c3bdccd2364ad0a6371311b8ee0bdba9da6c232f4c87,6.200
187,100,7c5a07a842bef34978aeba09fc44b76ac9a7e890b1c8a6cf31e1cc2c1227dcd3,6.233
188,100,9e6a83c8f0a6ab4105aee6ddc176122b90a7fe50d3689aaf2375ec1ee2079993,6.267
189,100,9c7e4b4d28668e01812ef28f19545c038ea3efd4237dc9a7a091b59ecec375d3,6.300
190,100,1010dfab3d76cf93416e5c820f54e511f2fa1054116ef8a7fed0535e0ec3a379,6.333
191,100,09508bfb38f69d91637cbc02837e75115aea8854450e2ea727d0237ed9eb633d,6.367
192,100,82fced1d466f1e9157de2902c7de7901beaaab04f58e12a319d0d97efca20e80,6.400
193,100,9aed3130c5711a598fce380707da70118f9fd2873d9a9ab3a952e74a30a79676,6.433
194,100,984d579164a5e3b9191cf1e0de1af2caac5bf2d5691496a44d4514add2abac57,6.467
195,100,4d4d5350f4b0aeb6495314cff73b2c68897156c7ab94862b5558a5921aadadd9,6.500
196,100,4056003a9df6b9ed63c9420b9696b53eeb665f492ad101b69774aacd5d18aa57,6.533
197,100,112f2b178a9b4eadd5473d576394c2a1bca95542fb55ae8151aa55522a97e2ad,6.567
198,52,3768fb6301ab32a5ef97be0071478d8a3f2868ad0903777788813307ceff131b,6.600
199,100,806e01fa0fff1ffaff47dc00c0039c78ffeb3ff870030012c003c00efffc1f1c,6.633
200,100,80ff012707ff07626c727900f10d43789e4f1e437e90f4937d86f9bd03a307ce,6.667
201,100,d007d1ffb3f777e01ee05c80309fe5a4896f0343c60906533c0791eeaf71e0ee,6.700
202,100,7c1f40fbfbf102f0ef609e0030eef4a5e96ff383c12823530c2601565eb17f66,6.733
203,100,2c3bfcfa507025f0e7408e553ace04a51df77881d1a8ff53fca6c75e20b10f06,6.767
204,100,7e7dacb89838f3b8e700cd4fe24c84070f54089111e97e53f9a3f65ef0b3e106,6.800
205,100,175f0f3c185c31f837a87deffb4df223f744ac9101a80c59282b145a3bf3fc02,6.833
