0,100,b2dc981b696c994787bc36a51ed8da89d24b855625b6bff8768b21040b44dbce,0.000
1,100,b2d8981b616e894705bc34955edcda09d24b9156a7b6bff866ab25050b54dbc6,0.033
2,100,b2da18db652e894605be34855edcda09d24991562fb6bff866ab25040f549bc7,0.067
3,100,b6da18da652e896604be34855edcda09d24991562fb6bff866ab25048f549bc6,0.100
4,100,b6da18da6d3e096604be34855ed85aa9da4995562de6bff866ab20048f449bce,0.133
5,100,f6da18da6d3e216685be34855ed01aa9da0995562de6bff866bb20440f449b8e,0.167
6,100,f7da98da6d3e206685be36a51ed0daa9da09915625e6bfb8669b20440f449b8e,0.200
7,100,f7fa98da6d3e306785be16a51ed09aa9da09915625e6bfb8669b20040f449b8e,0.233
8,100,f7da18da6d3e206685be36a51ed05aa9da09915625e6bff866bb20440f449b8e,0.267
9,100,b6da18da6d3e216685be36855ed85aa9da0991562de6bff866ab20048f449b8e,0.300
10,100,f6da185a6d3e096684be34855ed85aa9da0995562de6bff866ab20048f449bce,0.333
11,100,f6da185a653e096684be34855ed85aa9d24991562db6bff866ab25048f449bce,0.367
12,100,f2da18da652e096604be34855ed85a29d2499156afb6bff866ab25042f549bce,0.400
13,100,f6da185a652e896604be34855edcda09d24991562fb6bff866ab25042f549bc6,0.433
14,100,f2da185a652e896604be36855edcda09d249915627b6bff866ab25042f54dbc6,0.467
15,100,b2da185b652e896704bc34855edcda09d249915627b6bff866ab25052f54dbc6,0.500
16,100,b25a981b652e896705bc16855edcda09d249955627b6bdf86eab25052d54dbc6,0.533
17,100,b258981b652e894725bc92855edcda09d24b955627b6bff86e8b25052d54dbc6,0.567
18,100,92dc981b692e894785bc92955edcda89d24b955625b6bff86e8b21052d44dbc6,0.600
19,100,92dc981b692e894785bc92a55edcda89d24b855625b6bffc6e8b21052d44dbc6,0.633
20,100,92dc981b692e896787bc92a51edcda89d24b855625b6bffc2e8ba1052544dbc6,0.667
21,100,92dcd81b692c896787bc92a51edcda89d24b855625b6bffc3e8ba1042544dbc6,0.700
22,100,92dcd81b692c896787bc92a51edcda89d24b855625b6fffc2e8ba1042544dbc6,0.733
23,100,92dcd81b692c896787bc92a51edcda89d24b855625b6fffc2e8b81052544dbc6,0.767
24,100,92dcd81b692c894787bc92b51edcda89d24b855625b6fffc2e8b81052544dbc6,0.800
25,100,92dc981b6d2e896783bc92b51edcda89d24b855625b6bffc2e8b81052544dbc6,0.833
26,100,92dc981b6d2e896783b492b51edcda89d24b855625b6bffc2e8b81052554dbc6,0.867
27,100,92dc981b6d2e896783b492b51edcda89d24b855625b6bffc2e8b81052554dbc6,0.900
28,100,92dc981b6d2e896783b492b51edcda89d24b855625b6bffc2e8b81052554dbc6,0.933
29,100,92dc981b6d2e894787bc92a51edcda89d24b855625b6bffc2e8b81052564dbc6,0.967
30,100,925c981b6d2e894787bc92a51edcdb89d24b855625b6fffc2e8b81052544dbc6,1.000
31,100,92dc981b652e894787b492b51edcda89d24b855625b6fffc2e8b81052554dbc6,1.033
32,100,925c981b6d2e894783b492b51edcda89d24bc55625b6fffc2e8b81052554dbc6,1.067
33,100,925c981be52e896783b492b51edcda89d24bc55625b6fffc268b81052554dbc6,1.100
34,100,925e981be52e896783b492b51edcda89d24b855625b6bffc2e8b81052554dbc6,1.133
35,100,92dc981b652e896783b492b51edcda89d24bc55625b6bffc2e8b81052554dbc6,1.167
36,100,92dc981b652e894787b492b51edcdb89d24b855625b69ffc268b81052574dbce,1.200
37,100,92dc881b6d2c8947a7b492851edcdb89d24b855625b6dffc2e8b81052574dbce,1.233
38,100,925cc80b6c2c8947a7b492855edcdb89d34b855625b6dffc2e8b81052574dbce,1.267
39,100,125cc80fec2e8907a7b492855edcdb89d34b855625b6dffc2e8b81052574dbc6,1.300
40,100,125c480f642e0907a7b4b2855fdcdb89d34b955627b6dffc2e8b81052574dbc6,1.333
41,100,125ac80f642e0907a7b4b2854fdcdb89f34b955625b6dffc2e8b81052574dbc6,1.367
42,100,125ac80f642e4407e7b4ba854fd8db897b4b955625b69ffc2a8b8105a574dbc6,1.400
43,100,125a8c0ee42e4526e3b49a854fd8dbc97b4b955605b6dffc2a8b8105a574dbc6,1.433
44,100,125a8c4ee52f4126e3b49a854fd8dbc96949955605b6dffc2b8b8105a5745fc6,1.467
45,100,525acc4ee52e4526e1b49a856fd88be96949955600bedffc2bab9105a5545fc2,1.500
46,100,525acd4fe52e4d2661b49a812bd88be56929d55200befffcabab9105a5545bc2,1.533
47,100,525a4d4e65274d2764bc9a852bd88be54909d55240befffcaba39005e5547fc2,1.567
48,100,425e494e6527242764bc9a952bfc8b416b29d55600b6fffc2be39005e564ffc2,1.600
49,100,425e494e672f242764bc1a9543fcebc16929955600b6fffc2aeb9005e564bfc2,1.633
50,100,625e094e672f342765b21a8543fcafc13929955600b67efc2bab9025e574bfc2,1.667
51,100,6a5b094f272f342764b01a854afcafc13b29955600b67efc2eaf90a52574bfc2,1.700
52,100,6a1b094ba72f342764b21a854afcbfc13e29955200b67efc6eafd0250574bfc2,1.733
53,100,6a1b0b4ba72f34a5e4b21aa1cf78b541dea9945220b2bdfc2eafd0250574bfc2,1.767
54,100,4a9b1b4ba5a734a5e4ba1ae1cb78b541dfa9945202b2affc2f2f50250574bec2,1.800
55,100,4a2b0b4be52334a5ccba32e1ca78f341dfa9941310b2effc6f2f10254574bfc2,1.833
56,100,4a0b0b4ba52334a5dcba3231cafcf341daa9941b70b26ffc6f2f00a15574bfc2,1.867
57,100,40232b4be12b10a5deba62398a7cf741d2a9d01f5632afbc6f2f6031d574f3c2,1.900
58,100,80232b49c94374a59ebe60298a7cf541daad521f523a2fbc6f276035d574fbc2,1.933
59,100,c0a36bc9ad6374a19fba62298a7c6d41dbad021fd63a2fbc2f272031957473c2,1.967
60,100,c023e6c9ad63f5a11eb262392afc49411badc21f76baafb82f2f2031357473c2,2.000
61,100,d2a3edc9296375a95eb2e4b92afcc94113a5421f539aafb8bf8604b155744b42,2.033
62,100,f2234fc9186375a976b464391afc914133a5c89f52da7fb83f8ea4b115744352,2.067
63,100,7223cfc908639da976bcc8199afc914177a5ca9fd2d2bfa82fcec0931474415a,2.100
64,100,7a23cfd90563ad397e9cca18bafc914135a4889f6bd23fa86fc6c0931474c15a,2.133
65,100,3f43abd80173af38769cc218a2ec9141d5e48a8f6bd23fe8efc684931474cd5a,2.167
66,100,3f6302f86073a538669e0298206d9251d5e40a9f6fd23de8efcea09374f4dd5a,2.200
67,100,2f6302f84073b538648f0298286dd241d5e45a9fefd23de8efce301376d4d55a,2.233
68,100,076380d8c013b5b8648fb2dc686fd741d7643a26efd23de8cfce20131edc955a,2.267
69,100,c173c098d807bd98c48fb2dce86f9341d7643a26ef523de8c7cea0134adc955a,2.300
70,100,c173f01cdc472d9c548fbadca86f13d155647a36cf722de8c5c620134adcd15a,2.333
71,100,7872f01d5f422d9c448fbedc886b13f155647a369f7225e895e660134bdcd14a,2.367
72,100,707a381d0fc225cec487fedc886b03f1d1547a369f7265e895a760338bdcd14a,2.400
73,100,785ab41f8fc221cee487f6fca86b42b1d1547a36bf7265e894a7602329ccd14a,2.433
74,100,785a3c1bafc2614ef4c7f6fc886b82b111547a36bf7265e834a760232bcc954a,2.467
75,100,7e5a3d1aafc2a54efcc7fe7c086b8bb111547e362e3245e934a7a0232b8c9542,2.500
76,100,5e5a3f1aafe2e14efc47be3c026b8bb1915cdf162eb205f934a7a0230b8c9542,2.533
77,100,5e585f0a9fe0e14e3cc7363c436b8bb9d15cdf1e2aba85f934a780230f8c9542,2.567
78,100,5ed80f4a07e0216e3d67163c434b8bb9d15cdf1e239ac5f974a78223fb9c9442,2.600
79,100,1ef8434a05e2212e3d67063cc14bebb9d5dcdf1e239ac1f974a7a2b3eb9c1042,2.633
80,100,16f8434a80e6612e3d63063cc14be9b9f5de5f5e209ac17974a7a293fb9c1a46,2.667
81,100,94f8435ab4e6e82f3d23023dc14b78b9f5de7b5e219a302974a72a93eb1c1a46,2.700
82,100,94e8435bb4e688273d22823dd10b78b97dde7f5e219b302974a72a93ab5c3a46,2.733
83,100,d429431fbc678e273d82c23df18b7eb91fce1f5a219b142924a72a938b5c1a56,2.767
84,100,d6296307bc278f07bd82c2bdfbcb3eb917c6135aa11b900904a7aad38d5c3e52,2.800
85,100,16297b03ada7c7073582c2bd5bc91ef886c6d34aa11b90094ea7e3d3cd5c7672,2.833
86,100,12bb5b032da3479575c042bd7bc91afc82c6d14ba15bd0096aa763f1cd5c7672,2.867
87,100,d0bb5bc3ada3c79461d040bd7bc88afc82c6d14ba91b74090aa76bf18d5c7c72,2.900
88,100,d0bb7bc1ade2c79478d8303d7bc8827cc246504b291b3c092ea72ff18d5c7cf2,2.933
89,100,dc8b7bc1adf2769478da3e3dff40866cc246514b2d1914092ea5a7f10d5c74d2,2.967
90,100,5c897bd1acf2769c38de0e3def40066ce246314b2d1994092fa5a7f1955c74d6,3.000
91,100,4c890af1a4f6969c385e863deb40866cf206157bad8997a94fa5a5f1955c56d6,3.033
92,100,8e8902f0a47ed68c085e862debc2a02dfb06157bcd89d7a96ba5a1f0955cf6d6,3.067
93,100,8e89c2f9a47ed28c485ea72cf3c0b12fda07157bc589f7a96aa5a0f0955c60d6,3.100
94,100,c7c972fba01ed68c484eaf0473c0312fdb871d7bc7a966e97aa5a0f0144c68d6,3.133
95,100,c7e9727fa916578c4946af2451e0342f9a871d7bc6a966ed5aa528f01c4c68d6,3.167
96,100,47e9706fa907578f4b46afa451f20c279a870d7bc6a932ec18b4a8f89c4c6dc6,3.200
97,100,41e9706f8d07578f49c6a7a410f20c27da876c7bc6a972ec1a34ac78954cefc6,3.233
98,100,406b782f8d03e5a549c2a5a410f3ec23d6876c7bf6a932ec3834ac78974cefc6,3.267
99,100,c86b782f8f03e5e448e0a52490f3cc03d687687bf6a93aec3a34ae38954cefc6,3.300
100,100,c8697c239f83e5e450e0ad74b0b3cc13a687ea7b26a932ec3a348f30b54cdbc6,3.333
101,100,d9697d231f8185ec34f02d7cb4b3d8136787f2fa260932ec2a348fb0a54c5ba6,3.367
102,100,9b616d232fe385ed34f2283cb4b3da136786f2da2f0932ac2b368fb0c54c13a6,3.400
103,100,9b616d6327e381edb4f31a3db5339a134f86b2d21b0992acc93687b4c54c13e6,3.433
104,100,9b50cd6325b3c0edf42b1a1cf7139a134f86b3d85909b5acc936a7b4c54c13e6,3.467
105,100,db58cd6b25b3d0adf4211e1ccf8192d34bc221f298096dacd81665b5d44e7de6,3.500
106,100,4b58cc6b7433fab57f211f9ccb8122d34bc220fa9c0965ac301625b7d4ce7e66,3.533
107,100,cf5ae42334b39ab54fa1039de1c930d3d95aa07a9c0d67a4b016279392d6fe66,3.567
108,100,674866a335335a94c7a520bce0e93cd31e7aa47a960d47a4b096df8393d65f26,3.600
109,100,a7c832e19eb35a9468e530dcb8691e538a5be91e170d6ba43056cf5329d67b26,3.633
110,100,b1ccd2c49e3bcbd06865341c9e690f5bc30fe907378963e43036cd5229d6b96e,3.667
111,100,a9cce2445e39e9dc6c6f2d2c966cc309630ff987358981e5a0369d5a65f6944e,3.700
112,100,8fed00741c366d9c7d67bd2c9704c309714b798f3da390e5e036165b47f4344e,3.733
113,100,d729e064ff3663b82d879f2fd584d101390b9dcd8cb380a5ea36375b43e4304e,3.767
114,100,f2836324ff3483b8a5c7972b4c845a852ccf9ecdc4b362a5fa36371a93e4604e,3.800
115,100,92c34a6d1db6c1b3e0c7962b64c56a552e7ab6e966f22a953a160ddb91e6604e,3.833
116,100,b6d35a49adb660937cc3933150c1a2540f7adb6952723f809d96c5dbd0e7606e,3.867
117,100,f21b1a598536a4d37da58b39d0499056457a796969738dc8b58664db3827fa2e,3.900
118,100,d30b4b49c134b4137ca1af397849f254d4da3da9203185c837e6675b3e27db36,3.933
119,100,d1292dc9493ca61055a8a7b178099a54c6de9c3de4b1cde0f3e683593f2769b6,3.967
120,100,5eed3ec945ac2fb0c9cc87b11c893b5c435e5e1a66394df070e4c1d99e2360b6,4.000
121,100,9b49bec5918d2cf441c8f6b59489bb4ccb5e1b1aa63d3d306864c9d9de2390b6,4.033
122,100,9b5ac2e7970d2ca559d866f554a9a76c4b5ebb1a861d3c306064cb19de23983e,4.067
123,100,fb584ae794082ca5f9584ae554a9e3ec5f4ef30a9f08343061e46f19ce0b9a7e,4.100
124,100,a35a4be7951a3ca5a1780ad5b0a926ed59c6c30e9f0cb43221ec6719cf0b7a7e,4.133
125,100,a17acb87953a5ca5a5780a55b0312eed79e6c3469f8cb43331ec67191f0b227c,4.167
126,100,6570cb876f18dca5a5385a52907b1ee970e6c1c6df8d94b3b1a44589b70f836c,4.200
127,100,6578f18f6e52f0a52738d85a827b3ee960ee49c64f0998b270a45581f70f9b6c,4.233
128,100,5dc8270b7852a0a56d78c81f067a3ce920ee6bc64e1998f262e47d81e78fdb6c,4.267
129,100,90e9252bf85a26b56d28e11f9e7a9269a0ee23464f1938760ae47dc10fa77bcc,4.300
130,100,d0c9072dd84b139e3cace11f4f79da399067a306cf09ac720ae437c10ea777ec,4.333
131,100,d2cb272dc84b0b943ca5218d6f194a1bd82723874f09a432ca7cf3d18eb3f7ec,4.367
132,100,834b36a5e06f8fd458c5908da5892f1bd827218715992532297c7fd0aab3f7ec,4.400
133,100,c94b1e1770a7a7366c654ac5d0e9f70b5c23e2d2c8c9c41f8d3ca5584ab2d3ec,4.433
134,100,61eb8f12d8b597b4b527ac6458e193093e63be527cc9721fe03c85590a9a73cc,4.467
135,100,63e9af5268974b9457a5a63648e0d3894ba197729d69a60f69bee549081a5bce,4.500
136,100,d3e1960b34ce29d8d393b63638f0b3cc69b1c532cde9840739a6f50da83b5a4e,4.533
137,100,cbc1ca33044eadd8db93963ed8f09edc3891f032ffe1840739a6d40dab23d24e,4.567
138,100,ed806a35262d25c8e98b6f3a4e709c5c3ad97832ffe184032bb6d40d6bb3d84e,4.600
139,100,e5886a311625b4e8f58b253847708e4c9ad93e3affe1a4432af68401efb3d8cf,4.633
140,100,f58869131224b4e4d58d3538c328874c9749bf5affc1b463aaf69401efb3988f,4.667
141,100,74d869131a34dce4d88d79b8432dc76c83495b787fc075632af654194fb3908f,4.700
142,100,34d9a9122a348fe4588d7bb863adc36c0b49fbf87f8935632af605116fb3020f,4.733
143,100,b4c98d1b26748fe4dc8d7bbc62a5c3ec01495bf87f8925632ab62511efb30219,4.767
144,100,d4c99d1bc4700fe4dcce3fbc60a593ec004d5ff87fa9a5632ab6a511c3b30219,4.800
145,100,d2c91b1bc5306fe44c4e3efc60b7d2e4004d5ff87fada5632ab6a51943a34219,4.833
146,100,c8cd4b1f05306f662c663e5caab792e4084c7ff87eada5e32ab6e51933834219,4.867
147,100,28cd091fa1b023662566bf588a379a66c06cfff86eada5e16ab4a51971cb5a19,4.900
148,100,08cd801da1f065268d66bd5acab3da66c8ec7ff876ad256362b4bd1961cb5a09,4.933
149,100,80cd4098a1b265268fe4b55adbb3da46c2ec7ff062ad2de3c6b4bd11a1cb5e09,4.967
150,100,208d53b861b2e4261fa4855a5bb3d0660bfc7ff026ad7d6306acb8912fcbd869,5.000
151,100,014d1bf8e3b307a63d24055a5b3350467bfc7fd420adb7c32cacb0916fcbd069,5.033
152,100,994cbbf8c7332ea63d240552423398c47bf87fd420a9bf432cac0191efced569,5.067
153,100,9bd853b947236ca63da44512427398e47bf8aad62129ac07bcac45117fcfd569,5.100
154,100,9bd8c3b14f236eb62daca513c2723af4df78aa169129ac071cad05037bce5569,5.133
155,100,dbd943a3ef132cb4b5ac8513f2763bfcdf58aa16d1294c0600ad05037bcf1569,5.167
156,100,79d9cba36017abb434bdc1527c76dff4df58e116f1016c0624a92103b2ef9169,5.200
157,100,c1dbf9236c133bbc85bdf5125cf67ffc9f586016b501602624a1e0031aef9969,5.233
158,100,d9d36e237d920ebc319d94527fd21ffcdf5a40163701483624a1a007efaf9869,5.267
159,100,f9d3ec030f92acf4659d567aefda9ff4975a40163d0104b624a1a007ffad4a09,5.300
160,100,5ac15723e7fafc7ce98d373ab7da97f4d14a10563c01843626a190177eacaa09,5.333
161,100,8b6143e97fab5ddc2d8c1f39fdfad3f4f8464052a501e0166fa100075eec9349,5.367
162,100,c370ff693fb80f46a5acdfad9dfa5fb438478053a501651625a180474aecd349,5.400
163,100,4370f77a0bb98f66e5a4fead58fa5fb4984780539501751625a1a10762ecf949,5.433
164,100,4378755a0fbee747e7a4fead58fa5ea590078043b1011516bda1a017efecb049,5.467
165,100,7a583dde1dafe586f7a4bead4bfb5e0590478443c0415596bda1a414cfec2049,5.500
166,100,72f43d5e3da3e487e7e4fcad5afb5a058207c541601155b63da18414ffec6049,5.533
167,100,f1fc3f1e39abe787e6642dad1edbc005c24781435251d5b66da18434bfec4049,5.567
168,100,e1fc7f1639e38785e46423ad3e9bc001ca0791534ed1f5b6d421a4343fecd859,5.600
169,100,f1ec3d96314387a7f4e463ad7a93c0018a85a153dcd1f5bedc0124b43fec9859,5.633
170,100,cbcc391673431d23e5e4632df69b80018a25e953ded1f5beb4016db49fec3051,5.667
171,100,9bcc79162dc6752ba5a4e2647abb9003caa5e353fcd1fdfea41145341fec8011,5.700
172,100,3fc9cb2c3dc6c14395a4f66470bb80039a29ca4371d1fffc7413cfb41fec0251,5.733
173,100,dfd99a2c6d8684430de5f6e4732b9003ca29ca01e9d1fffce4131fb41fcc2231,5.767
174,100,dbd948ed698624c3856365e4523b50031229ca25e9d1fffce413efb41fdc6321,5.800
175,100,93a94cc969a74cc6256325c4e22f50031229da25e9d17ffce4138fb43ffcd361,5.833
176,100,12e114d96a274d860463a564e27f70031a899a25ebd17dfce413afb47ffcd341,5.867
177,100,026940d9a2272d968673f564ea161a039ad9da25efd03dfc84132fb4bffcd903,5.900
178,100,9269580db627edb2c6737d2c86161a03ced9da2d0dd03dfc841763f495fc4943,5.933
179,100,36294f0d3f2729b2267b09ac04968b836fd97a2d65f08d6ca0176bf495fe8847,5.967
180,100,07394b8d27e1d1b2e41b01adc4d6fac97ef83a2ce5fc956c20073874957ec247,6.000
181,100,f35bd18d2c6118b46c1bb18d5ed61a494ff89a2ced94572e2407bd76cd1e0343,6.033
182,100,3b5848edce70879c6fdab1ed4af6b369e37c800f2d943026e083b5f27d968043,6.067
183,100,925a686df736b19c2d4a916dcc369929dcac5207ccd6a766eca327f23f960043,6.100
184,100,1a5a4d2526b69986ec67e7256e9637c9dea422c7adf225667db1a5d8991e0043,6.133
185,100,c252b12874b6fdc47e62b3add896cbd8c8e66257fd7af5123db1645cc00f0043,6.167
186,100,7a53997846b6cb50e536f09ddcd6e65a95273313bd58c78bb3b9040c702fc803,6.200
187,100,0e5be158f5b63b519d2616890ffe035bd927de903dd864cf28e9cc0eb6278083,6.233
188,100,965af1d83ca64ad1ed2666ad786eb54bfd234ef0325884277a214f0e63a3d891,6.267
189,100,8c5ed2c97c2686a1f90634859a2ccf01d7eb42b4e25df9277fa13d86c6f31911,6.300
190,100,be5883c92926e5b1f92e8d82c2fc695134daba94b84e1d270ef0b2dec6f36059,6.333
191,100,dad8c1591c360db172ae8fe0f2fe3b41945ada14ef4e45a166f0725e98733119,6.367
192,100,f25c4b0de4272591649e5fe2e2de1b4107ca5bc469c6b42398b4981e0dfac7fc,6.400
193,100,966b3938eb3c9695c08e3f07e0de1a41c74bb0c7099695335ab067463d23e2fe,6.433
194,100,da4fa1a16d2db1b08b9e3160875a30d84a9b30f95bb4a4246ae5ad4db5bb4e97,6.467
195,100,cb49ba546d305534da93a4cf211b4c4cdb79a6c759b4b54ba0586fb290ad4abb,6.500
196,100,e697dd3a8176016d72c9d68ba5942d3e526702495cd1f536a264548dbd587aa7,6.533
197,100,b90b7b95d683c52fa9470ad773bcf7a18d6b2b560ab555a1b542aa5042a1702f,6.567
198,99,c24b116bf57b35ade5b70fd03a45c9da1768d92ffd832227dde1320380179113,6.600
199,100,da4fe07ec10781f607c7aff0ff43de5a004b0f5c3d43fd16fd03a00e17fc8004,6.633
200,100,f84ff8076027e7f44db61ff07b09f379824b86c327902c958da618adf02bc554,6.667
201,100,9a4b380771b725f4a5f08fd0390f6949da4fd2d3e7c8e4930fa7b80642a17c4e,6.700
202,100,1e4bf83338f464b4c7f09e803c4e6dc9d84f13e3f95862d3cd26e094ceb19346,6.733
203,100,4e0b5c3abd7061bc63f0ce8596cffc21886f1fa1b97826d32d26e09678b1c346,6.767
204,100,060b4d389c3a31bc67f0ca4772c9fe03c2e5ddb1f97884933d26249678b17bc6,6.800
205,100,a20fcb3c9c1c30bcb5a8096f13c9334b62f9ffb1f968ec91b563a41618b11fc2,6.833
