0,100,b2d8981b616c914787bc36a51edcda89d24b955627b6bff8668ba1050b44dbc6,0.000
1,100,32da185b652e896605be36855edcda09d249955627b6bff866aba5040f44dbc6,0.033
2,100,b6da18da643e896605be34855edc5aa9da49955627b6bff866aba0040f449bc6,0.067
3,100,b6da18da643e896685be34855ed85aa9da09915625e6bff866bba0440f449bce,0.100
4,100,f6fa18da6c3e816685be34a51ed85aa9da09915625a6bff8669ba0440f449bce,0.133
5,100,f7fa98da6d3e904785be36a51ed85aa9da09915625a6bfb8668b20050f449b8e,0.167
6,100,e7fa98da6d3e904785be16a51ed8daa9da09915625b6b7b8668b20050f44db8e,0.200
7,100,e7fa98da6d3e904785be16a51ed8daa9da09915625b6b7b8668b20050f44db8e,0.233
8,100,f7fa98da6d3e904785be36a51ed85aa9da09915625a6b7b8668b20050f44db8e,0.267
9,100,f7fa98da6d3e906785be36a51ed81aa9da09915625a6bfb8668b20050f449b8e,0.300
10,100,f7da18da6d3e906685be36a51ed85aa9da09915625a6bff8669ba0040f449b8e,0.333
11,100,f6da18da6d3e016685be36a55ed85aa9da09915625a6bff8669ba0040f449bce,0.367
12,100,f6da18daed3e016685be36855ed85aa9da09915625e6bff8269ba0040f449bce,0.400
13,100,f6da185aed3e096685be36855ed85aa9da09915625e6bff826aba0040f449bce,0.433
14,100,32da185a6d3e896605be36855ed85aa9da49955625b6bff826aba4040f44dbce,0.467
15,100,32da185a6d2e896604be36855edcda89da49955627b6bff826aba5040f44dbc6,0.500
16,100,32da185a652e896684be92855edcda89da49955627b6bff826ab85042f54dbc6,0.533
17,100,32da985b652e896784be92855edcda09da49955627b6bff826ab85042554dbc6,0.567
18,100,32da985b652e896784bc92855edcda09da49d55625b6bff826ab85052554dbc6,0.600
19,100,b2d8981b652e896785bc92855edcda89da49d55625b6bff8268b85052554dbc6,0.633
20,100,92d8981b652e896785bc92855edcda89da49d55625b6bffc268b85052554dbc6,0.667
21,100,92dcd81b652c896785bc92851edcda89da4bd55625b6bffc268b85052544dbc6,0.700
22,100,92d8d81be52e896785bc92851edcda89da49d55625b6bffc268b85052544dbc6,0.733
23,100,9258d81be52e896785bc92951edcda89da49d55625b6bffc268b85052544dbc6,0.767
24,100,9258d81be52e896781bc92951edcda89da49d55625b6bffc268b85052554dbc6,0.800
25,100,925a981be52e896781bc92951edcda89da49d55625b6bffc268b85052554dbc6,0.833
26,100,925a985be52e896780bc92955edcda09da49d55625b6bffc268b85052554dbc6,0.867
27,100,925a985be52e896780bc92955edcda09da49d55625b6bffc268b85052554dbc6,0.900
28,100,925a981be52e896781bc92955edcda09da49d55625b6bffc268b85052554dbc6,0.933
29,100,925ad81be52e896785bc92951edcda09da4bd55625b69ffc268b81052554dbc6,0.967
30,100,925a981be52e896785bc92951edcda09da4bd55625b6bffc268b81052554dbc6,1.000
31,100,925a981be52e896785bc92951edcda09da4bd55625b6bffc268b81052554dbc6,1.033
32,100,925a985be52e896785bc92955edcda09da49d55625b69ffc268b85042554dbc6,1.067
33,100,92da985be52e896781bc92955edcda09da49d55625b69ffc268b85042554dbc6,1.100
34,100,92da985fe52e896780bc92855edcda09da49d55625b6bffc268b85042554dbc6,1.133
35,100,92da985ee52e896785bc92855edcda09da49d55625b69ffc268b85042554dbc6,1.167
36,100,92da985ee52e896781bc92955edcda09da49d55625b69ffc268b85042554dbc6,1.200
37,100,925a984ee52e896785b492955edcda09da4bd55625b69ffc268b81052554dbce,1.233
38,100,925a984ee52e896787b492854edcdb89da4bd55625b69ffc268b81052554dbc6,1.267
39,100,925a984ee52e896787b492854edcdb89db4bd55625b69ffc268b810525545bc6,1.300
40,100,125ad80fe52e096787b4b2854edcdb89db4bd55625b69ffc2a8b810525545bc6,1.333
41,100,125a980ee52e0167a3b4ba854fdcdbc95b4bd55625b69ffc2a8b810525745bc6,1.367
42,100,125acc0ee52e0527e3b49a854fd8cbc95b4bd55625b69ffc2a8b8105a554dbc6,1.400
43,100,525a8c4eed2e0526e1bc9a954fd8cbc96949d55605bedffc2a8b8105a5545bc6,1.433
44,100,525ac84ee52e4126e1bc9a956bd8cb6d6909d55600bedffc2bab9105a5545bc6,1.467
45,100,525acc4ee52e4527e1bc9a950bd88ba56909d55600bedffcabab9005e5545bc6,1.500
46,100,525e494fe526452764bc9a856bdccbe56909d55600b6d7fcabab9005e5545bc2,1.533
47,100,525e494e65af042764be9a956bfc4b416b09d55610b6d7fcaaab9005e5645fc2,1.567
48,100,425e094e67af242764be9a954bfc4b496909d55610b6dffc2aab9005e564dfc2,1.600
49,100,4a5e094ee72f242764be3a954afcabc96929955610b6fafc2aab9005e5741fc2,1.633
50,100,4a5a094ea72f342764be3a954afcabc12929955200b6fefc2fab9005e574bfc2,1.667
51,100,6a5b094ba72fb42564b63a854afcafc12b29855200b67efc2fafd0054574bfc2,1.700
52,100,6a1b0b4ba7a7b42564b23a854af8bfc07ba9845220b6fcfc2eafd0250574bfc2,1.733
53,100,4a1b0b4ba7a7b4a5e5b23a814a78b740dfa9945200b6befc2fefd0050574bfc2,1.767
54,100,4aab0b4ba7a3b4a5e5b23281cafcb741dfa9945210b62efc2faf502545741fc2,1.800
55,100,4aab0b4b852b34a5c4ba32e1cafcf341dfa9941390b62efc2f2f10a55574bbc2,1.833
56,100,4aab2b4b852b34a1dcba22a1cafcf741dea9905bd0b22efc2f2f10a15574bbc2,1.867
57,100,40232b4bc12b34a1dcba60a98b7cf741dfa9501f52baafbc2f2f6031d57473c2,1.900
58,100,80236b4b850b34a1dcba68398a7c6141dbad521f52baafbcaf2fe031d5747bc2,1.933
59,100,c0236bc9ad6374a19eba68398afc69415bad021f509aafbcaf2fa03195747bc2,1.967
60,100,c023efc9a963f5a11ebe62b92afc69415ba5421f529aafb8af2e201395744bc2,2.000
61,100,d0a3edc9396375a916bee4b90afc814133a54a1f539aafb8af8e24b315744b42,2.033
62,100,d0235fc9386375a936bcc8391afc914133a5c89f52d2bfb8ef8ea49315744352,2.067
63,100,7a23dfc91063a5a976bcc8193afc914177a58a9f72d23fb86fce80931474415a,2.100
64,100,f8238fd90063ad397e9cca183afc9941f5a4888f6bd23fb86fce84931474495a,2.133
65,100,ff63abd801738d78769c8a182a6c9341d5e4888f6bd23fe8afce80933474595a,2.167
66,100,3f6313f84073a578769e4218286c9151d5e40a8f6fd23de8afcea09334f4dd5a,2.200
67,100,3f6391f84073b538648f0298686dd2515564082fefd23de8efcea09376d4d55a,2.233
68,100,0f6380f8c013b578648fb29c286dd341d5647a26efd23de8afceb0135adc955a,2.267
69,100,c173e098d81735d8c48fb2dce86f934157646a26cf523de8c7cea0134adcd55a,2.300
70,100,c973f0985c033d9cd48fb2dce86f13f155646a26cf5235e8c5e6a0134adcd15a,2.333
71,100,5972f01c5e4225dc148ff6dc886f03f151746a369f7235e895e6e013cbdcd14a,2.367
72,100,5872f81f1fc225cec487fedc886b03f151546a369f7265e895a760232bdcd14a,2.400
73,100,785abc1f8fc221cee487fedcc86b02f1d1547a36bf7265e814a760232bcc514a,2.433
74,100,785a3c1baec2254ef4c7fefc886b82b111547a36af7245e834a7e0232bccd54a,2.467
75,100,7a5a7d1aafc2a54ebcc7fefc084b8bb111545e362eb245f834a7a0232b8c954a,2.500
76,100,5e5a7f1a9fc2e54efc47be3c406b8bb1115cdf162e9285f914a7a0232e8c9542,2.533
77,100,5e585f1a9fe0a14e3c473e3c436b8bb9515cdf162e9a85f934a7a2230f8c9542,2.567
78,100,5ed80f4a87e0216e3567163c436b8bb9d15ccf1e229ac5f934a7a233fb9c9442,2.600
79,100,1ef8035a85e2212e3563063c414bebb9d5dcdf5e239ac5f974a7a2b3eb9c1042,2.633
80,100,16f8435a80e2a12e3563023cc14be9b9f5dcdf5e229ac1f974a7a293fb9c1a46,2.667
81,100,94f8c35ab4e6e02e3d23023dc10b79b9f5dc7f5e219a107974a7a293eb1c1a46,2.700
82,100,94e8c35ab4e6b8373d22823dd10b78b97dde5f5e219a302974a72a93ab5c1a46,2.733
83,100,d4e9431bbc679e273d82823dd90b7eb91fce1f5e219b940924a72a938b5c1a52,2.767
84,100,d429630fbc278f07bd82c2bdfbcb3eb907c6574aa11b90090ca7aad38d5c1e52,2.800
85,100,162b73033da7c7072582c2bd5bc91ef986c6d34aa15b90090ea7e3d3cd5c7672,2.833
86,100,16ab7b032da3478575c262bd7bc91af882c6d14ba11bd0096aa763f1cd5c7572,2.867
87,100,d0bb5b83ada3c79471d070bd7bc80afcc2c6514ba91bb4092aa763f18d5c7472,2.900
88,100,d0bb7bc1ade2c79479d8303d7bc88a7cc246514b291bb4092ea7a3f10d5c7c72,2.933
89,100,dca97bc1adf2d69438da3e3d7b40866cca46514b2d1b94090ea5a7f11d5c74d2,2.967
90,100,5c897ad1acf276bc38de0e3def40866cea46114b2d0994092fa5a5f1955c76d6,3.000
91,100,4c890af1a4f296bc385e863deb40866ceb06154bad8997a96fa5a5f1955c56d6,3.033
92,100,8e8902f1a47ed69c185e862debc0e02dfb06154bed89d7a96ba5a0f0955c76d6,3.067
93,100,8f89c2f9a47ed68c485ea70cf3c0f12fdb07155bc589e6a96aa5a0f0155c68d6,3.100
94,100,c7c8f2fba01ed68c484ea70473c0312fdb871d7bc7a9e6e97aa5a0f0144c68d6,3.133
95,100,c7e9727ba917578c4946af2451e03c2f9a871d7bc6a926e93aa528f01c4c69d6,3.167
96,100,47e9726fa907578f4946a7a451f20c27da870d7bc6a932ed18b4a8f8944c6dc6,3.200
97,100,41e9706f8d07578f49c6a7a410f20c27da874c7bc6a932ec3a34ac78d54cefc6,3.233
98,100,406b782f8d0765a549c6a5a410f2ec23d6876c7be6a932ec3834ac78d74cefc6,3.267
99,100,c869782f8f03e5e448e2a5a490f3cc03c687687bf6a93aecba34ae30974c6fc6,3.300
100,100,c869782b9f83e5e450e0ad74b0b3cc13a6876a7b26a93aecba348f30b54c5bc6,3.333
101,100,d8697d231f8385e434e22d7cb4b3dc136787f2da260932ec2a348fb0e54c5ba6,3.367
102,100,9b416d633fe385ed34f2287cb4b3da136786f2d22f0932acaa368fb0454c13a6,3.400
103,100,9b516d6327e381edb4f31a3db5339a134f86b2d21b09b2ac893687b4c54c13e6,3.433
104,100,9b50cd6325f3c0edf42b1a3cf7139a134f86b3d21909a5acc936a7b4c54c13e6,3.467
105,100,db58cd6b25b3d0bdf4231e18cf8192d34bc221f298096dacd81665b5d44e79e6,3.500
106,100,4b58cd6b7433b8b57e211f9ccb8123d34bc221fa9c0965acb01625b754ce7e66,3.533
107,100,cf1ae42bb4339ab54fa1039de1c930d3d95aa07a9c0d67a4b016279792d6de66,3.567
108,100,e748668b35b31a94c3a5209ce0e93cd31e7ae47a960d47a4b096df8393d65f26,3.600
109,100,a7c832c49fb35a9468e5309cb8691e538e5be91e170d63a5b056cf5329d65b26,3.633
110,100,b1ccd2c49e39cbd06865341c9e680f5bc30be90f378963e53036cd522df6996e,3.667
111,100,a9cce2445e39e9dc6c6f252c966cc309630bf987358981e5b036dd5a65f6944e,3.700
112,100,afed00641e366dbc7546bd2c9724c301710b798f3da390e5e036965b67f4344e,3.733
113,100,d6abe064fe3463b82d87972fd5a4d101390b9dcd8cb3c0a5ea36375b43e4304e,3.767
114,100,f2ab632dbf3483b8a587972b4c845a850a8f9ecdc6b362a57a36371a93e4604e,3.800
115,100,90c34a2d3db6c1b2e0c7972b64c46a552e7a96e9e6f22a953b161ddb91e6604e,3.833
116,100,96cb2a49adb464b27cc3933150c1aa540f7adb6952723f909d96c5dbd0e7606e,3.867
117,100,f20b1a798536a4d36ce38b39d8499056457a696969738dc8b7c664db3827fa26,3.900
118,100,f30b6b494134b6127ca1af317809d254d6da3db9203185c837e6675b3e27db36,3.933
119,100,d8a92dc9413ca692d4a8a7b168091a54c2de9c3de4b1cde0f1e683d93f276db6,3.967
120,100,5eed36c9618c37b4c8c887b51c893b5c435a5e1a663d4df078e4c1d99f2360b6,4.000
121,100,4b49bec5918d3cb441c8d6b49489bb6ceb5e1b1ea63d3d306864c9d9de2390b6,4.033
122,100,9b4ac6e7958d2c2559d8e2f554a9b16c4b5efb1a861d3f306064cb19ce23983e,4.067
123,100,fb584ae7950c2ca5b9580ad554a9e3ec5f4ef10e8f0c3430e1e46f19ce0b9a3e,4.100
124,100,b37a4bc7951a3ca5a1780ad5b0a126ed59c6c10e9f8cb432a1e46719cf0b7a7e,4.133
125,100,a17acbc7953a5ca5a5780a50b0312eed79e6c3c69f8c9433b1ec67191f0b227c,4.167
126,100,6578cb872f1a5ca5a5385e5a90731ee970e4c1c6df8d94b3b1a46589b70b836c,4.200
127,100,6578f18b6e52f0852538d85a827b1ee960ec49c64f0d9cb3f0a45581f78f9b6c,4.233
128,100,5d68270f6c52a0952f28e81f067a3ee920ee6bc64e0998f262e47d81ef87db6c,4.267
129,100,d0e9252f585aa6952d28e11f8f7a9269b0ee23464f1938720ae47dc10fa77bec,4.300
130,100,d0c907add84b92963cace11f4f79da39902fa306cf09ac728ae43ec10ea757ec,4.333
131,100,d0cb26ade86b03963ca5218d6f394a19d82733874709e432ca74f3d18eb377ec,4.367
132,100,c04b36a5e06f8f5658e5908db5892f1bd827a18715992533297c3dd0aab3d7ec,4.400
133,100,c94b9e9730a7a7362c644ac550e9f70b4e03e2d2c8c9d49b8d3ca5586aba73ec,4.433
134,100,65eb8f12d8b5d3b6b522ac6658e193892e63bf523cc9720fe0bc85490a9a73cc,4.467
135,100,31e9a75268974b9457b5a63668e0d3894ba197729d69a60f69bef549081a5b4e,4.500
136,100,d3e1960b344a29d8db93b63638f0f3cc68b15133cde9840739a6f50da83b5b4e,4.533
137,100,cbe14a31144eadd8db93961ed8709edc38997032ffe1840738a6d50d8b33db4e,4.567
138,100,edc06a35362d25c8e98b673a4e70de5c2ad97832ffe1a4032ab6d40d2bb3c84e,4.600
139,100,e5886b311625b4e8f58b353867788f4c8ad93e1affe0a4432af694016fb358c7,4.633
140,100,75c86913123594e4dd8d3538c328d74c83493f5affc0b463aaf69401efb398c7,4.667
141,100,74c869130a34dce4d88d79b843add76c83495b587fc875632af654194fb3488f,4.700
142,100,34c9a9132a348fe4d88d79bc63adc16c03495bf87fc935632af645196fb3020f,4.733
143,100,f4c98d1ba4348fe4dc8df9bc62a5c1ec014d5bf87f8925632ab60519efb30219,4.767
144,100,d0c9951b85308fe4dcce3ffc60b593e4004d5bf87fa9a5632eb6a519c3b30219,4.800
145,100,d2c91b1bc5306fe444463efc60b7d2e4004d5ff87fad856baab6a41963b34219,4.833
146,100,e8cd0b1f81306f6624663e58aab7dae4084c5ff86eada5e9aab6b51933834a19,4.867
147,100,28cd081fa1b02366a566bf5aaa33da66486c5ff87eaca5e13ab4b51971cb4a19,4.900
148,100,a0cdc81da1b025268566b55acab3da26c06c7ff86eadb5e172b4bd1969cbca09,4.933
149,100,20cd489da1b0612697e4b55acbb35a4648ec7ff066ad3fe3a6b4bd11a1cb5a09,4.967
150,100,204d50b8a1b264a61fa4e55a5bb358660bfc7ff422ad3de326a4b8912fcbd869,5.000
151,100,214d13f863b206a63fa4055a5b3340467bfc7fd42aadb7e32cac90912fcbd469,5.033
152,100,994c1bf8c7b32ea635a4055a423318e67bfc3fd420a9bec32cac0591ef4ec569,5.067
153,100,995853b9c7336ea635a44512427398e47ff8aad62029ac07bcac45117fcfd569,5.100
154,100,9bd85bb14f236e9625a4a513e27338f4df78aa56b129ac071cad05017bce5569,5.133
155,100,dbd843a3ef13acb4b5acc513f8723bf4df58aa16d129ac0600ad05037bcf1569,5.167
156,100,d3d9eba32013efb4b5bcc1527876fff4df58e016d5016c0624a9210332ef9169,5.200
157,100,71d9f80365133fb4a4bd951a5cf67ffcdf586016d5017026a4a1a003aaef9969,5.233
158,100,d9dbe8036d1336b4b49dd75a7dd20ffcdf5a401671014c3624a1a007b3afd869,5.267
159,100,fdc3bf03ad92bed4e18d567a6fda1ff4975a40163d01043624a1a007ffad4829,5.300
160,100,5a41578367fbfcdced8d3739b3dad7f4d14250563c01843626a190177eacaa09,5.333
161,100,8b7143e977bb1cdc2dac17b9bdfadbf4f94240568501c0162fa180035eee9b49,5.367
162,100,cb70f3683bb90fcca5a4dfad5dfa5bf478478053a501251625a1a14342fcdb49,5.400
163,100,4070f75a0bb98fc6e5a4ffad48fa5fb4d847805395013516b5a1a50762fcd949,5.433
164,100,4278755a0fbaa646e7acfead58fa5fa5c0078043b5011596b5a1a4176fecf849,5.467
165,100,6a7835de1fbfe687e7a4bead5beb5e05c047844390415496bda1a414cdec2849,5.500
166,100,72f43d5e1fabe487e7e4bcad5bfb4a05c247c54340415596bda18414fdec4049,5.533
167,100,f1fc3f5e35ebe687e5e428ad1adb4a01c24781436051d5b67da18414ffec4849,5.567
168,100,e1fc3f1e31e3c787e4e467ad3e9bc801ca0791434cd1d5b6d401a4347fec4859,5.600
169,100,ebec7d963143b4a7e6e46b2d7a9bc0018a05a153dcd175bed401a4b46f6cd059,5.633
170,100,dbcc791677c33523c4e4632dfe9b8001ca25e953dcd1fdbef40145b41f6c4051,5.667
171,100,9bc8f9163dc6f50b85a4f3647abb90038aa5e343f8d1fdfeb41105341fec8051,5.700
172,100,9fc9da3c3d86d54395a4f66472ab90039a29ca4371d1fffc6413cfb41f6c0051,5.733
173,100,dfd99a2c6d8614c385e3f6e4532b1003ca29ca01e9d1fffce4131fb41f6c3231,5.767
174,100,dbd98aed698624c3856375e4523b50030229ca25e9d1fffce413afb41fdc6321,5.800
175,100,13a94cd9e9a74cc6856305c4e26f50031029da25e9d17ffce4138eb43ffcd371,5.833
176,100,12e11cd96a2565860663b564e27e70031a89be25ebd13dfce412afb43ffcd311,5.867
177,100,026140d9a22765868673f564ea561a039ad9da2dafd03dfca412afb4bffcd903,5.900
178,100,f069580df627a9b6c6737d2c14161b03cad9ca2d4dd01dfc8417e3f495fc4943,5.933
179,100,362b4f0d3f25b9b2247b09ad0496cb836fd96a2d65f08d6ca0072bf435fe8847,5.967
180,100,073b4b8d27e191b2e41ba1adc496fac97ef83a2ce5f8956c20073874957ec247,6.000
181,100,f35bf18d2c6118b46c5ab58d4ed61a494ff89a2ced94562e2407bd76cd1e4143,6.033
182,100,bb5848edee70879c67dab3ed4af63369e17c800f69943026e083b5f27d961043,6.067
183,100,925a686de734b19c3dca916dcc369929dcac5207ccd6a766eca327f21f964043,6.100
184,100,1a5e4d2526b69986ec66e7256e9633c95ea42247bdf235663db1a7d8991e4043,6.133
185,100,c256b12874b6fcc67ee2b3add8964bd8c8e66247fd7ad512bdb1645cc00f4003,6.167
186,100,7a53997846b68b50e536f0bddcd6665a95273313bd58c78bb3b9840c702fc803,6.200
187,100,0e5be158f5be3b519d2617890ffe035ad9275e903dd864cf20e9cc0eb62780a3,6.233
188,100,965ad1d83ca64ad1ed6666ad786eb54b7d234eb0325884277aa1cf0e63a3d891,6.267
189,100,8c5ed2c97c2686a1f90634869a2ccf01d5eb42b4e25df9277fa13d86c6f39911,6.300
190,100,be5883c92866e5b1f92e8d82c2ec695134daba94b94e1d2706f0b2dec6f37059,6.333
191,100,dad8c1d918368db170be0ff0f2fe3b41945ada14ef4e45a162f0725e98733119,6.367
192,100,f65c6b0de427a591249e5fe2e2de1b01074a5bc429c6b42398b4981e0dfae7fc,6.400
193,100,d66b3939e97c9695c08e1e07e0de1ac1c74bb2c7099694335ab067463d23a2fe,6.433
194,100,ca4fb1e16da5b5b08b9e3160875a30d84a9b30f95bb4a4246ae5ad0db5bb4e93,6.467
195,100,cb49ba5425304534da93b4cf211b444cdb79a6c759b4b56ba0586ff292ad4abb,6.500
196,100,e697fd3a8936196d72c9d6cba5942d1e5a6702494cd1f5b6a264408d9d586aa7,6.533
197,100,b90b7b85f693c42da9470ad7739cf7a1856bab560ab555a1b542aa5062a1782f,6.567
198,89,c34b116bf57b35ade4b707d03a45c9da17684d2dfd832227dde1b303c0179113,6.600
199,100,fa4ff87ec00780f687c78ff0ff43de5a004b075c3d43fd167d03a40e17fc8004,6.633
200,100,785ff8076027e7f64cb61ff03b09f379c24b864327902c958da618adf02bd554,6.667
201,100,da4b380330b725b4a5f08ff03d0f6949da4fd2d3e7c8e4930fa7b80662a17c4e,6.700
202,100,4e4bf83338f664b4c7f09e801c4e6dc9c84f13e3795862d3cd26e0d6ceb19346,6.733
203,100,4e0b5c3abd7a21bc63f0ce8596cffc81886f1da1b97822d33d26e0167ab1c346,6.767
204,100,060b4d399c3a31bc63f8cb4572c9fe03c265ddb1f97886933d26249678b15bc6,6.800
205,100,a20fcb3c9c1c30bcb5b8896f13c9334b42f97eb1f968ec91b563a41e18b11fc2,6.833
