0,100,d3d8983ba16c59e79fb4ba95bad80b05014b3dee17b69a00e20ff56cfd24500e,0.000
1,100,d3d8981ba76c59679fb4b295bad80b05034f1df657b29288ea0f3525f52c520e,0.033
2,100,d2d8985ba76c59679fb49295aed80905036b19be57b292c8ee4f1525f52c530e,0.067
3,100,d2d899dba76c59e7bebc9295ae580905036919ba569692c0ee4f5505f52c5b0e,0.100
4,100,d6d8d9da867e59e7b6bcb295aa580905016919aa56969ac0ee5bd50dd52c5b0e,0.133
5,100,d6dad9da867e59e69ebeb295aad00905096999aa57869a40e65bd74cd50c590e,0.167
6,100,d652d8da867e59e7debeb295aad019054929d9aa57a69a60e61bd74cd504580e,0.200
7,100,d6d2d8da847a51e7debab295bad0190549095fea57a69a20e61bd74cfd04580e,0.233
8,100,d6d2d8da842a51e7debaba95bad0190549091fea57a69a30ea1bd74dfd04580e,0.267
9,100,d652d8da847a51e7debab295aad019054909dfea57a69a60e61bd74cfd04580e,0.300
10,100,d6dad8da847e59e6febeb295aad01105492959aa57869a60e65bd74cd504590e,0.333
11,100,d6dad8da867e59e6bebeb295aad001050969d9aa57869a40e65bd74cd50c590e,0.367
12,100,d6dad9da867e59e6bebeb295aa500105096959aa57869a40e65bd5ccd50c5b0e,0.400
13,100,d6da99da867e59e69ebcb295ae5801050169d9aa56969ac0ee5bd54cd52c590e,0.433
14,100,d6da99da863e59e79ebc9295ae5809050169d9ba56969ac0ee4bd505f52c590e,0.467
15,100,d2d899da872e59e79eb49295ae5809050169d9ba57969ac0ee4fd525f52c590e,0.500
16,100,d2d8995ba72c59e79eb49295ae5809050169d9ba57929ac8ee4ff525f52c490e,0.533
17,100,52d8995ba52c59e79fb492d5ae580905016b8dba57b29ac8ee4fb525f52c490e,0.567
18,100,53d8985b852c59e7dfb492d5be580905016b8db657b29ac8a64fbd25f52c490e,0.600
19,100,53d8983b012c59e7dfb49ad5be588905016f8cb657b29ac8a64f9d27f52c490e,0.633
20,100,5bd8983b012c59e7dfb49ad5be580905016b8cb657b69a88b24fdf27f524490e,0.667
21,100,5bd8983b012c59e7dfb49ad5be580905014b9cae77b69a88b24fdf2ef524480e,0.700
22,100,dbd8983b012c59e7dfb49ad5bed80905010b9cee77b69a00b20fdf6ef524480e,0.733
23,100,dbd8983b012c59e7dfb49ad5be588905012b9cee57b69a80b24fd72ef524480e,0.767
24,100,dbd8883b012c59e7dfb49ad5be588905012b9cae57b69a88b24fd72ff524480e,0.800
25,100,dbd8983b012c59e7dfb49ad5be588905012b9cae57b69a80b24fdf27f524480e,0.833
26,100,dbd8983b012c59e7dfb49ad5be580905012b8cae77b69a88b24f9f2ff524480e,0.867
27,100,dbd8983b012c59e7dfb49a55ae580905016b8cae77b69ac8b24f9f27f52c480e,0.900
28,100,dbd8983b012c59e7dfb49a55be580905016b8cae77b69ac8b24f9b27f52c480e,0.933
29,100,dbd8983b012c59e7dfb49a55be580905016b8cae77b69ac8f24f9b27f524480e,0.967
30,100,db58983b012c59e79fb49ad5be580905012b8cae77b69a88f24fdf2ff524480e,1.000
31,100,fb58983b012c59e79fb49a55be580905012b8cae77b69a88f24fdf2ff524480e,1.033
32,100,db58983b012c59e79fb49ad5be580905012b8cae77b69ac8f24f9f2ff524480e,1.067
33,100,db58983b002c59e79fb49ad5be580905016b8cae77b69ac8f24fdf27f524480e,1.100
34,100,db58983b002c59e7dfb49ad5be580905016b8cae77b69ac8b24f9b2ff52c480e,1.133
35,100,db58983b002c59e7dfb49a55be580905016b8cae77b69ac8f24f9b2ff52c480e,1.167
36,100,db58987b002c59e7dfb49a55ae580905016b8cae77b69ac8f24f9b2ff52c480e,1.200
37,100,db58983b042c59e7df949a55ae580905016b8cae77b69ac8f64fdb2ff524480e,1.233
38,100,fb58883b042c59e7df949a55be480905012b8cae77b6da48f64bdf2ff724480e,1.267
39,100,fb58883b042c5de7df949b55be480905012b8cae77b6ca48f74bdb2df724480e,1.300
40,100,fb58883b003c4def9f949b55bf480905012b8cae77b6ca48f74bdb2d7724490e,1.333
41,100,fb58883f003ccdefdf949b55bf488905012b8cae37b6ca48774bdb2577244906,1.367
42,100,fb588c2f103cedefcf949b55af488905012b8caa77b2cac8774b5b2577a44906,1.400
43,100,6b58cc2f103cadefc7949355ed48cd05a12b8caa77b2ca48774b5fa537a42906,1.433
44,100,7b5a4c0e003fada7cf945355ed48cd05a12f8caa77b2cb48774f5ba537a42806,1.467
45,100,7b5a5c4e003fada6cf905b55ef48c505a12d86ba7fb2cb40774f1ba537a42806,1.500
46,100,6b5a4c4e403fada6c7905b55ef48d505a52d8eba7ff2cb60574f1ba507a42806,1.533
47,100,6b5a4c4e443fada6a79049557f48d505e525eabaeffecbe055071ba507a42806,1.567
48,100,2b5a2d0e4437aca7a7d05955f748d505e5a1eabaefdecbe055430ba707a42906,1.600
49,100,2b5e2d0e4637aca7a6d8595577485505e5a1eaaaabf6cbe0154b0be787a411c6,1.633
50,100,275e3d0e4637b0a7a6d859557748558574add6aaabf64968254b8be7c6a490c2,1.667
51,100,a75ebd0e463fb0a7a6d079556f48558174a5daaaeaf6c96025458be7c7a49042,1.700
52,100,a55fbd0ed63fb0a7a6d079557f40148174a59aaa7bf289602545cae7e7a490c2,1.733
53,100,a55fbd0fd63f30b7a69079452f681485500596aa3ff288602565cae7efe4d542,1.767
54,100,a55f9d0bd63712b78692b9453f681485100594eabbf288e0356dc8f7eef45742,1.800
55,100,ad7ff94bd6b7528584b8bb410f681085500516fa2af29568356d68f7eef452c2,1.833
56,100,ad7ff94bc6b75285c8b813414d6894854a859afa6af28d68252d3af76eb47242,1.867
57,100,2ffff50f46ab728588fa51714d60a324ca859afa4af28578252f32f72eb41342,1.900
58,100,2ff7b50f55ab7a95887aa375dd60a200ca95d87eea7a9638840f22f72bf00342,1.933
59,100,0eb7b54d1d2b6a95183a667ddd68e689ca95ea7fea7ad418840f20f5aaf00342,1.967
60,100,16b7a5495da362a51a1a6739dd68e489c0853e7f6a7ad419b50ff0b5a2f0a742,2.000
61,100,06b7824955a3c2a13858e7795760e581fb850e5faa5a5519752fd6b7f0f0e702,2.033
62,100,52d78489fde3c2a12a50c6f9f5f04501b3852e5fabda4509510f7e97ecf0e702,2.067
63,100,5257ec89b963faa12a5085b97df01b03b2850cdf6bda4989700c16b37ff0ef82,2.100
64,100,a257cec9bb6358a92258ad39d9fc112bb2840d5f8bda1189740e0e937bf06faa,2.133
65,100,2003cfc99f631c292a5d8d79d5fc9103f2849ddfcb5ab989640e0a9bb2f02dba,2.167
66,100,7023d7d8e7eb8c28621dcd58d7ec99034684dd5fe55ab189c60c1a9bf2f08c9a,2.200
67,100,f4237fd8e76b8e28621d8f58f5ec5b4366a4fd5fc54a7189c40c021ba2d488ba,2.233
68,100,b4237fd86feb9228e69fbb58f5ed3a034aa430de0d4a71a9c44c425be25448ba,2.267
69,100,be231bd80b7b9328ee9f1358356d3a03aea432760c4a31a98e0e7a5bfa5c783a,2.300
70,100,8fe343d8086b9188ca9f1358d5ed9201aea4b2568d4af7a18f0e577baf5c5a2a,2.333
71,100,85e241d8680bfd88ea8f1358c5eff711eaa4f0768d4af5e10f0ec17ba95c2a2a,2.367
72,100,a06240d92842bf886a8f005cddef7f91eaa4e0765d7af7a10aaf417b2d5cb52a,2.400
73,100,a07ad0dd3c42bf8e0acf025c9d6f3f912ba420565d7ae7a108a7857b3d5c85aa,2.433
74,100,807ad01f1c42a78e80cf025c956f3fd12bf6a0565d72e7a11aa7c573355caeaa,2.467
75,100,c07ab01f5c42a78e80cf8274956f1791b3fca0165572eba1b0a7c573f55c9aaa,2.500
76,100,e07af01a5c4287ae804fc070dd6f5eb1b3fe80165552efa1b8a70573f45c1aea,2.533
77,100,e06ab00a5e42c5aec04fd070ed6bdfb13bde88167552cfa1baa70673741c1aea,2.567
78,100,e840ac0a5e40452ee0677a74ef6bddb1039c8c1e575a0fa1bab71673751c1eea,2.600
79,100,e840bf0a7fc0652e30277e342f2b55b1439ecc1e575a0fa9aab71f53851c1ae2,2.633
80,100,fa40bf0a1fc0656e38a37e342f2b15b1429e891e775a0fe9a2b70753c51c3ae2,2.667
81,100,fac0af0a1be2213e38a33e342fab85b1429e891e77da2be9a2b78753c51cb162,2.700
82,100,dee02f2a92e6813f30a30e350baba1b1c29ee11e57da2be9a2b79153c51cf166,2.733
83,100,dee00f6a80e7893fb0ab8e35018ba0b1f09ee01a75db3ae9e0b7f153551cf066,2.767
84,100,4af1277fc0e7883fb8838e35418bb091fe8e384a55db3ae9e017d3535d1cf042,2.800
85,100,4afd233fd0a74e3f5e828e35410bf0d17e0e3b4a17db0a69e8175f531d0c7442,2.833
86,100,6abda317d4a74e172682c3f56189bcd45e4e2b6ad7fb8a69a80747430d0ce2e2,2.867
87,100,2abda907d4a32f152380cbf561c93ef45f4e8b6bc5fb8869e807c34305a8e2f2,2.900
88,100,0abda90354830f14a1c0abfd29c81ef44f4eab6bd5fb68e9fc1745431da8e0f2,2.933
89,100,0affa94354830b14a1c8e07d2d481ef44f4661ebd5b97829fc0757d33dace0f2,2.967
90,100,48fba94154e24a14e1caf07de5489e74c54661ebf4b978293c0757d13dace6d2,3.000
91,100,6899a94154e26a1cf1dafe7d05409e7cc74671abf4b91a29bc0517d13cace6d2,3.033
92,100,7c89bd4154fa3a5cb1fe5e3d0540967cd10630ab9cb91e89af1597d11aace692,3.067
93,100,3c09bf4056fa0a5cb97e5e3d070296bcc10638ab8e990a89af15d7d19aece6d6,3.100
94,100,0e018341d7faca1da97e563d4300d2bfc10638ab8e99ca89eb55d7d0f8ece4d6,3.133
95,100,4e01836bd57fca0da94f56246382f0b7590678abce994ac1e9d555d0786ce5d6,3.167
96,100,6e00e36f557f6a0fad4e54046b82f0b719077cab8e8962c1697575f0386ca5d6,3.200
97,100,6fa1a3ff5d2f2a0dad4a54042bc2b4b718877ceb8e8973c5297515f8386c84c6,3.233
98,100,6fe923ff5d072a8dad429684bbf2b4b70a87f4fb8e8923c4297415f81a2c8486,3.267
99,100,2dfda1ff1c07a68dad42d6a4fbf284b70a17e4f9828df364997494788a2cc406,3.300
100,100,2dffa16f9c038685adc2d4a47bf28c770e17e5f9828df34491749570da2cc506,3.333
101,100,89ffa02f9c03c685abc2d4a452f30c775617e579762df35451749d70d62c4b06,3.367
102,100,89652023bc03cf85f2e2f57452f30877f6164350763dfb447574dd30f62c6b06,3.400
103,100,d9656423bc03dfa572e2fd7c52b3087ba6164350742d1b445d7e1f10e62c7b86,3.433
104,100,d9656423bf835fed62ebb87c52b31853ae0653d029299bc4093e9f10aeac3b86,3.467
105,100,59414ca337a30ffd42fbb83c02131a53ad06d3d029299784cd7ed7158eeeb3a6,3.500
106,100,d9104cab36b38bfd40abb8188d11da53ad02f7d259298484c9fee797cacef0a6,3.533
107,100,ed3a6ceba2b398756021b8158d9177d3ad0255fa182da68459de76972acee826,3.567
108,100,cc0a14b3b2b3d9556c05bfdd07c173c389ea55fa982da684d3d6b6171a4ec826,3.600
109,100,e68a26c3f2b3eb556f05b7dc81e170c3ba6ad4fa4a2dee0453d609031b56e826,3.633
110,100,568cb2cfd83ba9502575b3fcd0e178439e7e453e3a0da70551d68d03b5c2e926,3.667
111,100,118c8bce58318958256df0fc98607e338f7fc517b20da7a5d1f6cc0bf5c2512e,3.700
112,100,9504c7cc68614558e5efd43c1a6c4f39a73fc187f28d9ba550f60c2b67c250ee,3.733
113,100,5485f7f678732708702f902c5a240735a3bff18770831be580f63e6bafc0b26e,3.767
114,100,4a8507f40032af19f48fda2f4a84cba7b0af58857cd30fe5c076761baf24f06e,3.800
115,100,c29767245012bf09d5c77e2968946995b4dd5cc52ed326758136721b1ba4e5ee,3.833
116,100,dad7214549960fcb43c79a23a6d4f555b422d24586527555d1167d9b1ba4e4ee,3.867
117,100,d2d7b06dd4d2a5db60cb9b21a0c555563faa4b61ab72310a18162ccb0be7e4fe,3.900
118,100,43577a495e32964b20c15f3189ed575ebeba65a1a5f15d08d406a6cbf067c076,3.933
119,100,17f5e9090f3ed27b60e9d531e1cd42568a9274b5b7f15e8a7246264b70274936,3.967
120,100,58bdb5892dbdd65b0a899731a0ad595e8e5a58bd86f10c80c3e69f097037e596,4.000
121,100,6ab592802fbdd5532bc9de11b48df128af4a783ac6756cc061e40f895a3766d6,4.033
122,100,7f6d92557bbdf5526bc8ca55188d55240d4a791a967d3830e5e40d8988371af6,4.067
123,100,d9282ec55b1db5656948af456a8dd7242d0e513a9e7d7030a5e48d09cc37d9f6,4.100
124,100,81282fc6da3935e54108af556aad97e4690ec33e3e3c7032e5e4e5294c3fd876,4.133
125,100,973a2d07daba38e5d5283d5542b5b6c5e98e8f0eba0c1233b7a4e6294c3f6074,4.167
126,100,97304d079a3a688597a87d51d3f1b4c5e1868f8e9a0c12f3b3a466293c3f757c,4.200
127,100,e6f0cd5f255aca9597a8684a93fb7cc541c4cf8e480d5af31384ae89121f1f6c,4.233
128,100,e6a8570f655ac2d53e28495b9f7b70c567e4ed86681d58f303c4ea81021f9d6c,4.267
129,100,eca2370f694a93d56420c17fbe6a70c5f7e6e5466c1958d3e3c4e081861f996c,4.300
130,100,dbe9b6adc94a969d6420873fbc6a527516e6b706ac291153ffc460817c97618c,4.333
131,100,0bd536ad496b9b1f70a147bfac284a7d5af717068c2914729d6432c1bc9762ec,4.367
132,100,8bd7b6354debbf1c3085179da521ad3f08f77306ee2946724d6443419e17a2a4,4.400
133,100,5bdfb21505ef9d0888455a9d5689d41f08f713d63b99f63b3d74e14111d343a4,4.433
134,100,4debd816a3f756206465a94d2bc1261fec73474208c9ca9b1dbcf6e949d2e3a4,4.467
135,100,27ab5c1289f79b3012a7f466a9c11b0d3423556230c9a21f2fbcde69b9dae3cc,4.500
136,100,a381540ae5dfa9102ab75676ede04f8cefa15f221ded900f419c4629bd7a694e,4.533
137,100,ab853a2b74eb75588b131276f4e0139ca391aab24fa51e0f7196a22d157bacce,4.567
138,100,8d85a875feae55c8891b5a7ac8e010dcf1d122724fa51e0ff9d6aa2d9d37480e,4.600
139,100,c580a575b62d74c8858b643aec605c48f9d9707287013ccffbd68aadbd3349ae,4.633
140,100,468ae577ba7552c8838f7638af207c689c59707a820134eb9556caad973379ce,4.667
141,100,608ac573bb75dac08a8df3b8af24ce6cdf0970788201d0eb55564aa95c33d9cf,4.700
142,100,6488a59b3974c9c0088df9b8a735cfacff0961782a01e8eb75566ab94c33b98f,4.733
143,100,b2c815baf174cd44688dc198a735cfacfd0d6b98280120eb35566eb9cc33379f,4.767
144,100,92c91dbbd4709d4448cd6190a7b58fa4f5ad6f902009b5abb57676b98433371d,4.800
145,100,8ac9581bcef0dd4448ce719027f593a4f4ed7b90a00dbcab9076d6398ab3f619,4.833
146,100,0acdf81b4ff0ed666cee305027f792a47ced2f800a0ddca39276c2198bb36e19,4.867
147,100,05cdad1f7fb0a5663c6eb05895f7dae67cecaf8020154ea112764319a3836f19,4.900
148,100,15cdad1d57b0a7269e6e9028d5f7da664dfcaf80e2155ea162745919338ba819,4.933
149,100,14cdbf9d57b04326de2ed03add7348664ffca700a25576a34a741819b78bac19,4.967
150,100,34cdabd8d7b04726be2c523a6f1368767feca70082d5f4230a745119d78fa079,5.000
151,100,b58d8bd8d7b24e36b82446baeb1368f67fe42740b295e1637e340159d50f08e9,5.033
152,100,358d9bd8c7b37e06282cffba6a3368e675602740b2b5d3437c34111bd50f48e9,5.067
153,100,dd8cd390cf33e8167024be3a2e3379d62560b456b5bd9043dc7c6393450fc6a9,5.100
154,100,d1c84b91af23e01674a4af3aaf7379d429609456b3a99047d8fd6e93250f4ea9,5.133
155,100,d9c86f91a933241636ac873b85e271d43920d556dba1dc4749ed2e9b210efea9,5.167
156,100,c1c9279381135554528ccfbbc36271f40828d5564b292c766bedbf9b834dfea1,5.200
157,100,21c98d93a01bdd9472b98f3ae0f639940828855642292d76dfe9bf8b93cd5fa1,5.233
158,100,47cb80378d13f3dc5e99433aecc231143c08a7d612812bf6bde1c19fbfcd5921,5.267
159,100,698b9417911a7edc71996a7ae0c2bc34900ae5d6b30128f6f7c1d1df978d5929,5.300
160,100,c18b5407ff9a18dc2f192a7aa58a7e54d30ae7d65009acf6f46155df4c84a92d,5.333
161,100,e8492e03c68b0a4cc58dfb38d7ca1fd448cefbd670818ef6b671585f6a849529,5.367
162,100,dd61ae49a3a96868f40d7b3953eadbd4806ea9f21c09cb7e4521394feec45309,5.400
163,100,cff00221d1f9384e96ac081d78eaea14f06fd77f1481673e55a19d4fafe44909,5.433
164,100,e7f022aafdb94e4e87a40a15adea2a14546f16639aa96b9e75a1954fafe40149,5.467
165,100,e770318abfb94e0f87044215adea2a145d7f1ee39381eabe5081917feee49149,5.500
166,100,a3d0359ab8b7474fc004909dafeb20155b671e439b61ea9e58a112fecee4f549,5.533
167,100,e3d0351a39a7ce0f46649095abcb2e1517770c83a369eade28811efecee4e549,5.567
168,100,c3d4b11e32a7ce07466475b5b85b0cb517579d83ab41e89ea8215efcd6a4e449,5.600
169,100,8594701eb1ab9a0f446467b5b01b4c355c5799636e51eabe4a21f4f0fee4cc59,5.633
170,100,07a4f01ef1ab9e0f42c4e735f0130f75dc57174348d9a2be4801f6f03ee478d9,5.667
171,100,8f4c719ee34b38af02c4ef2542931eef945505438a592ebe5a0bacb0be6c72d9,5.700
172,100,19cce196f44a6b2f9e84c76420975beb9c15454380d969b4c25bbfb03c6c7771,5.733
173,100,f4c8c934f0868b6b1ea5cb6462b7faeb14358d4321d9493ca21bae30bc6c7771,5.767
174,100,ccc8997ce5861a4bfda38a4463b77a9b5425875725d1493ce21b9e303c6cb731,5.800
175,100,6999d7ed69167ecb5d23a6c4eb3722935e2585470551613cc65b0e30ba6ca731,5.833
176,100,7ab1fec9c5076cc75f63afc48277699376a18a654551e168c49b0e30b2ac8f31,5.867
177,100,3b61fad9a5676cc63f6397a48676e3137c8192254551f1a8471b5e30b58c8b33,5.900
178,100,bfe16ddd17672dd61e63c1a4c47631135c919a25455071ac2e1b3f30578ce9b2,5.933
179,100,937169dd9227c5928a63e9a45c1639130ed1cb257dd038ec8e9bcf708edc2d96,5.967
180,100,30312c0d322751920e7b79bcbe96810be6c1637527d01eecc6df6170defc14cf,6.000
181,100,b6399d0d97a74bb2847b33bd46d6c14970c8317485f08a6c658f3170dafe4a47,6.033
182,100,1338cb8530e1f890e45b928d2c56fb492c789b3cc5d0ea2e248f9d32cd3e7f27,6.067
183,100,b348e9c50c709f1c664adbad6c56f32947fcd3be65d2b3260087c692609633e3,6.100
184,100,5b6a64e54632db9c75ca99adac7691a908bcba074cd297664d033e5abb162663,6.133
185,100,f96abca5f7d6198f24630625e6163308e8843747d5d2332261913fd8d9be354b,6.167
186,100,975253a262d6c842a02253b559d23d48cce66777c9fa083ba0b16ef8cbaf66cb,6.200
187,100,e152d9282ed28f48c5b3c3bdccd2364ad0a7371311b8ee0bdba9fa6c212f4c87,6.233
188,100,7c5a47a842bef34958aeba09fc44b76ac9a7e890b1c8aecf31e1cc2c1227dcc3,6.267
189,100,9e68c3c8f0a6ab4105aee6ddc176122b90a7fe50fb689aaf2175ac1ee2079993,6.300
190,100,9c7e4b4d28268e01812ef28f19545c03cea3efd4037d89a7a091b59edec3f5d3,6.333
191,100,1010dfab3d76c793416e5c822b54e591f2fa1054116ef8a7fed0535e0ec3a379,6.367
192,100,09508bfb38f29d93637e9c02837e75115aea8854450e2fa727d0237ed9eb613d,6.400
193,100,827ccd1d466f1e9b57de2902c7fe7921bea8ab04f58e12a319d0d97efca00e80,6.433
194,100,9aed7130c5711a598fce380707da70118f9fd2873d9a9ab3a952e70a30a79676,6.467
195,100,9c45579164ade3b9091cf1e0de1af2caac5bb2d5691496a46d4514add2abac57,6.500
196,100,4d0d5752f6b02eb6495314cff73b2c68895156c7ab94962b5558a5921aad2dd9,6.533
197,100,4052043a9df6b9ed63c942099696b53eeb665f692ed101b29774aacd5d18aa57,6.567
198,100,152f29178a9b46add5473d576b94c2a9bca95542fb55aa8151aa55522a97e2ad,6.600
199,50,3f68fb6303abb2a56597be00704d8dea3f2868ad0903777788813307ceff111b,6.633
200,100,84ee01fa0fff1ffaff4b9c00c0039478ffeb3ff870030012c003c00efffc1f1c,6.667
201,100,80ff002723ff07626c723900f10d43789e4f1e4b7e90f4937d86f9bd03ab07ce,6.700
202,100,c007d1ffb3f777e01ee05c80309fe5a4c96f0343c60906533c0799eeaf31e0ee,6.733
203,100,7c0740fbfbf122f0ef609e0030eef4a5e96ffb83c12823530c2601566eb17f66,6.767
204,100,2c2bfcfa503025f0e7408e553ace04a51df77883d1e8ff53f9a6c75e20b10f06,6.800
205,100,7e1decb8d838f3b8e700fd4de24c84070f55089111a87e53f9a2f75ef0b3e106,6.833
206,100,177f8d3c185a31f817887deffb4df227f7448c9181a8045b082b1c5ab9f1fc42,6.867
207,100,d32fe71ccc7c88dc02841daf1d4c19a57768e895f7e8e699cb23d69a8b514c0a,6.900
208,100,399333847c2ef57ce254c4eb842481eb17a408d03bac3659fbabfd9e3b69a092,6.933
209,100,c8c283840eae3d2e6a5c76f7f64de0b7d668c8d68e9c01750aa349ec9d9bd868,6.967
210,100,f4c3e3c0c69e85ae814e1be23a0632957f286c56eb0ce055eb27e2fc4fa96a0b,7.000
211,100,3ce973426a5772a660eecfa2cf0ac9971b280dd27f0c5555b807b2dcb7a9a209,7.033
212,100,ccb19928195f3a46306f3fe3e42ae1d3e0a8a5d2a50e45504807daded7edf2c9,7.067
213,100,6ab562a9cd7acf06887f8bb3162b34d33039d7daf02ed5e02c038ade79251869,7.100
214,100,995c3a9535af7782642fe191c32bddd38a3d4bda582e53a82513a356f125c629,7.133
215,100,cd488a5598ed9f86102f749150b9f4dba01def5ba86e0ba8b51317d6392576a9,7.167
216,100,65684055cbedcf86986ffcd30afd7e09225dd74ba46c96e8c01395de09a50a69,7.200
217,100,3528347767ec6f06466fee13aefd3b0b336d574f306c9ea84013c45a41a5a839,7.233
218,100,1aa81037b3e42336662fe117a7fd890b9bedd12f98fcaaa86a13645ae4a4e319,7.267
219,100,8800903f91e4213632ab715757edcd0b0dedddb78cbc8ab83f53375aa4a41f19,7.300
220,100,ec065836d8e08997baa9215a56ed650e2dede6b7a03c83f89b19935a96a44bb9,7.333
221,100,640720366cc06597dec9a95ffaedb62696fd7297701471d8e929404b6a84acf9,7.367
222,100,9283931ebe40905b6f49640b4b750b26da568bd7df1678cc2c89a82bbed496f9,7.400
223,100,4b83511a5768d95b2b49b40f2ff5a1226d5605d34756beec8689002b8ff4cb7d,7.433
224,100,bdc1208aa5286debd5e55a8f61f794921536b04371c6df7ca201280175f67d7d,7.467
225,100,56e1f0cad4a024abd4e5aa87b8d74a924337586399e6cd7c7941ff81047a15bd,7.500
226,100,6b616e4a7aa1b22bdeb5ef47df7e2352a1132e23a42665bc2df467c1401a600f,7.533
227,100,e5b1a74ea880aa1f6ab521c7577a714bd1839621f617709ed1f493f1ba1a900f,7.567
228,100,f2b1556cc481e11fac35a147feaaa8eb5d834ba17f837a1ecc7041f10f0a4d0f,7.600
229,100,e2b1f2ec7c83750d7c11b0575f3a2ce90c8baaa1a14b3f5ee478a079ad0a4787,7.633
230,100,e8f3bb6c2a83b70d4a9330735bb8a46990c3e0a1d5cb8f5ef4305079978276a7,7.667
231,100,3757d7688243c10de813b95bbbbcf8295e61f8b94eef4f4e1f18483988822aa5,7.700
232,100,137643a0f3635d8da413855be3bc1f3d8ff9897904e7e1ce9108e819e4e222f5,7.733
233,100,8a7e76211e731d8d9602d44b82bc63b1c3b8d539a0e3f9c6d5803e1977e23ad5,7.767
234,100,efde36e18e430fad3202584fbade23b561bc5f191ea31ce6ce880b988a628a57,7.800
