0,100,d3d8981ba52c59e79fb49295bed80905036b1dbe57b292c8ea4fb525f52c420e,0.000
1,100,d2d899daa62c5de7bebc9295ae580905016999aa57969ac0ee4bd50df52c5b0e,0.033
2,100,d258d9da847e59e7bebc9295aad009050169d9aa56a69a40ee5bd7ccf52c590e,0.067
3,100,d652d9da847e59e7debe9295aad019050969d9aa76a69a40e65bd7ccd504580e,0.100
4,100,d6d2d8da847a51e7debeb295bad01905490999ea77a69a00e61bd74dfd04580e,0.133
5,100,d6d2d8da846e51e7deba9295bad01b05490919ea77a69a00ea1bf76dfd24500e,0.167
6,100,c6d298da842e59efdfba9295bad01a05090919ee57a69a10ea1bb76ffd24520e,0.200
7,100,c6d298da842e59efdfba9295bad01a15090919ee57b69290aa1bb76ffd24500e,0.233
8,100,c6d298da842e51efdeba9295bad01b05090919ee77a69a10ea1bf76ffd24500e,0.267
9,100,c6d2d8daa46e51e7debaba95bad01905490919ea77a69a00ea1bd74dfd24520e,0.300
10,100,d6d2d8da846e51e7debaba95bad01905490919ea77a69a20ea1bd74dfd04520e,0.333
11,100,d65298da847e59e7debeb295bad01905092959ea57a69a40e61bd7ccfd04580e,0.367
12,100,d65a99da843e59e79ebeb295aad01905092959aa57a69a40ee5bd7ccdd04590e,0.400
13,100,d65a99da843e59e69ebeb295aad019050929d9aa57869a40ee5bd7ccd52c590e,0.433
14,100,d25a99da843e59e69ebc9295ae5019050969d9aa57969a40ee5bd7ccf52c590e,0.467
15,100,d25a995a843e5de79ebc9295ae5819050169d9aa57969ac0e65bd78cf52c590e,0.500
16,100,d258995a842e5de7debc92d5ae5889050169d9aa57969ac0e64bdf8cf52c590e,0.533
17,100,525899da86245de7debc9ad5ae588905016989ba57b69ac0e64bdfadf52c4906,0.567
18,100,5358995b862c5de7dfbc9ad5ae58890501298dba57b29ac0a64fdf25f52c4906,0.600
19,100,53d8995b852c5de7dfb49a55ae58890501298dba57b29ac8b64fdd25f52c4906,0.633
20,100,53d8985b052c5de7dfb49a55ae588905012b8cba57b29ac8b64fdd27f52c490e,0.667
21,100,53d8983b012c5de7dfb49a55be588905012b8cba57b69ac8b64fdd27f52c4906,0.700
22,100,53d8981b052c5de7dfb49a55be588905012b8cba57b69ac8b64fdd27f52c4906,0.733
23,100,53d8891b052c5de7dfb49a55be588905012b8cba57b69ac8b64fdd27f52c4906,0.767
24,100,53d8891b052c5de7dfb49a55ae588905012b8cba57b69ac8b64fdd27f52c490e,0.800
25,100,53d8895b052c5de7dfb48a55ae588905012b8cba57b69ac8b64fdd27f52c490e,0.833
26,100,d35889da062c5de7dfb49a55ae588905016b8cba57b69ac0b64fdd25f52c490e,0.867
27,100,d35899fa042c5de7dfb49a55ae588905016b8cba57b69ac0b64f9d25f52c490e,0.900
28,100,d358997a042c5de7dfb49a55ae588905016b8cba57b69ac0b64fdd25f52c490e,0.933
29,100,db58897a042c5de7dfb49a55ae588905016b8cba57b69ac0b64fdd27f52c480e,0.967
30,100,db58997a042c5de7dfb49a55ae580905016b8cba57b69ac0b64fdd27f52c480e,1.000
31,100,db58997a042c5de7dfb49a55ae588905016b8cba57b69ac0b64fdd25f52c480e,1.033
32,100,d35899da042c7de7dfb49a55ae580905016b8cba57b69ac0b64fdd25f52c490e,1.067
33,100,d35a99de042c7de7dfb49a55ae58090501698cba57b69ac0b64fdd25f52c480e,1.100
34,100,d35a99de042c7de7dfb49a55ae58090501698cba57b69ac0b64fdd25f52c480e,1.133
35,100,d35899fe042c7de7dfb49ad5ae58090501698cba57b69ac0b64fdd24f52c480e,1.167
36,100,d35899fe042c7da7dfb49ad5ae580905016b8cba57b69ac0b64f9d25f52c480e,1.200
37,100,db58997e042c7de7dfb49a55ae580905012b8caa57b68ac0b64fdf25f72c480e,1.233
38,100,db58987e043c7da7df949b55be480905012f8caa57b68ac0b74fdf25772c480e,1.267
39,100,db58987e043c7da7df949b55ae480905012f8caa77b68ac0b74fdf25772c480e,1.300
40,100,db58987e003ceda7df949b55af480905012f8caa77b6cac0374fdf25372c680e,1.333
41,100,fb58985e003cada7cf941b55ef488d05212f8caa77b6cac0334fdfa537a46806,1.367
42,100,6b5a8c0e003cada7cf941b55ef48cd05a12f8caa77b6cb40774fdfa537a42806,1.400
43,100,7b5a4c4e043cada6cf905b55cf48cd05a12d8aba7fb6cb60774f1ba537a42806,1.433
44,100,7b5a4c4e4434ada7c7905955ff48dd05a12d02ba7fd6cbe0574f1ba517ac2806,1.467
45,100,6b5a4c4e4436ada7479849557f48dd05e12d8abaffd6cbe055471ba707a42906,1.500
46,100,6b5a6d4e44b6ada727dc4955ff48d50561294aaaefd6cbf0554b0aa707a42906,1.533
47,100,2b5a2d6e4637ace726dc59557748d505a12d82aaabf6cbe8154b0bef07a41986,1.567
48,100,235e2d4e463f3ce7a69e59557748558565add0aaabf6496815498be787a410c6,1.600
49,100,a75ead4e423f30e7a6ba79556748558574a5d0aaebf2c968154d8aa7c7a490c2,1.633
50,100,a75ebd4e423fb0e7a69a71557748558574a590aabbf289e83545caa7c6a49442,1.667
51,100,a55fbd0fd62f90f7a69231557f68148074a596eab3f288e02545cae7e6a4d442,1.700
52,100,a55fbd0fd63f10f7a69231557f68148050a514eab3f280e82565c9e7eef4d442,1.733
53,100,a55ffd4fd61752b78692b9452f68148410a51afaaaf28068256dc9e7eef45642,1.767
54,100,2d5ffd4bd63f52a78c92fb450d68108458251aba6af28168256d68f7eef452c2,1.800
55,100,6df7f50fdeaf52a588fa53414d60820548859aba5af289682d2d2af7eef45242,1.833
56,100,2ff7b50f4fab7a1588fa3351cd60a201ca859afe4afa86682c2f2af72ae41342,1.867
57,100,3ef7b50f0d2b7a9508f2a1f5dd68a680ca858a7feafa9478142f20f72ae42342,1.900
58,100,14b7b54f0d2b7ab5083a64f9dd68e580caa56a7feafad518852f80f5aaf00342,1.933
59,100,04b7874955ab62a5383a64795d78e5a1a0257e7feadad419852fd0b7acf0a342,1.967
60,100,0ad784c9d5a342a1385aa67975f8e529f2052e5f2bda5419550fd697ecf0e702,2.000
61,100,42d78489f1e362a13a5086b97df0552bb2852cdf2b5a4c19550f76b779f0ef02,2.033
62,100,40b7c8c9f9eb62a12a508db97bf4170ab2850ddf2b5a1b09640c5e937bf0ef8a,2.067
63,100,a017c8c1f9e35ca92a588d79f3fc150ba284995fabda9589650c0e933bf06faa,2.100
64,100,8023dec13de35c292a5c8959f1fc150bc2849ddfa75ab989e60c0a9bbaf0adba,2.133
65,100,c023d7d0bfeb9c28621c8d58f5ec5903c6849d5fed5af989d40c8a9bb2f08c9a,2.167
66,100,f423fbd02feb9e28e21daf58f5ec5b1346843cdfc54a7189c40c0a1be2d488ba,2.200
67,100,b4235fd86ffb9228e29fbf5865ed3a132ea438d6054a71a9844c4a5bea54583a,2.233
68,100,be235fd80bfb9328e69f135835ed1a03aaa430760d4a31a88e4e725bea5c7a3a,2.267
69,100,8f2343d8087bb1a8ea8f1358c5edd201aea4b0768d4af7a08f0e575baf5c7a2a,2.300
70,100,85e241d8284bb988ea8f1158d5eff711eaa4f2768d4af7a18a8ec17b295c9b2a,2.333
71,100,a1e240d82843bd886a8f22dcddef7f91eaa4e0765d5af7a10aaf417b2d5c812a,2.367
72,100,a07ad0dd3c42bf8e0acf025c9d6f37912aa420565d7ae7a108a7e17b3d5ca5aa,2.400
73,100,807ad01f5c42b78e80cf025c956f3f912bf4a0561d7aefa118a7c533355cafaa,2.433
74,100,e07ae01b5c42a7ae80cf8254856f1791b3fca0165552efa1b8a7c573f55c9aaa,2.467
75,100,e07ae01a5c42c7ae804fc070d56fd6b1b3fc80165552efa1b8a74573f55c1aea,2.500
76,100,a05ae01a5e42452ec04f5270ed6f5fb1bbdc88167d5aefa1baa70473741c1aea,2.533
77,100,e840ac0a5e40452ee04f7a74ef6b5db1039c8c1e755a0fa1bab717737c1c1eea,2.567
78,100,e840bf0a5fc0652e302f7a342f6b55b1429ccc1e575a0fa9aab71773c51c1ee2,2.600
79,100,fa40bf081fc0656e38a77e342f2b15b1429e8d1e575a0fe9a2b70753c51c3ae2,2.633
80,100,fac0af081be2a17e38a33e342fab81b1429ea91e77da2be9a2b78753c11cb162,2.667
81,100,dee00f2a92e2817f38ab8e350bab81b1c29ea11e57da2be9a2b79353c51cf162,2.700
82,100,dee00f7a80e7893fb0ab8e350b8ba091f09ea80a57db3ae9a0b7d353551cf066,2.733
83,100,4af02b7fc0e7c83fb8838e35418bb091fe8e380a55db3ae9a8175b535d1cf062,2.767
84,100,4afd233fd0a74e3f1c828e35418bf0d17e0e3b4a17db1ae9a81757531d0c7462,2.800
85,100,6abda31fd4a76e172682c3f5618938d05e4e2b6ad7fb8a69a81747430d0ce2e2,2.833
86,100,3abda917d4a32f152380e3f561c93ef05f46ab6ac5fb8869e807c34305a8e2f2,2.867
87,100,0abda91354832f15a1c0a3fd29481ef45f46a36bd5fb6869fc0763431da8e2f2,2.900
88,100,0abfa94154830b14a1c8f27d29481ef44f4661ebf5bb78297c0757d33da8e2f2,2.933
89,100,48bda941d4e24a14e1caf07dfd409ef4c54661ebf4b978293c0757d13da8e2d2,2.967
90,100,68b9a94154e26a14f1cafe7d4d40967cc54671abb4b91a29bc05d7d13cace6d2,3.000
91,100,7c89bd4154fa3a5cb9fa5e3d0540967cd10630ab9cb91e09af15d7d198aca6d2,3.033
92,100,3c09bf4056fa0a1cb97e5e3d0700d6bcc10638ab8e990a89af15d7d19aece6de,3.067
93,100,1c018341d7faca1da97e563d4300d2bdc10638ab8e994a89eb15d7d1f8ece5de,3.100
94,100,4e018369d57fca0fa94f56246380f0b7590678abce9942c1e9d575d0786ce5de,3.133
95,100,4e00e37f557f6a0da94f54046380f0b719077cabce8963c5697575f0386ca5d6,3.167
96,100,6fa1a3ff592f6a0dad4e54042bc2b4b718873ceb8e8973c5297515f8386c84c6,3.200
97,100,6fe923ff5d072a8dad421684bbd2b4b70a87fcfb8e8923c4a97415f81a2c8486,3.233
98,100,2ffda1ff1c03a685ad42d6a4fbf284b70a07e4fb828df344b97495788a2cc406,3.267
99,100,2dfda16f9c038685adc3d4a47bf284770e17e5fbc28df34491748570da2cc506,3.300
100,100,89fd202f9803c685abc3d4a452f30c775617e57b762df35451749d70d62c6b06,3.333
101,100,89752023b803cf85f2e2f57452f30873f61743527639fb547574dd30e62c6b06,3.367
102,100,d9656423bc03df8572e3fd7c52b3087ba606435274293b445d7e1f10e62c7b86,3.400
103,100,d9616423ff835fe542eb387d52b31a53ae0653d239299b840d3e9f108eac3b86,3.433
104,100,59404ca337a30fed42fb387c02b31a53ad06d3d029299384cd7ed7158eeebba6,3.467
105,100,c9504cab36b38bfd40abb8388d11da13ad02f7d259298484c9fee797cacef0a6,3.500
106,100,fd386ceba2b398756021b8158d9177d3ad0255fa182da68479de36972acee826,3.533
107,100,ec2a04b1b2b3d9556c05bf9d07d573c389ea55fa182da684d3d6b6171a4ec826,3.567
108,100,e68826d7f2b3eb546f05b7dc81e570c3b86ac4fa4a2dee0453d689031b56e826,3.600
109,100,568cb2cedabba9502555b3dcd06578439e7f453e3a0da70551d68d03b5c2e926,3.633
110,100,118c8bc658398958a56df0ecd8647e318f7f4516b20da7a5d1f6cc0bf5c2592e,3.667
111,100,9504c7ec68614558e4efd42c1a6c6f31a73fc187f0899ba550f60e2b67c25aee,3.700
112,100,5c84f7f67a72252824ab902c5a240725b3bff18770831be580f63e6bafe0b26e,3.733
113,100,4aa407f40032a719f68fda2f4a84eba5b0af58855cd30fe5c076761bef24f06e,3.767
114,100,c297632450329f09d5c75e296c946995b4df5c452ed327f5a136721b1ba4a1ee,3.800
115,100,d2d3294d69920fcb43c79a2ba6c4f555b422524586537555d1167d9b1ba4e4ee,3.833
116,100,52d7b04dd4d6a5fb60c3db21aac155563fa24b61ab72310a18162ccb0be7e4fe,3.867
117,100,43177a495c32965b20c35f31a9ed535ebeb265a0a5f35d88d606a6cb7067c076,3.900
118,100,1595ad096f3ed67be0c9d731a1ad40569a9274b5b7f15e887246264b70374936,3.933
119,100,48b5b4892dbdd35b2a895731a4ad795e8e5a58bc86f10c80c3e69f097837e596,3.967
120,100,688d92c02fbdd5532bc9df11b48df52caf4a683ac2792dc061e40f895a3766d6,4.000
121,100,7f6d92557bbdf05369c8ca511a8d5124854a791e967d3c30e5e48da988331af6,4.033
122,100,d92802c75a1db56569c88f752a8dd7a42d0e513a9e7d7030e5e48d29cc37d8f6,4.067
123,100,912a2fe7da3934654128ad456aad97e4690ec32e9e3c7032e5e4e5294c3fd876,4.100
124,100,97322dc7dabb38f555283d5552b5b6c569868f8e9a0c123397a4e6294c3f6074,4.133
125,100,97304d479aba688597a83d41d3f1b4c5e1868f8e9a0c1af393a466293c3f377c,4.167
126,100,d6b0cd5f355a68d597a8684a937bbcc561c4cfce480d5af313c4a689121f1f2c,4.200
127,100,e6a8d38f655a42d53ea8495b9f7b78c167e4edc6681d48f303c4ea81021f9d2c,4.233
128,100,e8e8b68f654a93d53420417fbe6a70e5b6e4e5466c1958d3e3c4e881869f99ac,4.267
129,100,4be936ade96a939d7420873f9c6a5a7516e6b706ac291073bfc46081fc97618c,4.300
130,100,0bd536ad49eb9b1f70a1479fad29487d5af717068c2914729d643ac1bc9762a4,4.333
131,100,8bd7b63545eb9f5c3085179da529ad3d08f77316ee2946324d6443419e17a3a4,4.367
132,100,4bdfb21525ef8f0888455b9d5689d41f08f713d73b99723b3d74e140555343a4,4.400
133,100,0debd816b2f757227465ad452bc1021fec73414208c9ca9b1dbcf6e95dd2e3a4,4.433
134,100,27ab5c1289f78bb012a3d466b9c11b0d342357623049a21fafbcde69b9dae3cc,4.467
135,100,b385560ae5dfad102ab75636e5e04f8c6fa1df229ce9900f419e46291d7a694e,4.500
136,100,8bc53a2b72eb75588b13123ef0f0139ca1d1aab24da51e0ff1d6a22d157ba64e,4.533
137,100,cd85ad75feaf54c8c91b5a3ac8e0985cf1d122724ba50c0ff1d6aa2d9d37480e,4.567
138,100,c5802575ba2d74e8c58b643aed607c48f55970728701344ff5d6aa2dbf3349ae,4.600
139,100,468ae577ba7552e8838f7638a7203c6cdc59707a820114ebd556daad973339c6,4.633
140,100,6288e553bb75dac08a8d73b88f24ce6cdf09f1788200d0eb5556cae95c33d9c7,4.667
141,100,3288859b3974c9e0088d7998a735cfacff0969782a00e8eb75566ab96c33b9cf,4.700
142,100,32c8959afd74dd4428cdc198a7b587acfd0d69b82801a0ab35562ab96c333f9f,4.733
143,100,82c91dbbd6701d4448cf4190a7b58fa4f4ad6f982009bdabb57636b984b3371d,4.767
144,100,8acd589bce70dc4448ce61d023f59fa4f4ed7b90a80d9cab907656398ab37e19,4.800
145,100,0bcdf91bcfb06d666cee705827f792e47cec3f800805dca11276661983b36e19,4.833
146,100,05cda91f7fb0a5663e6eb04891f7dae65cecaf80a015c6a113764219a38bef19,4.867
147,100,35cdad1d77b0b7261e6e9028d5f3d8667cfcaf80a215cea142745119a38bad19,4.900
148,100,34cdad9d5fb05326de2ed02a4df348664ffca700e255fca16a741919b58b8c19,4.933
149,100,34cdabd8d7b06737fe24522a4f1368766ffca7008295f5230a741119d78fa869,4.967
150,100,b48d8bd8d7b06736ba2446baeb1368f67fe4a540b295e1637e340119f58f00e9,5.000
151,100,958d9bd8c7b37f163824ffba6a1368f675642740b495d1437c341199d50f40e9,5.033
152,100,d58cdb908f33fc177024ae1aa6337ad625607452b7bd9043f87c6b93050e4ee9,5.067
153,100,d1c8cb91af23e81674a4af1aa77379d421609556b3b99047d8fc6e93210f6ea9,5.100
154,100,59c8eb91ad33241634a49f3b85f271d41920d55653a1584769fdae9ba14eeea9,5.133
155,100,69c82f9385135516528c8fbbc07270d48828d5564ba96c466bedbf9bb34dbea1,5.167
156,100,31c9c693311bcd1472bdcbbbe0e60194282885d64aa92c767fe9bd8b93cd5ba1,5.200
157,100,63cb8097a71bf9945ed94b3bece239b41c08a3960a8128f6dee1e11f97cd5921,5.233
158,100,41cb9417f41b7bdc71dd0a7be0c23c14980ae79601012cfeb7c1d5dfd38d5929,5.267
159,100,50cb5403dd9b185c0f992a7ba58a76545d0af7d670013ef6f6e150df6e84a929,5.300
160,100,b8412a83c78b415c85cdbb39d7ca1ed448ce7bf67009bb7eb661485f6a849529,5.333
161,100,dd61af41a3a1684cf48d7b3951eacbf4802eadfa1c01ef7e0521b95beec45109,5.367
162,100,cff04328d1b1fe6c96ac081d68eaea14f06f567b9681673e55a1954bafe44909,5.400
163,100,e7f022a8fdb94f4e87a48a15acea2a14546f16739aa96bbe59a1956ba7e40149,5.433
164,100,eff0310abfb84c4f87044015adea2a15553f1ef31a89abfe50a1936fe6e49149,5.467
165,100,a3d0338ab9b94f4fc304d095afeb221517670e439bc1aa9e59a1127ecee4f549,5.500
166,100,e3d0311a39a7ce0f450410b5ffcbaa1515771c23a361ea9e28a15efecee4e549,5.533
167,100,c3d4b01e71a3ce07466475b5b8cb2c3517579d83a241eabea8215efcd6e4e449,5.567
168,100,8794701ef3ab8a0f46646735b0db0c3555579343ec41aabe28217ef0fee46cc9,5.600
169,100,47a4709ef3ab9a0f4f44e735e0931e375d559543c841aabe2829b6f07c6470d9,5.633
170,100,9fcc619eeb4b38af0ec4e725c2935ce71455054388492ab64a4baeb0be6c76d9,5.667
171,100,db48c1befc464b2f9e84c76420975aeb1c15454390d969b4d25bbeb03c6c7671,5.700
172,100,d4c8c93cf086094b7ea58b6463b77acb16358d4321d94934621bafb03e6cf771,5.733
173,100,0cc9d9fce5963a4b7da3aac4e3373a9b56258f470551083ce21b2e343c6cb731,5.767
174,100,6899deed61167ecb5d23a6c4eb3762937e2587070551413cc65b0e30be6ca731,5.800
175,100,7a31fec9c5076cc65f63bec48677ab9376a18a254551e12cc49b1e70b0ac8f31,5.833
176,100,7b617ed925656c863f6397a48676e337fc9192254551f1a8441b5e30bc8c8b33,5.867
177,100,bfe16fd9166725861e63c3a4c47631137c919a25455071acae9b5f305f8ce932,5.900
178,100,83f169dd8267c1528a63e9247c3639130cc1cb256dd038ec8e9bcf70deccadb6,5.933
179,100,30316c1d32275912047b79b53e969103a6c1e37527d01eecc7df6170fafc1c4f,5.967
180,100,b63b8f0d97a74bb2847b13bd06d6c14974c8317485f08a6c658f31701afeca67,6.000
181,100,133ac38d14e1f890e45b928d2c56fb492c789b3c45d0ea2e2c8f9c32cd3e7767,6.033
182,100,b348e9cd8c609f1c264adb8d6c56f32947fcd3be65d2b3260087c692629633e3,6.067
183,100,5b4a65e54272db9c75ca9badacf691a908bcaa074cd2956649033e5ab91636e3,6.100
184,100,f96abca5f7d6198f2467062566167308c884374755d233226191bf78d9be370b,6.133
185,100,975257aa62d6c842e02213b559d23f48cce46777c9fa483a00b166f8cbaf6ecb,6.167
186,100,e152d9282ed29f4ac5b2c3bdccd2364ad0a6371311b8ee0bdba9fa6c212f4c87,6.200
187,100,7c5a07a842bef34958aaba09fd44b76ac9a7e890b1c8a6cf31e1cc2c1227ded3,6.233
188,100,9e2a83c8f0a6ab4105aee6ddc176102b90a3fe50fb68da2f2375ec1ee3079993,6.267
189,100,1c3e4b4938668e01812ef28f19545c03cea3efd4037dc9a7a091b59ecec3fdd3,6.300
190,100,1010dfab3d76c793416e5c820f54e511f2fa1054116ef8a7fed05b5e0ec3a379,6.333
191,100,09508ffb38fa9c9369fcac02837e75115aea8854450e2fa727d0237ed8eb613d,6.367
192,100,c2fce51d466f1e9353de2903c7fe7901bea8ab04f58e12a719d0d97efca00680,6.400
193,100,9a6d3130e5601a598fce382707da78d18e9bd2873d9a9ab3a952e74a30a79676,6.433
194,100,9e4d539164b7e3b9091cf1e0de1af2caac5bd2d5691496a4654514add2a9ac57,6.467
195,100,cd0d5348f4b0aeb4495314cff3bb2c6a897156c7ab94862b5558a5921aadadd9,6.500
196,100,4056003a9df6b9ad6bc942499696b43ee9667f692ed101b29576aacd5d18a957,6.533
197,93,112f29178a1b4eadd5c73d47639cc281bca95542fb55ae8151aa55722a97eaad,6.567
198,49,1768ff6301abb2ad67b7be0071458dcabf2868ad0903777788813303ceff111b,6.600
199,100,806e01fa0fef1ffebfc79e00c0029c78ffeb3ffa30030012e003c00efffc1f1c,6.633
200,100,e0ff010723ff07e26c723d00f10c43780f4f1e4b7e90f4935d86f9bd03a307ce,6.667
201,100,d807d07fb3f7f7e01ef05e80309c65a0c96f0343c60906533e0798eeaf31f0ee,6.700
202,100,7c0f48fbf9f120f0ef709e0038eef4a5696ffb83e12823530c0601564eb17f66,6.733
203,100,3c3bacba507835f8e7408e553ade04851df73881d1a8ff53fca6c75e20b10f06,6.767
204,100,3e5decb8d838f3b8e700cd4de34c84030774089111a97e5b79a3f75ef0b3f106,6.800
205,100,175f8f3c185c39fc17887daffb4df223f744ec9181a80459082b145a99f3fc42,6.833
