0,0,b2dc981be36c994787bc16811edcda81d20b855627b6bff86e8ba1050b44ff86,0
1,1,b6da98dae76e894705be12815edcdaa1d20995562fb69ff8668ba1050f449b86,0.0291
2,2,b6da98dae46e894705be12855edc5aa1da09955627f69ff8668ba0452f449b86,0.0583
3,3,a6da98dae67e9947853e12855edc1aa9da09955625e69ff8668ba0450f449f86,0.0874
4,4,b7fa98dae67e9847853e16a516d01aa9da09955625e69ff8768ba0450f449786,0.117
5,5,b7fe98daee7e9047853e16a51ed01aa9d209955625a69ff8768b20450f44b786,0.146
6,6,a7fe98da6f6e9047853e12a51ef81aa9d209955625b69ff87e8b20050f44b786,0.175
7,7,e7fe98da6f6e9047853e12a51ed89aa9d209915625b69ff87e8b20050f44b786,0.204
8,8,a7fe98da6f7e904785be12a51ed81aa9d209955625a69ff8768b20450f44b786,0.233
9,9,a7fe98da6e7e904785be12a51ed01aa9da09955625e69ff8768b20450f44b786,0.262
10,10,a7fa98da6e7e904785be12a51ed01aa9da09955625e69ff8768ba0450f44b786,0.291
11,11,a7da98daee7e984785be12a55ed01aa9da09955625e69ff8668ba0450f449b86,0.32
12,12,b6da18daef3e994785be12855ed81aa9da09955625e69ff8668ba0450f449b86,0.35
13,13,b6da18dae63e996785be12855ed81aa9da09955627e69ff8668ba0450f449b86,0.379
14,14,b6da18dae73e896784be12855edc5aa1da09955627f69ff8668b80450f449b86,0.408
15,15,b6da185ae72e896784be12855edcdaa1da09955627b69ff8668b814527549b86,0.437
16,16,b6da985a672e896784be12855edcdaa1da09955627b69ff8628b81052754dbc6,0.466
17,17,b2da985a672e896780be92815edcdaa1fa09955627b69ff86e8b81052554dbc6,0.495
18,18,b2da981be72e896780bc92815edcdaa1fa09955627b69ff86e8b81052554dbc6,0.524
19,19,b2dc981be32e894783bc92815edcdaa1fa09955627b69ff82acb81052d54dbc6,0.553
20,20,b2dc981be12e894783bc92855edcda81fa099556a7b69ff82ecb81052554dbc6,0.583
21,21,92dc981bf12e8947c3bc92855edcda81fa099556a7b6dff82a8b81052544dfc6,0.612
22,22,92dcd81bf12e8947c3bc92855edcda81fa099556a7b69ff82a8b81052544dfc6,0.641
23,23,92dcd81bf12e894783bc92811edcda81fa09d556a7b6dff82a8b81052554dfc6,0.67
24,24,92dcd81bf12e894783bc92851edcda81fa09d55627b6dff82a8b81052554dfc6,0.699
25,25,92de981be52e896783bc92851edcda81fa09d55627b69ff82a8b81052554dfc6,0.728
26,26,92de981be72e896782bc92855edcda81fa09955627b6dff82a8b81052554dbc6,0.757
27,27,92de981be72e896782bc92855edcda81fa09955627b69ff82a8b81052554dfc6,0.786
28,28,92de981be72e896782bc92855edcda81fa09955627b69ff82a8b81052554dfc6,0.816
29,29,92de981be72e896783bc92851edcda81fa49955627b69ff82a8b81052554dbc6,0.845
30,30,92de981be52e894783bc92854edcda89f24b955627b6dff82a8b81052554dbc6,0.874
31,31,92de981be72e896782bc92854edcda81fa49955627b6dff82a8b81052554dbc6,0.903
32,32,92de981ee72e896782bc92855edcda81fa09955627b6dff82a8b81052554dbc6,0.932
33,33,92de981ee72e896782bc92855edcda81fa09955627b6dff82a8b81052554dbc6,0.961
34,34,92de981ee72e896782bc92855edcda81fa09955627b6dff82a8b81052554dbc6,0.99
35,35,92de981ee72e896782bc92855edcda81fa09955627b6dff82a8b81052554dbc6,1.02
36,36,92de981ee72e896782bc92854edcda8dfa09955627b69ff82a8b81052554dbc6,1.05
37,37,92de981ea52e896783bc92854edccb89fa4b955627b69ff82a8b81052554dbc6,1.08
38,38,12de981ee52e896783bc92854edccb89f84b955627b6dff82a8b81052554dbc6,1.11
39,39,12de980ee52e896783bc92854edccb89f94bd55627b6dff82a8b810525545bc6,1.14
40,40,12de980ee52e094783bcba854edccb897b4b955627b6dff82a8b810525745bc6,1.17
41,41,125e980ee72e096783bc9a854fdccb89790bd55627b6dff82a8b810525745bc6,1.19
42,42,125ecc0ee72e0967c3bc9a854fdc0b856909d55605b6dffc2acb8105a5745fc6,1.22
43,43,125e8c4ee72e0167c3bc9a952fdc0ba56909d55601bedffc2acb8105a5545fc6,1.25
44,44,125e8c4ee52e4167e3bc9a852bdc8ba56909d55600bedbfc2bcb9105a5545fc6,1.28
45,45,525ecc4ee52e4127e0bc9a852bdc8ba56909d55600bedbfcabcb9005e5545fc6,1.31
46,46,525e494ee52f402762bc9a852bdc8ba56909d55600bedbfcabcb9005e5547fc6,1.34
47,47,52de494ee72f402360be9a852bfc29a56929d55610b6dbfcaacb9005e5643fc6,1.37
48,48,62de094e672f002364be1a952bfca9856929955650b6dbfc6acbd005e564bfc6,1.4
49,49,62de094ef72f002364be3a954afca9852929955610b6dafc6aebd005e574bfc2,1.43
50,50,62de094eb72b102764be3a850afcad852da9955600b65afc6bebd005e574bfc2,1.46
51,51,6a9f094bb72bb02764ba3a850afcade02da9855200b65afc6bebd005e574bfc2,1.49
52,52,6a9f0b4bb72bb42564ba3a810afcb5e4ada1845220b67efc6bebd0050574bfc2,1.51
53,53,4a9f0b4ba72bb425e5ba1a810afcb5e4bea9945202b67efc6b6bd0010574bfc2,1.54
54,54,4abf0b4ba7abb421c5ba1ac1cafcb544dfa9941212b67afc6b6b50014574b7c2,1.57
55,55,4aaf0b4b852b94a1dcba32e1cafcf545dfa9941292b26af86f6b50214574b7c2,1.6
56,56,40a72b4b852b16a1deba22a1cafcf541dea19417d2b2eef86f6b50215574b7c2,1.63
57,57,00a72b4bc10b16a1deba60a98b7ce541dfa5d41fd2baaff82f2b4021d57477c2,1.66
58,58,80a32bcb814b12a1de3a68298a7c6541dfa5541f52baaff8ef2be021d5747fc2,1.69
59,59,80a36bc9a94370a99e3a68398afc65017ba5021f529aafb9ef2fa03195747fe2,1.72
60,60,c0a3efc9a963f0a91e9a62392afc65013ba5421f529aafb9af4fa013157467e2,1.75
61,61,f0a3edc9394374a916bae0b90afca14137a5489f529aefb9afcf001315744fc2,1.78
62,62,f023dfc91043d5a956b8c9391afca14037a5c89752daffb96fce8013157447d2,1.81
63,63,7423dec9106395697eb8ca193afca15075a48a9752da3ff96fcec093147445d2,1.83
64,64,fc238fd900638d797e9cca183afc9151b5a488976ada3fe97fcec09314744512,1.86
65,65,bd23a7d801638f787e9cca1828ec9551f5a488974ada3fe9afce80933474cd1a,1.89
66,66,3f6312f840738778769f4218286c9151d5e408976ada3fe9efcec29334f4d51a,1.92
67,67,2f6391f84053b578668f0258686d9411d5e408a6efda3fe9ffced01b52d4951a,1.95
68,68,076380f8c053bf58448fb2dc286d9701d5e43a26cf5a3fe8cfce321b5adc951a,1.98
69,69,c573e098d8133d58c08fb2dce82f979155e42a26cf5a3de8c7cea21b4adc951a,2.01
70,70,c172f0985c433dd8508ff2dca82f07b155642ab6cf5235e8c7cfe01b4adc955a,2.04
71,71,7472f01c5e420ddc508ffadc886f23b155746a369f5231e8d5ef60034bdcd54a,2.07
72,72,7472b01f1ec201cec08ffedc886b03b155546ab69f7275e9d5e768030bdc554a,2.1
73,73,7c72b41f8fc2214ef0c7fedca86b02b1d1546ab69f7255e914a760232bcc554a,2.13
74,74,7c52341b8ec2614ef447fefca86ba2b131547e36bf72556914a7e0232bcc9542,2.16
75,75,7e52351a9ec2e14efc47fe7c086bafb131547e362af255791427e0232b8c9542,2.18
76,76,7e523f1a9fc2e14efc47be7c406b8fb13554df162a92d57914a780232e8c9542,2.21
77,77,5e503f1a9fe0e14e7e431e3c416bafb1b554cf162a9ac57954a782230f9c9546,2.24
78,78,5ed00f5a97e0214e3d43163c416ba9b9f5d4cf1eaa9ac57954a78223ef9c9446,2.27
79,79,1ef8035a87e2e16e3d63063c414ba9b9f59cdf1e639ac17954a7e203eb9c1446,2.3
80,80,16f8435a90e2e12e1d63023cc10be9b9f59cff1e629a517974a7e293fb9c1446,2.33
81,81,94f8c35ab0e2c82f1d63023dc10b79b9f59c7f5e219a507974a7aa93eb1c3846,2.36
82,82,94f8c35af4e3d82f3d03c23dd10b78b935967f5e219b106970272a93ab1c3c56,2.39
83,83,d4a8431bbc679e271d83c23df90b3cb915c61f5ea19b90495c272a938b5c3c76,2.42
84,84,d429630fbc27cf079d82c2bdf98b3eb907c6174aa15b90494aa78ad3895c3c76,2.45
85,85,16ad73033d23470775c2c2bd7bc11ef886c6d34aa15bd0494aa7e3d3cd5c3472,2.48
86,86,16bf5b032da3478571c242bd7bc11efc86c6514aa15bd0494aa763d1ed5c74f2,2.5
87,87,90bb5b83ade3c39571d850bd79c00efc82c6514ba91bd0490aa77bf18d5c74f2,2.53
88,88,d0bb7bc1ade2c79478da303d7bc086fcc246714b291b9c490aa723f18d5c74f2,2.56
89,89,dcb97bc1acf2d69478da3e3d6bc0867ce246714b2d1b14090aa5a3f11d5c7496,2.59
90,90,5cb97ad1acf2569c38da1e3def40867ce206314b2d1996090fa5a7f1955c7496,2.62
91,91,4c890af1a4fad69c385e8e3deb40a62ceb06156bad8997c94ba5a3f1955c7496,2.65
92,92,8e8902f1a47ad68c185e862debc0a52dfb06157bcd89d7e94ba5e1f1955c6496,2.68
93,93,8f89d2f9a45ad28c585ea70cf3c0a52ffb86157bc789d6e94aa5a0f0955c6096,2.71
94,94,c788f2fba05ed28d484eaf0473e0352f9b871d7bc789d6e95aa5a0f0154c6896,2.74
95,95,c7e8727ba91f538d4b4eaf0451e034279a871d7bc6a972e95aa528f01c4c6cd6,2.77
96,96,47e9706f8907578f4b47afa451f20c279a870d7bc6a932ed1ab52878944c6dc6,2.8
97,97,41e9706f8d07578f4bc3a5a410f22c27ce870c7bc6a972ed5a35a878954cedc6,2.83
98,98,406d782f8d0347cd49c2a5a410f2ec27c687647be6a97aec1a34ac78d74cefc6,2.85
99,99,4869782f8f03e5ed48c2a52490f2cc23c687687bf6a97aec3a34ae38954cefc6,2.88
100,100,c86d782b9f03e5e950e2ad64b0b3cc13a6876a7a26a97aec3a348b30b54c5fa6,2.91
101,101,d8617d231f83c5e974e22d7cb4b3dc132787f2f2260932ec2a3c8b30e54c5ba6,2.94
102,102,9b616d231fe385ed34e3287cb4b3de136786f2d22f0912ec2a3e8fb0454c13a6,2.97
103,103,9b516d6307e381edf47b1a3db5339e134f86b2d21b0992acc93e87b0c54c13a6,3
104,104,9b50cd6325f3c0edf42b1a3cf5319e134f86b1d21909b3acc91ea7b5c54c31a6,3.03
105,105,9b50cd6b25b3d0adf42b1e18cfa196934bc621f298096dacd81665b5d44e3de6,3.06
106,106,0b18cc6b7433fabd7e211f9dcba121d34bd221fa9c0965ac101625b754ce7e66,3.09
107,107,cd1ce42bb4339a954fa1039de1e930d3d97aa07a9c0d67a4b056279392d6fe26,3.12
108,108,e50c66ab35335a94cbe920dce0e93cd31c7aa43a960d47a5b056db8393d65f26,3.15
109,109,a5cc32c59e3b5ad0686930dcb8611e538e5fe81e170d6be53056cf4329d67b26,3.17
110,110,b5ccd2c49e3bcbd86849341c9e680f11c30fe906378963e53076cd5325f69d6e,3.2
111,111,adcce0c45e79ebd8684b2d0c962cc321630ff987358981e5b036dd5b65f6944e,3.23
112,112,aded00641e7e6b587d4bbf2c9524e321210f398f3da390e5e836165b47f4344e,3.26
113,113,d4a0e064fe3663993dc3972bd5a4d125390f9dcd8cb3c0a5ea36375b43e4304e,3.29
114,114,f2a2632cbf34839ba1c7972b4c8458852cbe9ecdc6b362a57a36375a93e4604e,3.32
115,115,90934aad5db6c1dbe0c3976b648468152e76b6e9e6f22a953a161ddb91e6604e,3.35
116,116,94b70a0dbc3660db78c3933950c1a014057edb6952733fd09f96c5dbd0e7646e,3.38
117,117,f2a71a59c536b4537ce38b39c089a05405be696d69738dc8b7c664db3827f826,3.41
118,118,a1a56b09c33496537cc9ab397809f254d4d63dbd203985c837c6675b3e27c936,3.44
119,119,d4a52dc9411cb653d0c987b96c091a54c6d69cbce4b1cdc0f2e683593f276db6,3.47
120,120,5ead36c0418d3b51dac987b92c8d3b5443565e1ee6394df07864c1d99f2364b6,3.5
121,121,8b6db6c5908d3e7149c8d6b1948db76ceb561b1ea61d1d706864c959de2390b6,3.52
122,122,9b58e6e7938d2865595842fd54a9b56c4f56bb1e861d3f306064cb59ce239836,3.55
123,123,bb5a42e797192865f9584a5554a9a5ec5dc6f11e8f0c3432616c6f19ce0b9a3e,3.58
124,124,b3324bc7951a1ca5b1780a55b0a126ed5dc6c10e9f8cb433a1ec6719cf0b7a7e,3.61
125,125,a530cbc7971a5ca5a5780a51b0312ee579e6c3c69f8c9433b1ec67191f0ba67c,3.64
126,126,6530cb872a5a58a5a5785e5a90731ee570e4c1c6df8d9433b1ec4789b70f876c,3.67
127,127,6570f18f6e5af0852738d85a827b3ee160e449c64f0998b3f0ec5581f78f8b6c,3.7
128,128,5de8250f6a5ab0952f68e81b867a3ce120e669c64e0998f362ec7d81e787db6c,3.73
129,129,90e9252f585aa29d2d28e11f8f7a9221a4e623c64f1938720aec7fc10fa77fec,3.76
130,130,d0f107add84b929f3ca8e10f4f78da399027a306cf09ac728aec1ec10ea777ec,3.79
131,131,d0d326adc84b039e3cad218d2d394a1dd82733874709e432ca7cf3d18eb377ec,3.82
132,132,804736a5606b8f5a58c5908db5892f1fd827a18715993533097c7fd0aab3f7ec,3.84
133,133,c94b9e96302fa77a2c654ac550e9f70f6c23e0d2c8c9d01b8d3cb5586ab273ec,3.87
134,134,65eb8f12d8b7d3bab523ae6658e1b3892e23b7523cc9720bc03c85490a9a73ec,3.9
135,135,31e1a75268d74b9853b3a63668e0d38c4bb197729d69920fe99ed549081a7bce,3.93
136,136,d3e59603344b2bd8db93b63638f0b58c60b1c532dde9860739a6f54da83b644e,3.96
137,137,cbe54a31144fadd8db83961ed8f09cdc38917032ffe184033ae6d70d8b33c94e,3.99
138,138,ed806a35162d25c8e98b6f3a4f709c5c2a993c32ffe1c4036af6d40d2bb3c9c6,4.02
139,139,e5806a311625b4e8f58b253867708d4c8ed93e3affe1a4436af6d4096fb3d886,4.05
140,140,75986913123594e8db893538c328c54c87493f5affc0b463baf6d409efb39887,4.08
141,141,34c869131a34dae4da8d59b863adc56c87497bf87fc85c632af654196fb30087,4.11
142,142,34c8a9120a348fe4d8cd7bb863a5c5ec054d5bf87fc9156b2af645196fb3008f,4.14
143,143,b4c9851ba2348fe4d8cf7bf860a5c1ec214d5bf87f89056b2af605196fb3021d,4.17
144,144,d4c9951b84308fe4dcce7ffc60b581e4200d5ff87fa9956b2ab68519c3b30299,4.19
145,145,d2cd1b1bc7304f644c4e3efc20b7b0e4000d5ff85fad956baab6d41963b34219,4.22
146,146,e8cd0a1f81386f66046e3f58a8b79aa4006c7ff86eadd569bab6f31933834219,4.25
147,147,28cd081f813823668566bf5aa8379a26806c7ff87eadd5697ab69b1971cb4a19,4.28
148,148,24cd001d81f07326876ebd5acab2de26c0ec7ff87ead756152b49b1921cbca19,4.31
149,149,24cd409c81f06326176eb55acbb35e2640ec7ff462ad7f63d2b4b919a1cb6c09,4.34
150,150,248dd098b1b242261f64e55a5bb340260bfc7ff422ad7f630aacf8112fcbfc69,4.37
151,151,210c93f8f3b302a61f24055a5f3340662ffc7fd42aadbf430eac90912fcbf469,4.4
152,152,a94c3bf8c3b30a863f2c0d5a623310e67ffc3fd420a9be431e2c4091efcec569,4.43
153,153,b9dcf3b9c3237a063dac451a403318e47ff8aed62029be4718ac41116fcfd569,4.46
154,154,99d853b14b036a962fac8513e07238f4fff8ae1691299e075aed45017bce5569,4.49
155,155,f9d843b3eb13aa94b7acc11bf8763df4df78a016d129cc0612a901037bcf1569,4.51
156,156,f1d9eba33213ebb4b519c15a7c76fff4df58e016d501480602e90103b2ef9569,4.54
157,157,f1d9f88363133bbc8499d51a7cf63ff49f506016d501780686e9e003aaef9969,4.57
158,158,f9d3b8036d1312dcb899d75a7dd62ff4bd506116f1014c2628e9a003ffaf9829,4.6
159,159,fdd3be83afdb9edcc189567a6dda2ff4955220163d0184762621a007ffac4821,4.63
160,160,1fc15783e7fbfa5ce9cd133bb7dab7f4d5461056bc0180762221d0037eacaa01,4.66
161,161,8f71c3e97fab5e5c2ccd1339bdfad7f4fd4640568501c0166b2100435eeeb301,4.69
162,162,c570f778bbbb1f4ea7acdfa95dfa5fb43c478453a40161162921814342fc9149,4.72
163,163,6170f75a0bb9cf4ee7ecdfad49fa5fb4b00784539501511615a1a14362fcb149,4.75
164,164,60f0755e1bbace47e7ecfead48fa7fa580078453d1015516bda180476feca049,4.78
165,165,60f435de1bbbc247f7e4fead4ffb7ea580078443d04154969da19414edec2049,4.81
166,166,70f43d5e1babc287ffe4f8ad4bfb6e25800785435241559edd218414fdec6049,4.83
167,167,f1b43f5e31ebce87e66429ad1efb4825820781437251d5fe5d018414ffec6449,4.86
168,168,e1b43f1631e3df07e4646bad3e9bc021ea0791534ed1d5fed80184347fec4059,4.89
169,169,e3ec3d963143de0fe6e46b2d7e938021aa85a153ded175feda0104b46f6c9051,4.92
170,170,cbec799657c35d0bc6e4632dfe9b8001aaa5e153ded15dfed00145b41f6c2411,4.95
171,171,9eccf9163fc6d14b84e4f36478b390038aa5e353b8d1dffe900347341feca411,4.98
172,172,bfc8da3c3dc6d34b95e5d26471ab8003aaa5ca4371d1dffc7013cf341f6c2011,5.01
173,173,ddd9baac6d8612439d63d6e4632b1003a229ca05e9d1fffcc013dfb41fec2231,5.04
174,174,db99a4ed698604c3996375c4423f70030229ea25ebd1fffcc013cfb41fdc6531,5.07
175,175,17b10cd9eba74cc6876305c4e22f500324a1da25e9d17ffce013ceb03ffcc731,5.1
176,176,12e114d96a2744860663b564ea7670033e81b6a5ebd17ffce0138ff03ffcd131,5.13
177,177,02e140d9a22769868673f56cee1638039e91be25afd03dfc401bcff0bffcc914,5.16
178,178,b061580df627e9b2d673792c04160903cfd9eaad4dd01d7cc01bebf4f5fc4906,5.18
179,179,34394f0d3f679bb20e7b092d0596a9836cf96a2d65f09d6cc00f7a7435de8047,5.21
180,180,07398b8d27e1d1b2e45b81ade496bac13cf83a2ce5f8d56c60073a74957ec447,5.24
181,181,f31af18dbc6118b06e5bb18d4ed61a494ff89a2ced94562e40079f76cd3e2143,5.27
182,182,3bd848edce70839c6f5a93ed4af63369e5fca00c68943226d083f7f27d962043,5.3
183,183,925e686df674918c3d4a916d4c36b929fcac1207ccd6ab46ea8367da1f962453,5.33
184,184,1a5e0d2522b699cf6c63e72d6eb637c85ea422c7bff2354679b18758991e2003,5.36
185,185,e256b12074b6dec27e62b3a9d8968bd8c8e66277fd7ad552fdb96458c00f0003,5.39
186,186,7a57997846b6ca50e537f01ddcd6265ab5272713bd58c70b93f9824c702fc803,5.42
187,187,0e1be158f5be3b599d0e17890ffc035ad9275e903dd844cf28e9cc0eb62784a3,5.45
188,188,965ef1d83ca64ac1ed4e66ad786eb54bbd234eb41258942f7a214f0e63a39891,5.48
189,189,8c3ed2c97c66c6a1f94e34839a24cf01c5a342b4e25dd9277fa13986c6f3b991,5.5
190,190,beb487c92866e7b1f86e8d82c2e4699134daba94b84e1d2706f0b2dec6f36059,5.53
191,191,dafcc1d918728d917a4e0fe0f2fe2b11945ada14ef4e45a162f0725e9873311d,5.56
192,192,f47c6b1de46b859130de5b62e1de190105ca5bc429ceb02398b4985e0dfae7fc,5.59
193,193,96ef3930eb799291c2ce1f43e0de3881c59bb4c7099794335ab067463d23a2be,5.62
194,194,8ecdb1a16d2971b98b0e3960875a34d04a9b30b95bb4a42c6ae5ad4db5bb4e97,5.65
195,195,cb49a25425305534da93b4cf211b444cdb78a6e759b4f56ba0586ff292ad4abb,5.68
196,196,e697ec3e8856196d62c9d6cba5962d3e526782495cd1f5b2a264408dbd586aa7,5.71
197,197,b90b7b85d693c52da9470ad7739cf7a1856bab560ab555a1b542aa5062a1782f,5.74
198,198,a25b0163f57b75ed61b70fd03e45c1d217685d2ddd832227dfe1b303c0179113,5.77
199,199,fc47f87ec04780de83c78f70ff43fe5a0053055c3d43ff12fd03f00e17fc8004,5.8
200,200,781ff8076067e3e34f735ff03b0cf37cc24786c307902c918da618adf02bd554,5.83
201,201,9c07b807307723f085f88ff03d0e697dca4fd2d3e7c9e2d30ea7980662a13c4e,5.85
202,202,0e03f833b8f37ab8c3f89ec03c0e2da1686713e3fb58e2d3cd26e056ceb18346,5.88
203,203,4e0b1c3abf7a693c63f8cec596ceeca188271da1b97802d31d26e0567eb1c346,5.91
204,204,060f4db89e1a31bc63f8cb4d72cdfe01c2f5ddb1d96886d31943201638b17fc6,5.94
205,205,a20fc33cde1e10bcb5b8096b13cd370322f47eb1f9e8eed1dd43841e18b10fd2,5.97
