0,100,b2dc9c1b616c994787bc16a51edcda89c20b855627b6bff8768b21450b44bf86,0.000
1,100,b6d8981b436e994705bc12815edcdaa1f2499556afb6bff86e8b21050f54b386,0.033
2,100,b6da189b616e894705be12815edc5aa1d2499556afb6bff8668ba1052f54b386,0.067
3,100,a6da98dae46e894704be16855fdc1aa1d20995562ff69fe866aba1452f549386,0.100
4,100,a6da98dae47e8947043e16855fdc3aa9d20995562fe69ff866aba044af449386,0.133
5,100,b6da98daee7e1947853e16855fd01aa9d20995562de69ff8768b20442f449786,0.167
6,100,a7fa98daee7e9047853e16a51ed01aa9da09955625e69ff8768b20450f44b786,0.200
7,100,a7fa98daef7e9047853e12a51ef01aa9d209955625e69ff8768b20450f44b786,0.233
8,100,a7da98daef7e9067853e16a55ed01aa9da09955625e69ff8668b20440f44b786,0.267
9,100,a6da98daef7e9167853e16855fd03aa9d20995562de69ff8668b20448f449386,0.300
10,100,a6da98daef7e9947843e16855fd83aa9d20995562de69ff8668b20448f449386,0.333
11,100,a6da18dae77e8947843e12855fdc7aa1d20995562ff69ff8668b20448f449b86,0.367
12,100,a6da18dae76e894704be12855edc7aa1d2099556afb69ff8668b81442f549b86,0.400
13,100,b6da18dae72e894704be12855edc7aa1d2099556afb69fe8668b81452f549b86,0.433
14,100,b6da18dae72e894704be12855edc5aa1d2499556a7b6bff8668b81052f549b86,0.467
15,100,b6da981ae72e894704be12855edcda81f249955627b6bff86e8b01052f54db86,0.500
16,100,b6da981be72e894701bc12855edcda81f249955627b6bff86e8b01052f54db86,0.533
17,100,b2dc981be12e894781bc92855edcda81f24b955627b6bff86e8b01052d54dbc6,0.567
18,100,b2dc981be12e894783bc92855edcda89f20b855627b6bff86e8b01052d44dfc6,0.600
19,100,92dc981be12e994783bc92855edcda89f20b855625b6bff87e8b01052d44dfc6,0.633
20,100,92dc981bf92e884783bc92a51edcda89f20b8556a5b6bff87a8b01452544dfc6,0.667
21,100,92dc9c1bf92e884783bc92a51edcda89f00b8556a5b6dff83a8b81452544dfc6,0.700
22,100,92dc9c1bf92e8847c3bc92851edcda89f00b8556a5b6dff83a8b81452544dfc6,0.733
23,100,92dc9c1bf92e894783bc92851edcda89f00b8556a5b6dff83a8b81452544dfc6,0.767
24,100,92dc9c1bf12e994783bc92851edcda89f04b8556a5b6dff83a8b81052544dfc6,0.800
25,100,92dc981bf12e894783bc92950edcdb89f04b855627b6dff83acb81052544dfc6,0.833
26,100,92dc981be12e994783bc92910edcda89f04b855627b6dff87acb81052554dfc6,0.867
27,100,92dc981be12e894783bc92910edcdb89f04b855627b6dff87acb81052554dfc6,0.900
28,100,92dc981be12e994783bc92950edcda89f04b855627b6dff83acb81052554dfc6,0.933
29,100,92dc981be12e994783bc92850edcdb89f04b855627b6dff83acb81452564df86,0.967
30,100,92dc981bf12e994783bc92850edcdb89f04b855627b6dff83a8b81452564df86,1.000
31,100,92dc981be12e994783bc92850edcdb89f04b855627b6dff83a8b81452574df86,1.033
32,100,92dc981be12e894783bc92950edcdb89f04b855627b6dff83a8b81052574dfc6,1.067
33,100,92dc981be52e894783bc92950edcda89f24b855627b6dff83a8b81052554dfc6,1.100
34,100,92dc981be52e894783bc92b50edcda89f24b855627b6dff82a8b81052554dfc6,1.133
35,100,92dc981ba52e894783bc92b50edcdb89f24b855627b6dff82a8b81052554dfc6,1.167
36,100,92dc981fe52e894783bc92a10edcdb89f04b855627b6dff82a8b81052574dfc6,1.200
37,100,92dc981fa42e894787bc92814fdccb89f14b855627b6dff82a8b81452574df86,1.233
38,100,12dc881fb42e894787bc92814fdcdb89f14b855627b6dff82a8b81452574df86,1.267
39,100,12dc8c0ff42e894787bc9a814fdccb89714b855627b6dff82a8b81452574df86,1.300
40,100,125cc80ff42e894787bc9a854fdccb89734b855627b6dff82a8b81452574db86,1.333
41,100,125cc80ff42e084783bcba854fdccb897b4b955627b6dff82a8b814525745bc6,1.367
42,100,125cc80fb42e4047c3bc9a854fdccb89790b955627b6dff82acb81452574dfc6,1.400
43,100,135a8c0ef62f4147c3b49a856fd84b89690b955605b6dff82acb8145a574dfc6,1.433
44,100,125a8c4ef72f4967e3b49a856fd80ba16909955601b6dffc2acb8105a5745fc6,1.467
45,100,425a8c4ef72f4126e3b89a856fd82ba56929955600bedbfc2bcb9105a5545fc6,1.500
46,100,125ecc4ee52e492763b8da812bd82ba56929d55200bedbfcabcb9105a5547fc6,1.533
47,100,525e4d4ee527482760b89ac12bdc2ba56929d55600bedbfcabcb9005e5547fc6,1.567
48,100,42de0d4e672f082360ba9ac52bfc29a56929955600b6dbfcabcbd045e564bfc6,1.600
49,100,62de0d4e672f202364fa1a950bfcade12929955610b6dafc6aebd005e5743fc2,1.633
50,100,625e094e772f102364ba1a8543fcade12d29955650b6dafc6aebd005e574bfc2,1.667
51,100,6adf094ea72b300764ba1a854bfcade12da9955600b65afc6aebd0252574bfc2,1.700
52,100,6a9f094ba72b300764b21a814efcbde13fa9855600b67efc6aebd0250574bfc2,1.733
53,100,6a9b0b4ba72b3425e4b21a810f78b5c4beada45202b2fefc6e6fd0250574bfc2,1.767
54,100,4abb1b4ba7abb4a5c4ba1ae18f78b5459fad941212b2bafc6b6b50210574b6c2,1.800
55,100,4a2f1b4bc52334a5dcba3ae1caf8b565cfa9941252b2eafc6b6b10214574b7c2,1.833
56,100,422b2b4b852b12a1dc3a3279cafc7544dead9416f2b2faf86f6b10215574b7c2,1.867
57,100,40232b4bc10b12a1deba62398b7cf540d6ad9417527abff8ef0b6031d574f7c2,1.900
58,100,80a32b49c94350a19eba60298b7c6541dfad5217527aafb8ef2f6031d574ffc2,1.933
59,100,a0a36bc99963f0a19fba62298a7c6d017fa5021fd61a2fb96f2f2031957477c2,1.967
60,100,c0a3e6c9bd63f0a91eba62392efc6d013ba5821f569aafb92b6f2011357463c2,2.000
61,100,d0a3edc90963f0a956bae0b928fc894133a5429f53daefb8bbcf009155746bc2,2.033
62,100,b0a3cfc9186354e976b868391afc914037a5489f52dadfb93fce8491157447d2,2.067
63,100,64a3cfc910639d297eb848199afc915175a4ca97d2dabfe93fcec09314744552,2.100
64,100,7423c7d900638d795e9cca18bafc9d5135a4889f52da3fe96fcec0931474c51a,2.133
65,100,3f23a7d801738f78769cca18a2ec8151f5a488976ada3be9efce80933474cd1a,2.167
66,100,2f6302f860539778769f4218206c9151e5e40a97eeda3fe9efce801b74f4d51a,2.200
67,100,2f6302f84053b778668f02d8286d9511d5e440b6efd23fe9efce501b76d4951a,2.233
68,100,076380d8c053b758448fb2dc686d9701d5e43aa6ef5a3fe8cfce121b1edc951a,2.267
69,100,c5738098d843bd58c08fb2dca82fb7d1d5e42226cf523de8c7cea21b4adc955a,2.300
70,100,c172f01cdc431dd8508fbadca86f03b155643ab6cf523de9d7cf201b4adc055a,2.333
71,100,7872f01d5e420dcc408ffadc886f03b155746a369f7235e9d5ef60134adca54a,2.367
72,100,7472301f1fc201cec08ffedc886b03b115746ab69f7265e9d5e760038bdce54a,2.400
73,100,707ab41f8fc2614ef0c7fefca86b02b111547ab6bf7265e99427602329dc854a,2.433
74,100,7c5a341b8ec2414efc47f6fca86b27b131547e36bf7255e91427602329dc9542,2.467
75,100,7e5a3d1abec2e14efc47fe7c086b8fb131547e362a7255e91427a0232b8c9542,2.500
76,100,7e523f1a9fc2e14efc47be7c006b8db19154df162eb2c57914a780232f8c9546,2.533
77,100,5e503f1a9fe2e14e7e433e3c416b8db1d154df162a9ac57954a782230f9c9546,2.567
78,100,5ed80f4a97e0214e3f63163c416ba9b9f5d4df1e2a9ac57954a78223cb9c9446,2.600
79,100,1ef8434a82e2e16e3d63063c414be9b9f59cff1e239ac17954a7e213eb9c1446,2.633
80,100,16f8435a90e2e12f1d63023cc14be9b9f59e7f1e229ad07974a7a293fb9c3046,2.667
81,100,94f8c35ab0e7c82f3d63023dc10b79b9f59e7f5e219a506970272a93eb1c3846,2.700
82,100,94f8c35bf4e7d82f3d23823dc10b78b93d963f5e219b106970272a93ab1c3856,2.733
83,100,94a9431fbc679e0f3d82c23df98b3cb917c61f5e219b104914272a938b5c3e76,2.767
84,100,d4296303bc27cf07b582c2bdfdcb3eb907c6135aa15b90490aa78ad38d5c2e76,2.800
85,100,16a97b03bda3c70715c2c2bd7bc11eb886c6d34aa15bd0494aa7e3d3cd5c3472,2.833
86,100,16bb5b032da3478571c242bd7bc91efc82c6d14ba15bd0494aa763d1cd5c74f2,2.867
87,100,d0bb5b83ada3c39471d852bd79c80efc82c6d14ba91b50490aa76bf18d5c74f2,2.900
88,100,d0b97bc1ade2c79478d8103d7bc086fcc246704b291b9c094aa7ebf18d5c74f6,2.933
89,100,dcb97bc1acf2d69478da3e3d6f40066ce246714b2d1b14090aa7a7f10d5c74b6,2.967
90,100,7c897ad1acf2769c385e1e3def40066ce206314b2d1996094fa5a7f19d5c7496,3.000
91,100,0c892af1a4fad69c385e8e3deb40a42ce306357bad8997c94ba5a7f1955c6496,3.033
92,100,8e8902f0a47ed68c185e862debc2a52dfb06157bcd89d7c9cba5a1f1955c6496,3.067
93,100,8f89c2fba45ed28c485ea72cf3c0212ffb86157bc789d6e95aa5a0f0955c6096,3.100
94,100,c7c8f2fba05ed28d484eaf0473c0352f9b871d7bc789d6e95aa5a0f01c4c6896,3.133
95,100,47e8727ba90f538f4b46af2451e024279a871d7bc6a972e95aa528f81c4c6dd6,3.167
96,100,47e9706f8907578f4b47a7a411f22c279a870d7bc6a932ed5ab52878944c6dc6,3.200
97,100,41e9706f8d07578f4bc3a7a410f22c27ce872c7bc6a972ec5a34ac78944cedc6,3.233
98,100,406f782f8d0347cd49c2a5a410f2ac27d687647bf6a972ec1a34ac78974cefc6,3.267
99,100,c86f782f8f03e5ed4ac0a52490f3cc038687687bf6a97aec1a34ae38954cef86,3.300
100,100,c86d7c239f03e5e850e0ad64b0b3cc13a687ea7a26a97aec3a348b30b54cdfa6,3.333
101,100,d9617d231f81c5e934e22d7cb4b3dc132786f2fa260932ec2a3e8f30a54c5ba6,3.367
102,100,9b656d231fe385e934f2283cb4b3de136786f2d22f0912ec2b3e8fb0454c13a6,3.400
103,100,9b656d6307e381edf47b1a3db5339e134f86b2d01b0992acc93e87b0c54c13a6,3.433
104,100,9b50cd6325f3c0edf42b1a1cf7339e134f86b0d05909b3acc91ea7b4c54c31e6,3.467
105,100,db50cd6b25b3d0adf42b1e18cf8196934bc621f298096dacd81665b5d44e3de6,3.500
106,100,4b1ccc6b7433daad7e211f9dcb8121d34bd221fa9c0965ac101625b7d4ce7e66,3.533
107,100,cd1ee4abb4339a954fa1039de1e130d3d97aa07a9c0d67a4b0162783b2d6fe26,3.567
108,100,e50c66ab35335a94cbe920dce0e13cd31c7aa47e960d47a4b056db8393d65f26,3.600
109,100,a5cc32c19e3b5ad4686930dcb8611e538e5ee91e170d6be53056cf4329d67b26,3.633
110,100,b5ccd2c49e3bcbd86849341c9e680f13c30fe906370963e53076cd5329d6bd6e,3.667
111,100,adc4e2c45e79e9d86c4b2c2c962cc321630ff987358981e5b0369d5b65f6b44e,3.700
112,100,aded00741e7a63d87d4bbf2c9524e321610f79873da390e5e036165b47f4344e,3.733
113,100,d5a8e064fe3243993dc79f2fd584d125398f9dc50cb380a5ea36375b43e4304e,3.767
114,100,f2a76324bf34839ba1c7172b4c8458852cae9ecdc6b362a5fa36375a93e4604e,3.800
115,100,b0974ae51db6c1dbe0c3966b648468152f76b6e9e6f22a153a161ddb91e6604e,3.833
116,100,a4b71a29bd3660db78c3933914c1a0540d72db6952723fc09f96c5dbd0e7646e,3.867
117,100,f2b71a598536a45b7ce18b39c0c1a05445be6969697b8dc8b7c664db3827f826,3.900
118,100,c1276bc9c234b6537cc92b397809b65494b63dad203995c837c6675b3e27c936,3.933
119,100,95ad2dc8413cb653d4c9a7396c091a54c6d69c3ce0b1cdc0f2e683593f276db6,3.967
120,100,5ead3ec9418d3b51dbc987b90c8d3b5443561e1e66394df07064c3d99e2364b6,4.000
121,100,9f4db685918d3a5059c8d6b1948db76ccb563b1ea63d3c706864c959de2390b6,4.033
122,100,9f58c6e7970d2c655b5842e954a9a56c4f56bb1e861d3e306064cb59de2398b6,4.067
123,100,fb5842e697082825f9584ae555a9e7ec5d46f31e9f08343061ec6f19ce0b9a3e,4.100
124,100,a3724be7951a3ca5a1780ad5b0a126ed59c6c30e9f0cb43321ec6719cf0b7a7e,4.133
125,100,a570cb87971a5ca5a5780a51b0312ee579e6c3c69f8d943331ec67191f0b2e7c,4.167
126,100,6530ca872e5ad8a585785a5a90731ee570e4c1c6df8d94b3b1ec4789b70f876c,4.200
127,100,6570f18f6a5af0a50778d85b827b3ce160e449c65f0998b370ec5581f70f8f6c,4.233
128,100,4df0270b7a52a08d6f68c81f067a3ce120e66bc64e1998f362ec7d81e787db6c,4.267
129,100,90e9250bf85a229d6d28e11f8f72b22da0e623c64e1938720aec7fc10fa77fec,4.300
130,100,d0e1072dd84b929f3ca9e11f4f78da3d90a72306cf09a8720aec1fc10ea777ec,4.333
131,100,d2c7262dc84b0b9e3ca9218d6f394a3dd82723864f09e432ca7cf3d10eb337ec,4.367
132,100,80d736a5e06b8f5c58c5908da5892f1fd827218615992533297c7fd0aab3f7ec,4.400
133,100,c9431e96302fa77a6c654ac551e9f70f4c23e0d2d8c9d01b8d3ca5594ab2f3ec,4.433
134,100,65eb8f12d8b793bab5632e6458e1b3892e23b65278c9721fc03c87490a9a73ec,4.467
135,100,21e9af52689f4b9057a3a63668e0d38d43b197729d69920ff99ed549081a5bce,4.500
136,100,d3e59603344b2bd8d393b63638f0b58c61b1c532dde9860779a6f549283b6c4e,4.533
137,100,cbe5ca31144aedd8db93963ed8f0bcdc3891f032ffe184073ba6d40d8b23c04e,4.567
138,100,ed806a35362d2dc8eb8b6f3a4e709c5c3a993c32ffe184036ae6d40d2bb3c84e,4.600
139,100,e5806a35162db4e8f58b273847708d4c9ed93e32ffe1a4436af6d4092fb3c886,4.633
140,100,f5986913122594e8db8935384728854c8749bf1affc1b463eaf6d409efb39887,4.667
141,100,749869131a34dee4da8d59b8632dc56c87497bf87fc154632af654194fb3008f,4.700
142,100,34d8a9122a348fe4588d7bb863a5c5ec01497bf87fc955636af645196fb3008f,4.733
143,100,b4c98d1aa2748fe4d88d7bb860a5c5ec214d7ff87f89056b2af605196fb3001d,4.767
144,100,d4c9951bc4708fe4dcce7bf860b595e4000d1ff87fa9856b6ab6a519c3b30219,4.800
145,100,d0cd1b1bc7706fe44c4e7ef860b7b0e4000d5ff85ead856baab6b419c3a34219,4.833
146,100,40cd4b1f87706b660c4e3e58a8b792a4006c7ff87eadd56b7ab6f11973834219,4.867
147,100,28cd081da1702366856ebf5aa8369a26c06c7ff87ead95637ab69b1971cb4a19,4.900
148,100,2ccd001da1f063268f6ebd5acab2de26c0ec7ff076ad3d6352b49f1921cb4a09,4.933
149,100,20cd4098a1f263269f6cf55acbb25c26c0fc7ff062ad3f63d2b4b919a1cb5c09,4.967
150,100,208dd3b833b2c2261f64855a5bb2c0260ffc7ff426ad7f6306acd8112fcbcc69,5.000
151,100,210c1bf8e3b303a61f2c055a5f3348e66ffc7fd422adb7430eac90116fcb9469,5.033
152,100,894cbff8c7335a863d2c055a4a3318e46ffc3fd420a9be431e2c1111efcec569,5.067
153,100,b9d8f3b9c3236a063d2c4552407338e47ff8aed62029be4798ac41117fced569,5.100
154,100,9bd847b14b036a162feca513e07638f4fff8aa1691298e075aed45037bce0569,5.133
155,100,fbd843b3eb13aa94b5ccc11bf0763df4df78a816d1294c0652e901037bcf0569,5.167
156,100,71d9cba372139bbc3419c1527c76fff4ff58e116f101480642e90103f2ef9569,5.200
157,100,e1d3f823ce13bbbc9599d55a5df67ff49f50e016b501402688e9e0030aaf9969,5.233
158,100,f9d32e23b9921efcf199d65a7df62ff4bd5240163301483620a1a007efaf9829,5.267
159,100,f9d3ae030fdadcdcc399567aefd22ff4b55260963d0100762e21a007ffad4821,5.300
160,100,5ec1d7a3e7dafe5ce98d177ae7daa7f4d54610563c01c076622190037eacaa01,5.333
161,100,8f6156e9ffeb5e5c2c8d1f39fdfad7f4fc4600568501c0166b2100435eecb301,5.367
162,100,c170f7e93fbb1f4ea5ecdfa95dfa5fb428478057a4017116292181434afc9149,5.400
163,100,6170f77a1bb9cf4ee7acdead4dfa5fb4a00784539101511615a1a14362ecf949,5.433
164,100,6378755a1bbbc647e3ecfead4cfa5fa5800784439141511ebda18017efeca049,5.467
165,100,60f43dde1bafe2cfffe4fead4ffb7e25800784419041559699a18054cdec2049,5.500
166,100,70f43d5e3fabc287e7e4f8ad5afb4e058007c541524155defd018414ffec6049,5.533
167,100,f1f43f1e31ebc787e6642bad1efbc025820781435251d5fe5b218414bfec6449,5.567
168,100,e1b43f1631e3d787e66463ad3e9bc0218a0791534ed1d5fed401a4343fecc459,5.600
169,100,e1ec3d963143878ff6e4632d7e93c0218aa5a153dcd1f5feda0134342fec9051,5.633
170,100,cbec3d1673431d0be7c4432df6938001aaa5e953ded9ddfed0014db49fec2011,5.667
171,100,9bccf1162dc6514b85e4e36c78b38003caa5e353fcd1dffed01347343fec2011,5.700
172,100,3fc8cb2c3dc6d34b95e5fa6470b30003aaa5ca4371d1fffc7013cf341fec2011,5.733
173,100,ddd8baac6d8696431d61f6e4712b9003aa29e205e9d1fffce0139f341fcc2231,5.767
174,100,dbd9a0edcb8604c3996365c4423f30030229ca25ebd1fffce013cfb41fdc6731,5.800
175,100,97b10ccde9274cc7856305c4e22f500324a9ca25e9d17ffce013cfb43ffcc331,5.833
176,100,12e114d96a274c860663b564e27670032ea1b625ebd17ffcc0139ff43ffcd131,5.867
177,100,02e1c0dda22748868673f56cea3638039e91bea5ebd03dfcc01b8ff0bffc4914,5.900
178,100,b069580db627e9b2d6737d2c84160903cfd9daad0dd01d7cc01be3f4f5fc0907,5.933
179,100,36394f0d37279bb2067b092d0496a9836ff96a2d45f09d6cc00f7a74b5fe8047,5.967
180,100,a7394b8d27e1d1b2e45b01ade496bac13df83a2ce5fcd66c40073a74955ec047,6.000
181,100,f318f18d3c6158b06c5bb18d4ed65b494ff89a2ced94562e40079f76dd3e0143,6.033
182,100,3bd848edce70839c6f5a93ed4af63369e5fca00e29d43226c083b7f27d962043,6.067
183,100,925e686df776918c3c4a916d4c36b929fcac5207ccd2aa46ea8367da3f962053,6.100
184,100,1a562d2522b699cfec63e7256e9637c8dea422c7bff2314679f19758991e0003,6.133
185,100,a256b12074b6dec27e63b3a9d896abd8c8e66277fd7ad513fdb94458c00f0003,6.167
186,100,7a57997846b6cb58e537f019dcd6265ab5272713bd58c70b93f9024c702fc803,6.200
187,100,0e1ae158f4be3b599d0e17890ffe035ad9275e903dd844cf38e9cc0eb62784a3,6.233
188,100,965ef1d83ca64ad1ed6e66ad786eb54b3d234eb03258842f7a214f0e63a39891,6.267
189,100,8c3ed2c97c6686e1f94e34819a24cf11c5a342b4e25dd9277fa13986c6f3b991,6.300
190,100,be3483c92866c5b1f86e8d82c2fc6d9134fab894b84e1d270ef0b2dec6f36059,6.333
191,100,dafcc1d918720d91724e8fe0f2fe3b11945ada14ef4e45a162f0725e9873311d,6.367
192,100,e47c4b1de4638591e0ce5be2e1de1b0105ca5bc469ceb02398b4985e0dfae7fc,6.400
193,100,96ef3930cb799299c2ce3f07e0de3ca1c58bb487099694335ab067463d23a2be,6.433
194,100,9ecda1a14d2971b98b0e3160871a34d04e9b30bd5bb4a46c6ae5ad4db5bb4e97,6.467
195,100,cb49a2542d305734da93a0cf251b4c5cdbf8a4c759b6b54ba0586ff290ad4abb,6.500
196,100,e696cd3a8156116d62c9d6cba5962d3e526782495cd1f536a264548dbd587aa7,6.533
197,100,b90b7b95d693c52da9470ad773bcf7a18d6baa560ab555a1b542aa5042a1702f,6.567
198,96,a2491163f57b7dede1b70fd03a45c1d23768dd2dfb83022fdfe1320380179113,6.600
199,100,ec57e07ec14f81de87c79f70ff43fc5a00430d5c3d43ff12fd03a00e17fc8004,6.633
200,100,f81ff007e067e3e24f721ff07b0df37c864786c327902c918da618adf02bc554,6.667
201,100,bc07380770f727f085f88fd0390f6965da4fd2d3e7c9e2d30ea7980642a13c4e,6.700
202,100,0c03f833b8f37abcc3f89e803c0e6da1486733e3fb58e2d3cd26e0d64eb18346,6.733
203,100,4e0b1c3abf78613c63f8ce8596cfeca188671da1b97802d35d26e2567cb1c346,6.767
204,100,061f4d389c1a31bc63f84a4f72cdfe01c2f5ddb1b97806d31943221678b17fc6,6.800
205,100,a20fcb3c9c1e30bcb5e8094b13cd370362f4fcb1f968ee91dd43a41e18b11fc6,6.833
